65

    0     30     28     45     24   1182   1201   1194   1162    871    849   1577   1597   1587   1614    391    348   1627    448    449    820    821   1753   1766   1704   1723   1715   1454   1448   1520   1477    587    616    592    611    601    274   1442   1420   1420   1399   1619    496    539   1173   1400   1381   1374   1335    412   1883   1140   1118   1143   1383   1405    163    631    349    338    372    375    314   1311   1280  
   30      0     58     60      8   1210   1229   1222   1190    878    856   1601   1622   1615   1642    399    356   1653    476    477    840    842   1772   1785   1724   1742   1734   1479   1474   1546   1502    607    635    611    631    620    299   1470   1448   1448   1426   1647    521    563   1192   1424   1405   1399   1359    440   1908   1168   1145   1169   1412   1435    191    660    361    352    387    388    328   1341   1310  
   28     58      0     43     51   1158   1176   1170   1138    863    841   1552   1573   1560   1587    382    340   1602    421    423    800    801   1733   1745   1684   1703   1695   1429   1424   1496   1452    567    596    573    591    582    250   1415   1394   1393   1372   1593    472    515   1153   1377   1357   1351   1311    386   1859   1114   1092   1117   1356   1378    137    603    336    323    357    362    300   1284   1253  
   45     60     43      0     53   1187   1204   1198   1166    827    805   1543   1564   1562   1589    347    304   1596    425    423    780    782   1713   1726   1665   1683   1675   1422   1416   1489   1445    548    576    551    572    561    242   1417   1394   1395   1372   1593    464    504   1132   1365   1346   1340   1301    387   1850   1113   1091   1114   1375   1398    141    615    305    295    329    332    270   1295   1263  
   24      8     51     53      0   1205   1224   1217   1185    873    851   1594   1615   1608   1635    394    351   1646    469    470    833    835   1766   1779   1718   1736   1728   1472   1467   1539   1495    601    628    604    625    613    292   1463   1441   1441   1419   1640    514    556   1185   1417   1398   1392   1352    433   1901   1160   1138   1162   1406   1429    184    653    355    346    381    383    322   1334   1303  
 1182   1210   1158   1187   1205      0     41     32     39   1575   1562   1324   1322   1026   1055   1291   1279   1265    884    911   1189   1172   1752   1759   1713   1729   1725   1187   1196   1230   1201   1110   1150   1151   1121   1159   1049    949    968    950    961   1096    980   1010   1376   1278   1244   1233   1192    928   1534    877    873    927    428    415   1067    697   1226   1193   1186   1223   1194    606    628  
 1201   1229   1176   1204   1224     41      0     10     39   1571   1559   1293   1291    990   1018   1298   1287   1231    890    916   1180   1163   1724   1732   1686   1702   1698   1157   1166   1198   1171   1109   1147   1150   1118   1157   1060    916    935    917    928   1060    983   1011   1358   1251   1217   1206   1165    934   1499    852    849    903    388    374   1082    699   1233   1200   1192   1229   1202    570    594  
 1194   1222   1170   1198   1217     32     10      0     33   1569   1557   1298   1296    997   1025   1294   1282   1237    886    912   1179   1162   1729   1736   1690   1706   1702   1162   1171   1203   1176   1106   1145   1148   1116   1155   1055    922    941    923    934   1067    980   1008   1359   1255   1221   1210   1169    930   1506    856    852    906    397    383   1076    696   1229   1196   1188   1225   1198    577    600  
 1162   1190   1138   1166   1185     39     39     33      0   1540   1528   1288   1287    995   1024   1262   1251   1230    854    881   1153   1136   1715   1722   1676   1692   1688   1151   1160   1194   1165   1077   1116   1118   1087   1125   1023    916    934    916    926   1064    949    978   1338   1241   1207   1196   1154    899   1501    839    835    889    406    395   1044    665   1197   1164   1157   1194   1166    573    594  
  871    878    863    827    873   1575   1571   1569   1540      0     23   1126   1154   1359   1373    481    524   1237    752    720    425    443   1075   1089   1032   1047   1039   1067   1053   1121   1086    473    430    433    459    424    701   1230   1189   1203   1169   1351    625    581    568    929    932    932    916    724   1405    955    938    918   1529   1567    794    889    532    554    529    510    574   1325   1277  
  849    856    841    805    851   1562   1559   1557   1528     23      0   1133   1162   1361   1376    459    502   1243    734    703    420    438   1091   1104   1047   1063   1055   1072   1059   1127   1091    458    416    418    444    409    681   1230   1191   1203   1170   1354    608    565    578    937    938    938    921    706   1415    953    936    916   1522   1560    773    874    511    533    508    489    552   1320   1272  
 1577   1601   1552   1543   1594   1324   1293   1298   1288   1126   1133      0     30    410    401   1314   1343    139   1152   1141    814    804    472    475    448    459    458    144    141     95    126   1015   1003   1027    995   1022   1303    397    366    387    368    352   1081   1040    560    199    205    209    244   1176    308    505    521    475    984   1022   1418   1051   1302   1290   1255   1275   1313    737    704  
 1597   1622   1573   1564   1615   1322   1291   1296   1287   1154   1162     30      0    392    381   1338   1367    113   1171   1160    839    829    488    491    466    477    476    154    154     95    133   1038   1027   1051   1019   1046   1324    388    360    380    364    331   1102   1061    589    226    231    234    267   1195    287    515    532    487    976   1014   1438   1066   1325   1313   1278   1298   1336    731    700  
 1587   1615   1560   1562   1608   1026    990    997    995   1359   1361    410    392      0     31   1413   1433    291   1140   1139    968    952    879    882    857    868    867    346    363    333    340   1106   1110   1132   1093   1130   1324    147    177    171    199     73   1113   1089    844    511    488    482    475   1176    519    458    480    472    632    664   1424    978   1382   1362   1331   1359   1381    424    412  
 1614   1642   1587   1589   1635   1055   1018   1025   1024   1373   1376    401    381     31      0   1436   1456    276   1167   1166    986    971    868    869    847    857    856    347    364    329    339   1128   1132   1153   1115   1151   1350    172    199    195    221     52   1138   1113    853    513    492    486    482   1202    495    481    504    494    658    690   1451   1007   1405   1385   1354   1382   1405    453    442  
  391    399    382    347    394   1291   1298   1294   1262    481    459   1314   1338   1413   1436      0     43   1389    409    384    505    513   1416   1429   1369   1386   1378   1209   1201   1275   1232    309    313    289    325    293    264   1268   1237   1243   1215   1430    339    340    838   1122   1110   1105   1072    364   1619    957    935    943   1372   1403    326    610     69    102    107     69    110   1232   1191  
  348    356    340    304    351   1279   1287   1282   1251    524    502   1343   1367   1433   1456     43      0   1416    400    377    538    545   1455   1468   1407   1425   1416   1237   1229   1302   1260    333    341    317    350    322    240   1287   1257   1262   1235   1451    343    351    876   1153   1140   1135   1101    354   1650    976    954    964   1373   1403    290    605     57     88    107     74     86   1240   1200  
 1627   1653   1602   1596   1646   1265   1231   1237   1230   1237   1243    139    113    291    276   1389   1416      0   1191   1183    899    887    593    594    574    583    583    181    190    118    158   1084   1077   1101   1066   1097   1355    316    298    315    308    225   1133   1096    679    312    306    306    327   1220    283    509    529    492    899    935   1466   1069   1371   1357   1323   1345   1379    664    637  
  448    476    421    425    469    884    890    886    854    752    734   1152   1171   1140   1167    409    400   1191      0     32    492    485   1388   1400   1340   1358   1351   1022   1019   1089   1046    292    338    326    314    337    198    995    974    973    952   1173    132    186    828    989    965    958    915     47   1456    696    673    702    984   1013    285    209    345    312    303    340    317    878    844  
  449    477    423    423    470    911    916    912    881    720    703   1141   1160   1139   1166    384    377   1183     32      0    465    459   1367   1379   1319   1338   1330   1013   1009   1079   1036    262    307    295    284    306    189    994    972    972    950   1171    102    156    805    974    952    944    902     37   1446    692    669    695   1001   1030    286    228    322    290    278    315    296    888    853  
  820    840    800    780    833   1189   1180   1179   1153    425    420    814    839    968    986    505    538    899    492    465      0     19    933    946    885    903    895    719    709    782    742    234    206    230    210    222    561    830    793    803    771    971    369    313    354    620    609    606    575    489   1118    539    520    507   1108   1146    680    545    503    498    462    474    522    901    853  
  821    842    801    782    835   1172   1163   1162   1136    443    438    804    829    952    971    513    545    887    485    459     19      0    932    945    884    902    894    707    697    770    729    235    209    234    211    226    560    814    777    787    755    956    364    308    354    610    599    595    564    483   1108    521    503    490   1089   1128    680    532    508    503    466    480    527    883    835  
 1753   1772   1733   1713   1766   1752   1724   1729   1715   1075   1091    472    488    879    868   1416   1455    593   1388   1367    933    932      0     14     49     31     39    581    569    560    574   1167   1138   1162   1143   1153   1491    863    828    850    826    817   1283   1231    582    475    509    520    563   1398    518    882    891    836   1444   1483   1611   1349   1427   1427   1391   1399   1452   1191   1153  
 1766   1785   1745   1726   1779   1759   1732   1736   1722   1089   1104    475    491    882    869   1429   1468    594   1400   1379    946    945     14      0     62     44     52    587    574    564    579   1179   1151   1175   1155   1166   1503    867    833    854    831    819   1296   1243    594    483    517    528    571   1410    513    891    899    845   1449   1488   1623   1360   1440   1440   1403   1411   1464   1196   1158  
 1704   1724   1684   1665   1718   1713   1686   1690   1676   1032   1047    448    466    857    847   1369   1407    574   1340   1319    885    884     49     62      0     19     13    550    537    533    544   1118   1090   1114   1094   1105   1442    834    798    820    795    797   1235   1183    533    436    470    481    523   1349    523    841    849    795   1411   1451   1562   1302   1379   1379   1342   1351   1403   1157   1118  
 1723   1742   1703   1683   1736   1729   1702   1706   1692   1047   1063    459    477    868    857   1386   1425    583   1358   1338    903    902     31     44     19      0      9    563    550    545    557   1137   1108   1132   1112   1123   1461    847    811    833    809    807   1253   1201    552    452    486    497    539   1368    523    858    866    812   1425   1465   1581   1321   1397   1397   1360   1368   1421   1172   1133  
 1715   1734   1695   1675   1728   1725   1698   1702   1688   1039   1055    458    476    867    856   1378   1416    583   1351   1330    895    894     39     52     13      9      0    561    548    543    554   1129   1100   1124   1105   1115   1453    845    809    830    806    806   1246   1194    544    448    482    493    534   1361    527    853    861    807   1423   1462   1573   1314   1389   1389   1352   1360   1413   1169   1129  
 1454   1479   1429   1422   1472   1187   1157   1162   1151   1067   1072    144    154    346    347   1209   1237    181   1022   1013    719    707    581    587    550    563    561      0     17     67     24    905    897    921    887    917   1180    287    249    271    246    309    959    920    519    166    147    142    152   1049    435    361    378    334    863    902   1294    913   1192   1179   1144   1166   1201    611    574  
 1448   1474   1424   1416   1467   1196   1166   1171   1160   1053   1059    141    154    363    364   1201   1229    190   1019   1009    709    697    569    574    537    550    548     17      0     74     33    897    889    913    879    908   1175    302    264    285    259    325    953    914    504    150    131    127    138   1044    438    364    380    334    876    915   1289    912   1184   1171   1136   1158   1193    623    585  
 1520   1546   1496   1489   1539   1230   1198   1203   1194   1121   1127     95     95    333    329   1275   1302    118   1089   1079    782    770    560    564    533    545    543     67     74      0     44    971    962    987    952    982   1247    304    272    293    274    284   1025    987    566    201    191    190    209   1115    369    423    441    398    891    929   1360    977   1258   1245   1210   1232   1267    642    609  
 1477   1502   1452   1445   1495   1201   1171   1176   1165   1086   1091    126    133    340    339   1232   1260    158   1046   1036    742    729    574    579    544    557    554     24     33     44      0    928    920    944    910    940   1204    291    255    277    253    298    982    944    535    177    161    158    171   1072    412    382    400    356    872    911   1317    935   1215   1202   1167   1189   1224    621    585  
  587    607    567    548    601   1110   1109   1106   1077    473    458   1015   1038   1106   1128    309    333   1084    292    262    234    235   1167   1179   1118   1137   1129    905    897    971    928      0     46     42     25     50    327    961    929    935    907   1121    161    110    588    828    813    808    772    276   1322    651    629    635   1116   1151    447    418    288    276    240    262    299    950    906  
  616    635    596    576    628   1150   1147   1145   1116    430    416   1003   1027   1110   1132    313    341   1077    338    307    206    209   1138   1151   1090   1108   1100    897    889    962    920     46      0     26     30     20    363    966    934    941    911   1123    206    155    557    813    799    795    760    320   1309    659    637    639   1144   1180    481    459    301    294    258    273    318    971    926  
  592    611    573    551    604   1151   1150   1148   1118    433    418   1027   1051   1132   1153    289    317   1101    326    295    230    234   1162   1175   1114   1132   1124    921    913    987    944     42     26      0     40     12    341    987    955    962    933   1145    195    148    582    838    824    820    785    306   1334    679    657    660   1155   1190    458    458    276    269    232    248    293    986    941  
  611    631    591    572    625   1121   1118   1116   1087    459    444    995   1019   1093   1115    325    350   1066    314    284    210    211   1143   1155   1094   1112   1105    887    879    952    910     25     30     40      0     43    352    948    916    923    894   1107    182    130    563    808    793    788    752    299   1302    639    618    621   1117   1152    472    431    307    297    261    280    320    946    902  
  601    620    582    561    613   1159   1157   1155   1125    424    409   1022   1046   1130   1151    293    322   1097    337    306    222    226   1153   1166   1105   1123   1115    917    908    982    940     50     20     12     43      0    351    986    953    960    931   1143    206    158    572    832    818    814    780    317   1328    678    656    658   1159   1195    469    467    283    277    240    255    301    988    943  
  274    299    250    242    292   1049   1060   1055   1023    701    681   1303   1324   1324   1350    264    240   1355    198    189    561    560   1491   1503   1442   1461   1453   1180   1175   1247   1204    327    363    341    352    351      0   1178   1155   1156   1133   1353    223    266    914   1127   1108   1101   1061    154   1610    873    850    873   1179   1206    121    404    195    164    177    206    155   1076   1041  
 1442   1470   1415   1417   1463    949    916    922    916   1230   1230    397    388    147    172   1268   1287    316    995    994    830    814    863    867    834    847    845    287    302    304    291    961    966    987    948    986   1178      0     44     27     62    183    967    942    737    439    410    401    383   1030    587    311    334    329    589    627   1279    837   1236   1215   1185   1213   1234    348    322  
 1420   1448   1394   1394   1441    968    935    941    934   1189   1191    366    360    177    199   1237   1257    298    974    972    793    777    828    833    798    811    809    249    264    272    255    929    934    955    916    953   1155     44      0     22     23    200    941    915    693    397    368    359    339   1008    575    284    306    296    619    657   1257    822   1207   1187   1156   1184   1206    372    342  
 1420   1448   1393   1395   1441    950    917    923    916   1203   1203    387    380    171    195   1243   1262    315    973    972    803    787    850    854    820    833    830    271    285    293    277    935    941    962    923    960   1156     27     22      0     35    202    943    918    711    418    389    380    360   1009    591    287    309    303    598    636   1257    818   1211   1191   1160   1189   1210    352    323  
 1399   1426   1372   1372   1419    961    928    934    926   1169   1170    368    364    199    221   1215   1235    308    952    950    771    755    826    831    795    809    806    246    259    274    253    907    911    933    894    931   1133     62     23     35      0    221    919    892    677    388    358    349    327    987    588    261    284    273    619    658   1236    802   1184   1165   1134   1162   1184    369    336  
 1619   1647   1593   1593   1640   1096   1060   1067   1064   1351   1354    352    331     73     52   1430   1451    225   1173   1171    971    956    817    819    797    807    806    309    325    284    298   1121   1123   1145   1107   1143   1353    183    200    202    221      0   1139   1111    821    474    455    450    449   1208    447    481    504    488    704    737   1456   1019   1401   1383   1351   1378   1402    492    478  
  496    521    472    464    514    980    983    980    949    625    608   1081   1102   1113   1138    339    343   1133    132    102    369    364   1283   1296   1235   1253   1246    959    953   1025    982    161    206    195    182    206    223    967    941    943    919   1139      0     56    714    907    886    880    839    121   1388    658    635    654   1034   1066    339    284    287    260    237    272    275    898    858  
  539    563    515    504    556   1010   1011   1008    978    581    565   1040   1061   1089   1113    340    351   1096    186    156    313    308   1231   1243   1183   1201   1194    920    914    987    944    110    155    148    130    158    266    942    915    918    892   1111     56      0    660    862    843    836    797    176   1347    632    609    624   1042   1075    385    314    297    274    245    278    292    893    852  
 1173   1192   1153   1132   1185   1376   1358   1359   1338    568    578    560    589    844    853    838    876    679    828    805    354    354    582    594    533    552    544    519    504    566    535    588    557    582    563    572    914    737    693    711    677    821    714    660      0    368    375    378    372    832    838    545    538    493   1185   1227   1034    831    847    846    809    818    870    940    891  
 1400   1424   1377   1365   1417   1278   1251   1255   1241    929    937    199    226    511    513   1122   1153    312    989    974    620    610    475    483    436    452    448    166    150    201    177    828    813    838    808    832   1127    439    397    418    388    474    907    862    368      0     35     45     89   1008    498    408    418    364    989   1029   1245    911   1113   1104   1068   1086   1127    733    691  
 1381   1405   1357   1346   1398   1244   1217   1221   1207    932    938    205    231    488    492   1110   1140    306    965    952    609    599    509    517    470    486    482    147    131    191    161    813    799    824    793    818   1108    410    368    389    358    455    886    843    375     35      0     11     56    986    510    375    384    331    955    996   1224    883   1099   1088   1053   1072   1111    699    657  
 1374   1399   1351   1340   1392   1233   1206   1210   1196    932    938    209    234    482    486   1105   1135    306    958    944    606    595    520    528    481    497    493    142    127    190    158    808    795    820    788    814   1101    401    359    380    349    450    880    836    378     45     11      0     46    979    515    364    374    321    945    986   1218    874   1094   1083   1048   1067   1106    689    647  
 1335   1359   1311   1301   1352   1192   1165   1169   1154    916    921    244    267    475    482   1072   1101    327    915    902    575    564    563    571    523    539    534    152    138    209    171    772    760    785    752    780   1061    383    339    360    327    449    839    797    372     89     56     46      0    937    551    320    330    276    911    952   1177    829   1059   1047   1012   1032   1070    655    612  
  412    440    386    387    433    928    934    930    899    724    706   1176   1195   1176   1202    364    354   1220     47     37    489    483   1398   1410   1349   1368   1361   1049   1044   1115   1072    276    320    306    299    317    154   1030   1008   1009    987   1208    121    176    832   1008    986    979    937      0   1481    728    706    732   1031   1059    250    256    299    267    259    296    271    922    887  
 1883   1908   1859   1850   1901   1534   1499   1506   1501   1405   1415    308    287    519    495   1619   1650    283   1456   1446   1118   1108    518    513    523    523    527    435    438    369    412   1322   1309   1334   1302   1328   1610    587    575    591    588    447   1388   1347    838    498    510    515    551   1481      0    787    806    765   1150   1183   1725   1345   1609   1598   1562   1582   1620    929    908  
 1140   1168   1114   1113   1160    877    852    856    839    955    953    505    515    458    481    957    976    509    696    692    539    521    882    891    841    858    853    361    364    423    382    651    659    679    639    678    873    311    284    287    261    481    658    632    545    408    375    364    320    728    787      0     23     53    641    683    977    560    925    905    874    903    924    397    348  
 1118   1145   1092   1091   1138    873    849    852    835    938    936    521    532    480    504    935    954    529    673    669    520    503    891    899    849    866    861    378    380    441    400    629    637    657    618    656    850    334    306    309    284    504    635    609    538    418    384    374    330    706    806     23      0     55    648    689    955    540    902    882    851    880    901    407    358  
 1143   1169   1117   1114   1162    927    903    906    889    918    916    475    487    472    494    943    964    492    702    695    507    490    836    845    795    812    807    334    334    398    356    635    639    660    621    658    873    329    296    303    273    488    654    624    493    364    331    321    276    732    765     53     55      0    693    735    980    580    914    895    863    890    915    447    399  
 1383   1412   1356   1375   1406    428    388    397    406   1529   1522    984    976    632    658   1372   1373    899    984   1001   1108   1089   1444   1449   1411   1425   1423    863    876    891    872   1116   1144   1155   1117   1159   1179    589    619    598    619    704   1034   1042   1185    989    955    945    911   1031   1150    641    648    693      0     42   1237    776   1317   1287   1268   1305   1296    257    301  
 1405   1435   1378   1398   1429    415    374    383    395   1567   1560   1022   1014    664    690   1403   1403    935   1013   1030   1146   1128   1483   1488   1451   1465   1462    902    915    929    911   1151   1180   1190   1152   1195   1206    627    657    636    658    737   1066   1075   1227   1029    996    986    952   1059   1183    683    689    735     42      0   1262    804   1347   1317   1299   1336   1326    298    342  
  163    191    137    141    184   1067   1082   1076   1044    794    773   1418   1438   1424   1451    326    290   1466    285    286    680    680   1611   1623   1562   1581   1573   1294   1289   1360   1317    447    481    458    472    469    121   1279   1257   1257   1236   1456    339    385   1034   1245   1224   1218   1177    250   1725    977    955    980   1237   1262      0    474    265    241    267    285    222   1154   1122  
  631    660    603    615    653    697    699    696    665    889    874   1051   1066    978   1007    610    605   1069    209    228    545    532   1349   1360   1302   1321   1314    913    912    977    935    418    459    458    431    467    404    837    822    818    802   1019    284    314    831    911    883    874    829    256   1345    560    540    580    776    804    474      0    549    517    504    541    524    681    650  
  349    361    336    305    355   1226   1233   1229   1197    532    511   1302   1325   1382   1405     69     57   1371    345    322    503    508   1427   1440   1379   1397   1389   1192   1184   1258   1215    288    301    276    307    283    195   1236   1207   1211   1184   1401    287    297    847   1113   1099   1094   1059    299   1609    925    902    914   1317   1347    265    549      0     34     52     29     43   1184   1145  
  338    352    323    295    346   1193   1200   1196   1164    554    533   1290   1313   1362   1385    102     88   1357    312    290    498    503   1427   1440   1379   1397   1389   1179   1171   1245   1202    276    294    269    297    277    164   1215   1187   1191   1165   1383    260    274    846   1104   1088   1083   1047    267   1598    905    882    895   1287   1317    241    517     34      0     37     45     25   1157   1118  
  372    387    357    329    381   1186   1192   1188   1157    529    508   1255   1278   1331   1354    107    107   1323    303    278    462    466   1391   1403   1342   1360   1352   1144   1136   1210   1167    240    258    232    261    240    177   1185   1156   1160   1134   1351    237    245    809   1068   1053   1048   1012    259   1562    874    851    863   1268   1299    267    504     52     37      0     38     62   1134   1094  
  375    388    362    332    383   1223   1229   1225   1194    510    489   1275   1298   1359   1382     69     74   1345    340    315    474    480   1399   1411   1351   1368   1360   1166   1158   1232   1189    262    273    248    280    255    206   1213   1184   1189   1162   1378    272    278    818   1086   1072   1067   1032    296   1582    903    880    890   1305   1336    285    541     29     45     38      0     64   1168   1128  
  314    328    300    270    322   1194   1202   1198   1166    574    552   1313   1336   1381   1405    110     86   1379    317    296    522    527   1452   1464   1403   1421   1413   1201   1193   1267   1224    299    318    293    320    301    155   1234   1206   1210   1184   1402    275    292    870   1127   1111   1106   1070    271   1620    924    901    915   1296   1326    222    524     43     25     62     64      0   1171   1132  
 1311   1341   1284   1295   1334    606    570    577    573   1325   1320    737    731    424    453   1232   1240    664    878    888    901    883   1191   1196   1157   1172   1169    611    623    642    621    950    971    986    946    988   1076    348    372    352    369    492    898    893    940    733    699    689    655    922    929    397    407    447    257    298   1154    681   1184   1157   1134   1168   1171      0     50  
 1280   1310   1253   1263   1303    628    594    600    594   1277   1272    704    700    412    442   1191   1200    637    844    853    853    835   1153   1158   1118   1133   1129    574    585    609    585    906    926    941    902    943   1041    322    342    323    336    478    858    852    891    691    657    647    612    887    908    348    358    399    301    342   1122    650   1145   1118   1094   1128   1132     50      0  

    0   1707      1  12390    780      3  10648    225     25   1996     17   2520    242     45     50  25488      3  40442    863   1180     31   2693   1031   4860  31879  40182      4    275  30630   5582   1864     80   1870   2206   6200  83897    101   3729      3      9     93    310      1     11    383  23110     97      6   1439      9   2595   2631     10  15364   9113     14  59147     24   5791    142      0  28180      1     42    449  
   77      0   2266     16    271    885   2199  36492      3   6876     27     10      1    602    164   1128    313  49689  10089      4   6587   1864   8933  87013      1    760     95      1      1     33  39532    492     44  45851    193    186   1986    931   5182  94217    134     20     11  88876    109  18194   4530   7900     18   2048   6917  33259   2281    377     85    112   1312      1      1      7     13      3     18  29137      1  
    0     26      0   1234    649   8785   1131      3  13323      0  17690     22    135   1629     15     22   4438   2831    717    186   3967    301  27693     73   3640    190    423  22856  27374     45      1      1    431   1463    642      5    209      1      1   7289      0      6  30913     37    164  28065      4      0  22215   2074     14     18   1624    165     19      3     47      0    118     30  34208   6245      8   3291    513  
    0   1192    420      0   6891   4616     83  27267  18341      3    399      8  20772      1     92      4  40681     27   6103  82357  30028   3378  11280      0   7945  22849   4714  35245   8773    531    422     51     11   8630     25      1     11      9  72596      1    499    548  11247  18731  54603   4827      5      2      6    248     16    955   1128    727  63566      8    297  23940     45    338   4407     92    221  79487     77  
 1427   4370   1737  53474      0     19      1    650      3     17   8478   6630  39032      2   3208    990     13  18890      2      9      8  65424    369      2    320      3  25906     16     27  42691   1533    831      2    476  23779     80    119     78   2467      2  54416      0  10097    470     64      9   1129   1395     10     18  37006  14823  26275      0    467    112      2    984      0      1   6284     52    785     26  65410  
  397   5603      1  26857   7227      0    151  91315   1835  18884  18393    500     62   1355   2350   1388    840      0      0      3      1      1     13     81   3328      2     27      1    338  48117   1081      3    106     15      2     54    109   2686     11  11842      4   4188   2738      0  35312      7   2466      0    183     24     49    136  19887    382   2208   2876    185   2192    155  14954      1   7916     18    946     27  
    3      4  50965  17061    371      2      0    229    321      0     13  51238  18359      3  23965    270  38289   4905      4  46472    429  34917     28   1009    507      2     35      8     84   8285      7  29316  60578      1      3     63   7997    235  70650    399      1    147  11554   2011  33263  10442   1266     10      2    137      9     60     37     34   1524  50555     13      0      8   6043      5      1  35098      7  52316  
41361   3796   3360    215      3  68742   2850      0  18234  33021  11210   1895      0   9449     17   5545    250    516      2    403      6  15771   7746      1    267      1    260      1      0  84084    523   1967   4584   5212  14300   1130    774      1    193      0      1    334      2   1026   2757      2   1135   5479    542    153    937   1780    115      7     22      5      2  37093      6     39     19    597    506   5201  51830  
  181    861  13596  26517  15986     30      0  71220      0      2      2      1  63839   1526     13  88576  26216  31958      0   1763     33     50    734  11709      1   1870      1   1443    178     18      8      2    721     13     25   7287   1959     15   8900     92    102   3519  18456      0      1    242     13  20551     69      1      4  15635     10    184     28  31623      4      8    413      7      0     56      6     53    497  
60710   2270     12   5537      6   1135  49381     15    258      0  88805     62     44     24  74157     57      1   9889  36680   7319  16214   3012   2672     77   2855  91285     73      0  21915     63   2687  77096  87473     95    151     16     31      0      1    763    145    348     31      3   7228  41734    380  50685      1      1    672   1884    158      0   5697  42426  22209  22129  32761    499  35925     12     93     38      0  
25555  10394  15882      3      1   2181     47  79896  38487      2      0   2980   1723   8137   5684      5     92     92      7     49  11345     25   5754    139  71333   1018    237    109  79034      1      1  20252     11    178     46   2897   7282   4978    427      2     14     26      0     40      0    126     52      2  80653   1746      2      5  47107      2      1     18  76805  59403   7980  63079      2     35  29654      1     23  
75304     56    331  12160  16635    361  89565    390      8   3255      5      0    138  85075  19655    280    661   5537    295    102      1     65    221    670   5734  25318  63603   2313    121      7   8388   8799      2      2  25590   7643    734      2     23   9017  26251     11     79  15670     26     26  92762      9     72    176    832      2      8  69661   1878   4842      8  88360     16   4867   7039      2     35    146   3610  
 4687     25      3    478   5077      0      0      1     17  60575    267      6      0   1133   2643      4    162  75854      2      1     83   5360      3    442      0   2288  46093    135  51892      6    404    614  30536     76    107     10    136     36  41362   5591  11233   5764    356    162    131     36      1      2    753    152     39    562     25     22      8      1  10041  19801     42  21342  68482     64   4524  64731   1080  
   33    193    189   7758     15      1   1482      0      1      4    129   1583      2      0   6008   7463  42986  13965  97877     47  12809     15  10534  23487  57311    461      1    112    117   1243   4493   1038      8   3317  80468  14692  58475   2191  11496   4133     35    307  14313      1      1    190  18541    110      0  37776      3     18   1349   9890    974    124     17   2192      1    223      4      1  12132  19803     42  
53235    138      1      0   4203     18      5      2    116     15    117    140     24     28      0  19107    192      9   2027    575  57718      1  80462    245   2635   1287  86391     16  25282     44   3174  93267   3464   1563   1310     10     26   1525    330   5643  11685      2     18   1897     16      4  74746  10848    276  55870      4    112  29320  35460     34     13      2      2    422  25487  18306   1215  21394  57081    284  
    2  24086      1      3    517     20     36     57      1     31      2  11955   5746   2228  65627      0     14    226     31   2658   1065     70      0   3114     96  20572      5    524      8     26      1    117  53692      3   9842    196  12733     45  47837   1018   3024     36  13158  39134      9      1      1      5      9  70679     20  30877   1050   3191   7132   1539      6      0    389     73      5  16798  10513  25434  85108  
    2  13018    274   2916  25511  75084    131    213  49573    114    174   1139      5     41  67666    348      0     41   1838  42107      5    289  29498  40791      3  32877   2660     25    444  52161  28261   2000  92812     36     80   1005   8035      2    837      4     46   3378      4    177   1799  63091      1      1     74   2172  55367     27      5    120  11805      5     14      2  29505   1893      8  22657   1284     25      7  
    0  80913   9965  96919    783   2257    578  99134   8871    639     48   9995   2642   4335   6202      3      3      0   3625    954    946     13   6900     45      2  83940      9    209     28   2521    847   1524  14947   1731    464  35199   4311     46  63045   4719  11162      8   6181     31      1      2  17716      1     31     62   3400   5329    200  48112    134    217  11321   9212  53002     61    399     51      1     10    134  
   75      1    464      0      9  20794  27034      1     10    172  14525   1096   2595     18      4   8888    110     87      0  45911    821    120     47      3  12362  98955  19145      1   4598      7    397      4   9445    130      5      6   7664  10953      6   6715  73515     36    296  99776      2    277      1     12   1430    133      2     30  30971     35    984    220      2     15   3580    488     83     30  51451     12  12263  
   19  52464     11    267   7749    520     17     10    210    514    114     48  62964    492      1     43    395   1203  26087      0      2    141     19  13429     81     10     42   2457  26368      1   3779  23882      8    241  51266  15544     42     74   2532   3189    137  19881      5  14969  18626     58      4   3515      2   1211      6  78925   2079     30      1  24116    156   3952  21155     50  73235    402   1037   1565  30044  
   21    388      1   3215    501  39890    164    953     14    201  10218   3949    448     47    452    801      8    818      0  14617      0  28356  69313      3     88   1123      2    343   1264    438    455  12166   2887     15  20753    139  14153  11604     13     22   1709    211    458    262     20    756   6576  15973   1865      6   1205      4  18828     65     22      1     21  66531   1950      3  82769   2043  37938  94434   1707  
  862     63     92    257  18002      4     24    322    113   8995    136  73638    957   3615     81  63279      1   1442    404      2  21303      0     93      1    158    215   9485   6389   1672   1998      6    331     10    303  14188  95533    255      6      4     18      5      6  79994      0      4   6878   1522     52   3768     43      9      0   1585      2  24817    255   1094    535   3769      4      1     54     28      1  36506  
