45

    0     56    100   1248   1327   1025    845    886   1044   1070    983   1034    571    535   1754   1849    995   1026    990    830    867   1925   1862   1890   1901   1498   1543   1372   1466   1410   1449   1438   1307   1245   1309   1578   1626   1736   1730   1195   1645   1549   1562   1587   1214  
   56      0     44   1200   1278   1001    836    878   1019   1042    960   1007    515    479   1741   1835    969   1002    963    809    843   1889   1826   1853   1865   1457   1500   1344   1435   1380   1396   1386   1292   1228   1293   1535   1585   1743   1736   1206   1625   1528   1542   1565   1194  
  100     44      0   1158   1237    975    822    865    993   1014    935    979    473    438   1723   1817    942    976    935    786    818   1855   1792   1818   1830   1419   1462   1316   1405   1350   1352   1342   1273   1207   1273   1496   1548   1740   1733   1207   1602   1504   1519   1540   1171  
 1248   1200   1158      0     79    702    956    978    677    620    714    635    808    852   1272   1338    655    692    636    775    720    872    817    820    845    400    397    699    674    654    329    309    966    894    936    413    505   1704   1682   1414   1032    942    985    948    819  
 1327   1278   1237     79      0    755   1020   1040    729    669    770    688    879    924   1284   1346    711    746    692    841    785    829    778    777    803    371    355    718    679    666    289    267   1001    932    970    364    463   1739   1716   1468   1040    954    999    957    857  
 1025   1001    975    702    755      0    312    314     32     94     43     68    933    956    784    874     57     10     78    202    158    963    902    940    942    656    724    356    466    410   1031   1010    349    269    334    767    760   1042   1023    714    630    530    548    566    210  
  845    836    822    956   1020    312      0     46    344    403    277    368    934    944    913   1008    331    320    345    184    236   1262   1203   1242   1242    965   1033    641    760    706   1276   1257    474    425    483   1075   1071    964    952    505    833    748    750    789    419  
  886    878    865    978   1040    314     46      0    345    406    283    375    979    988    875    969    340    322    355    214    261   1250   1192   1232   1231    969   1038    627    748    696   1300   1281    441    397    452   1080   1071    919    907    467    803    721    720    763    398  
 1044   1019    993    677    729     32    344    345      0     63     71     44    935    960    780    869     55     24     71    227    179    934    873    910    913    624    693    332    439    383   1006    985    352    272    335    735    728   1057   1038    741    617    516    537    550    207  
 1070   1042   1014    620    669     94    403    406     63      0    126     39    926    953    792    879     81     85     81    271    217    888    826    862    866    564    632    303    400    344    948    928    383    303    361    674    669   1103   1083    801    613    510    536    541    231  
  983    960    935    714    770     43    277    283     71    126      0     92    904    926    817    908     59     48     78    159    117   1004    943    980    983    689    756    399    508    452   1041   1021    375    297    364    798    795   1051   1033    701    669    570    587    606    244  
 1034   1007    979    635    688     68    368    375     44     39     92      0    903    929    812    900     43     58     44    233    178    926    864    900    904    598    665    338    438    382    964    943    392    311    373    707    705   1100   1081    781    641    538    562    571    243  
  571    515    473    808    879    933    934    979    935    926    904    903      0     46   1714   1803    881    928    865    808    805   1624   1563   1578   1597   1151   1175   1200   1254   1207    928    922   1279   1200   1266   1201   1276   1896   1883   1418   1536   1432   1460   1460   1141  
  535    479    438    852    924    956    944    988    960    953    926    929     46      0   1739   1828    905    952    890    824    824   1664   1603   1619   1637   1192   1217   1231   1288   1240    974    968   1300   1223   1289   1244   1318   1907   1894   1421   1565   1461   1488   1490   1165  
 1754   1741   1723   1272   1284    784    913    875    780    792    817    812   1714   1739      0     95    834    788    850    944    927    848    824    871    848    966   1025    577    608    620   1566   1545    451    522    456   1052    966    633    607    826    252    331    288    331    575  
 1849   1835   1817   1338   1346    874   1008    969    869    879    908    900   1803   1828     95      0    924    878    939   1038   1019    852    835    881    855   1015   1071    649    667    685   1624   1603    545    615    548   1096   1005    663    637    906    307    399    359    390    665  
  995    969    942    655    711     57    331    340     55     81     59     43    881    905    834    924      0     50     21    191    136    968    907    942    947    636    703    378    479    423    983    963    404    324    388    745    745   1098   1079    759    671    570    591    603    261  
 1026   1002    976    692    746     10    320    322     24     85     48     58    928    952    788    878     50      0     70    206    160    957    896    934    936    648    716    353    461    405   1021   1000    354    274    339    758    752   1050   1031    723    631    530    549    565    213  
  990    963    935    636    692     78    345    355     71     81     78     44    865    890    850    939     21     70      0    196    139    966    904    939    943    625    691    382    480    424    963    943    422    342    405    733    736   1118   1100    779    683    581    603    613    277  
  830    809    786    775    841    202    184    214    227    271    159    233    808    824    944   1038    191    206    196      0     61   1158   1096   1132   1136    817    881    557    665    609   1093   1074    494    424    490    922    930   1098   1084    678    816    720    733    758    386  
  867    843    818    720    785    158    236    261    179    217    117    178    805    824    927   1019    136    160    139     61      0   1103   1042   1077   1081    756    820    510    614    558   1041   1021    480    405    472    862    870   1117   1101    718    785    686    703    723    358  
 1925   1889   1855    872    829    963   1262   1250    934    888   1004    926   1624   1664    848    852    968    957    966   1158   1103      0     64     55     27    479    476    624    503    556   1024   1008    904    896    874    467    367   1470   1444   1482    636    636    671    601    864  
 1862   1826   1792    817    778    902   1203   1192    873    826    943    864   1563   1603    824    835    907    896    904   1096   1042     64      0     49     40    422    423    566    444    497    982    965    854    842    823    417    315   1440   1413   1434    603    594    632    561    808  
 1890   1853   1818    820    777    940   1242   1232    910    862    980    900   1578   1619    871    881    942    934    939   1132   1077     55     49      0     32    431    424    609    486    537    970    954    900    887    869    414    315   1488   1462   1480    651    642    680    609    852  
 1901   1865   1830    845    803    942   1242   1231    913    866    983    904   1597   1637    848    855    947    936    943   1136   1081     27     40     32      0    452    449    606    484    537   1000    983    891    880    860    441    340   1467   1441   1470    632    627    664    593    847  
 1498   1457   1419    400    371    656    965    969    624    564    689    598   1151   1192    966   1015    636    648    625    817    756    479    422    431    452      0     72    452    367    378    620    600    777    728    743    113    129   1490   1465   1324    715    644    691    637    664  
 1543   1500   1462    397    355    724   1033   1038    693    632    756    665   1175   1217   1025   1071    703    716    691    881    820    476    423    424    449     72      0    521    433    447    582    562    848    799    814     43    109   1558   1533   1396    773    707    754    697    736  
 1372   1344   1316    699    718    356    641    627    332    303    399    338   1200   1231    577    649    378    353    382    557    510    624    566    609    606    452    521      0    124     80   1004    983    330    292    296    559    509   1042   1018    898    351    251    291    268    245  
 1466   1435   1405    674    679    466    760    748    439    400    508    438   1254   1288    608    667    479    461    480    665    614    503    444    486    484    367    433    124      0     56    958    937    441    412    407    467    403   1127   1102   1016    361    280    327    279    368  
 1410   1380   1350    654    666    410    706    696    383    344    452    382   1207   1240    620    685    423    405    424    609    558    556    497    537    537    378    447     80     56      0    949    928    408    371    374    484    430   1112   1088    977    380    289    333    295    322  
 1449   1396   1352    329    289   1031   1276   1300   1006    948   1041    964    928    974   1566   1624    983   1021    963   1093   1041   1024    982    970   1000    620    582   1004    958    949      0     22   1288   1219   1258    573    679   2027   2004   1742   1319   1236   1282   1237   1144  
 1438   1386   1342    309    267   1010   1257   1281    985    928   1021    943    922    968   1545   1603    963   1000    943   1074   1021   1008    965    954    983    600    562    983    937    928     22      0   1267   1198   1236    555    661   2005   1983   1722   1298   1215   1260   1215   1123  
 1307   1292   1273    966   1001    349    474    441    352    383    375    392   1279   1300    451    545    404    354    422    494    480    904    854    900    891    777    848    330    441    408   1288   1267      0     81     35    887    838    739    717    581    367    298    287    340    153  
 1245   1228   1207    894    932    269    425    397    272    303    297    311   1200   1223    522    615    324    274    342    424    405    896    842    887    880    728    799    292    412    371   1219   1198     81      0     67    839    798    810    789    606    409    325    325    367     76  
 1309   1293   1273    936    970    334    483    452    335    361    364    373   1266   1289    456    548    388    339    405    490    472    874    823    869    860    743    814    296    407    374   1258   1236     35     67      0    853    804    769    747    613    352    276    270    319    131  
 1578   1535   1496    413    364    767   1075   1080    735    674    798    707   1201   1244   1052   1096    745    758    733    922    862    467    417    414    441    113     43    559    467    484    573    555    887    839    853      0    107   1593   1568   1437    802    738    785    727    776  
 1626   1585   1548    505    463    760   1071   1071    728    669    795    705   1276   1318    966   1005    745    752    736    930    870    367    315    315    340    129    109    509    403    430    679    661    838    798    804    107      0   1525   1500   1402    717    662    708    646    740  
 1736   1743   1740   1704   1739   1042    964    919   1057   1103   1051   1100   1896   1907    633    663   1098   1050   1118   1098   1117   1470   1440   1488   1467   1490   1558   1042   1127   1112   2027   2005    739    810    769   1593   1525      0     27    547    838    868    823    891    886  
 1730   1736   1733   1682   1716   1023    952    907   1038   1083   1033   1081   1883   1894    607    637   1079   1031   1100   1084   1101   1444   1413   1462   1441   1465   1533   1018   1102   1088   2004   1983    717    789    747   1568   1500     27      0    545    812    842    797    865    865  
 1195   1206   1207   1414   1468    714    505    467    741    801    701    781   1418   1421    826    906    759    723    779    678    718   1482   1434   1480   1470   1324   1396    898   1016    977   1742   1722    581    606    613   1437   1402    547    545      0    892    856    830    896    662  
 1645   1625   1602   1032   1040    630    833    803    617    613    669    641   1536   1565    252    307    671    631    683    816    785    636    603    651    632    715    773    351    361    380   1319   1298    367    409    352    802    717    838    812    892      0    104     84     85    432  
 1549   1528   1504    942    954    530    748    721    516    510    570    538   1432   1461    331    399    570    530    581    720    686    636    594    642    627    644    707    251    280    289   1236   1215    298    325    276    738    662    868    842    856    104      0     47     43    337  
 1562   1542   1519    985    999    548    750    720    537    536    587    562   1460   1488    288    359    591    549    603    733    703    671    632    680    664    691    754    291    327    333   1282   1260    287    325    270    785    708    823    797    830     84     47      0     71    348  
 1587   1565   1540    948    957    566    789    763    550    541    606    571   1460   1490    331    390    603    565    613    758    723    601    561    609    593    637    697    268    279    295   1237   1215    340    367    319    727    646    891    865    896     85     43     71      0    377  
 1214   1194   1171    819    857    210    419    398    207    231    244    243   1141   1165    575    665    261    213    277    386    358    864    808    852    847    664    736    245    368    322   1144   1123    153     76    131    776    740    886    865    662    432    337    348    377      0  

    0      0      0      0      0      0      0    327      0      0      0      0      0      0      0      0      0      0      0      0    275   2424      2      0      0      0      1      0     60   4293      0  74420      0      0     17      0      0     24      0      0      0      0      0      0      0  
 9680      0  96062      0      0    260      0    544   3871      0      0      0      1   2531   7230      0      0      0      0      0      0      3      0      0     22      0   2906   9939      0      0    325      0      2    103    540      0  19559      0      0      0      0  36177  21229      2      0  
    0      0      0      0      0      0      0    121      0      2      0      6     25      0      7      0   3328    206     69   2968      0      0      0      0   4389      0     11      0      0      0      0      0  34632      0      0     29      0      0      0  15184      0      0      0    120      0  
    0      0      0      0      0      1      0      0      2   1361  67527      0      0   2665      4      0      0  61329      1   1215      0      0      0      0   2077      0    183      0      0      0     25      0    467  18758      0      0   1643      0      0    182      0      0     47  16573      0  
    0      0      0      0      0      0      3      0  40991      0      0    129      0      0      0  74040   2184      0      0      0      0  18443      0      0   9786      2    691   1471      0      0      0   5833   3065     58      0      0  51023     19      0      0     94      3      0      0      0  
    0    368      0      0      0      0      3    156      0      0      0      0      0   3731      0    842      0      0   1123      0      0      0     71      0      0      0   1267   1040   1993      0      0      0    230      0      0     29     23      0    834      0      0      0      0      0      0  
    0  18732    132      0      0      0      0   3062   4838      0   8393      0      0      0      0      0      0      0  17790      0      0      1      0  70047      0    764  84887   1077      0      1      0      0      0      0      0      0      0  29740   8694      0      0    950      0      0      0  
    0  57216      0    168      0    309      0      0   3618      0      0      0    353  11197    522      0      0    417      0      0      0      0      4    540      0      0      0      0  12591      0     69      0      0    489      2      0      0      0      0      0      0    754      0  12812      0  
   29      1    398      0      0      2  66769      0      0      5      3      0      0      0   1134      0     45      0      3      5   1292      0      0      8      0      0      0   1697      0      0      0   9931      0      0    139      0  69595      0      0  13194      0      3   3327      0     25  
  143   1318      0      0      0      0   1058      0      0      0      0      0      0      0      0      0  14762      0      9      0      0      0      0      0      0    382      0   8025      0      0   1290     14      0      0   7231   6886      5      3      0      5  26818      0      0      0      0  
    0      0      0      0      0      0      0      0      0      0      0      1      0      0     10      0      0      0     14      0   2980      4      0  20148      6      0      0      0      0      0      0      0    928      0  15679      0      0      0      0      0      0      0      0     18      1  
    0      0  62266   5708      2  54454      0      0      0      0      0      0    252      3      0  72320   7680      0      4   3620    345      0      0      0      0    712   3085      9      0      0    975      0     18      0      0    108      0      0  72448      0     54      0      0      0      0  
  144      3      0     22      0    379  66930      0  31501     64      4      0      0      0    868  15452      0      0      0      8     15      1    411      0      0      0      0      0      5      0      0      0      0      0      0  17357      0      0     26      2  93126  10775      0      0      0  
    0      0      0      0      0      0      0      0   1861      0      0  37998      0      0      0      0      0      0      0     36      0      1      2      0      0      0      0      0      2      0     70      0   9925      0      1      0      2      0      0      0      0      0      0     20      0  
    1  37991     56   4213    597      0      0      0     36      0      2    455      0      0      0      0      0      8      0      0      0  37690      0      0  12871      0      0      0  30852   3233     54      0    260      1  19145      0      0      0      0    242      0  74091   1106    308      0  
 1540      0      0      0      0    186     18     28      0      0  18978      0     49      9      0      0     40      0      0      0     32  13215      0      0      0      0      0      0      0      0      0  36136   6662   1091     27      0      0   4617    112      0    292      0      0     58  11182  
    0  25920      0      0    261  12052      0      9      0      0      0      0      0      0      0      0      0  10935      0      0  18919      0      0      0   1518      0      0      0      0      0      0      6      0      0      2      0      0    185      0      0      0    113      2  44278      0  
    0      0      0      0      0  47327      0      0      0      0   6543      0      2      0      9      0      0      0      0      0      0  46125      0      0      0      0      0      0  21728      0      0     14      0      0      0      0   3580    138      0   1152      0      0      0  20246      0  
    0      0      0      0   7165      0  27826     25   8884     55      0  81889     32      0      0      0      0      0      0   2220      0      1      0      0      0      0      0      2      0      0      0   1257      0     65     15      2  12403      0      0     14    846      1      0      0   2237  
 5612      0      0      0      0      0      0      0   1643      0      0  13201      1      0      0   8187      0      0      0      0      0      7     14      0      0   9296      0      0      0      5      0      0      0      0      0      0      0   5066      0      0      0   1542      0      0   7734  
    0  11760     30      1      0      0      0      1   1408      3   2489      0      0      0      0      0      0      0      0      8      0  29910      0      0      0   1230      0      1      0     14      0    360      9      7    102    127      2      0      4      0      0    119      0      4      0  
    0      5     11      0      3   6957     22      0      0      0      0      0   4763      0      0      0      0      0      5      0    630      0    210      0      0   1059      0      0      0      0      1      0      0     71      0      0      0    146  20686      0      0      0   2966      0  91150  
    5      3      0      1     63      0      0      0  43048  13259   5605    133    794    132      0      0  50428      0      0      0      0      0      0      0      0  58062      0    918      0      0    453      0      0   1435      0    158      0  26486   2315      0      0  12108      0      0   2310  
    2      0     54    246      0      0      0     89  12874  11110   2656  22121      0  32590     30      1      1      0      0     43    119      0      0      0      0      0      0  43962  10739      0      0      0      0     55      0    711      0  31350   1925  25410      0      0      0      0      0  
    0      0      0      1    665      0  59481      0  20534  13423      0      0      3  59534      0      0    216      0    192      0     82     85      0      0      0      9      0  10464      0      8      0      0      0      0     10      0      0  78272      0      0      0      0    435    643      0  
   74      0      0      0  46173      5      0      2  19695      0      0      0     62      0      0      0      0      0    332      0      0      0  91830   1219  25089      0      0      0      0  19123      0      0    173      1      0      0    499      0      0   1057      0      0      0      0  48059  
    0      0      0      0      0      0    227      0  19953      0      0   2151     50   6118      0      1    406  66631      0  39117     16      0      0      0      0      3      0      0  12897      0      6   4608      0      0      0  66251      0      0      0  95007      0      0      0   2890      0  
   14     14      0      0      0      0   4160      0  95770      0      0     15      0      0      0      0  24153      0   4721      0      0      0      0     25      0      0      0      0      0      0      0      0      0  41612      0   1338      0      0      0      0    378    261    985    279      0  
 4040  87046      0      0    205   2064      0     44      0      0      0    441      0      1  89725      0    140      0      0      0     44      3      0     49      0   5938      0      0      0      0      5      0      0      9      0      0    123  69937    212      0      3  52130      0  40346     57  
    0      0      0      1      0      0      0      0      1    314    439      0  96245      0      0   1538      0   9603      0      0      0      0   6475    188      0      6      0      0   2229      0   2430  14196      0      0  51205      8      0      0      0      0   1177      0      0      0      0  
    0      2      0    177      0      0     30      0      0    186      0  62789      0    842      0      0      2     50      0    794      0      0      0     67  85127      0     27      0      0      0      0      1      0   4836      0      0      0      0      2    118    302      0  10573      1      7  
    0  52635      0      0      0     55      0      0      0      0      0      5  90253      0      0   9457  22385      0      0      0   1159      0      0      0      0  26883      0      0      0   2880     34      0      0  24692      0      0      0      0      3      7      0    234      0  26483      0  
    0      0      0      0    314  24762   8321      0      0     10      0      0      0      0      0     89      0    292      0      0      0      0    780      0     64      0      0      0    229      0      0   9624      0      0   2012  18842     59      2      0      0  28424     45    228      0  12533  
    0      1      0    313      0      0      0      0      0      0      0   2318  10063      7      0      0      0      0      0      0   2127  74062      0      0    139      0      0    141  37452      0      0      0      0      0      0      0      4    227      1    105      0      0      0     13      0  
  234      0     22  25000      0      3      0      0      0     38      0      0      0      4      0      0      0      0      0      0     55  28907      2   1006      0      0     11      0      0      0      0      0      0     80      0      0      0  84854      0      2   1242      0     20      0      0  
    0     39      0    565      0  37877     77  15255      0      0      7      0      0   7611  10785      0      0      0      0      0      0      0      6      0     64      0    174      0      0      0    526   7260      0    546      0      0      0   1297   2269      0      0      0      0      0      0  
    0      0      0      0     73   1628    845      0     30      0  86615      0      1      0      0      3      2     67      0      0      0  37965      0  70139      0      0    165      0      0      1      1      0      0      0      0      0      0      1      0  95254   6549   5295      0      0      0  
    0      2     53      0      0    145      0      0   1372      2      0      0  33900      0      0      0      0      0      0      0      1      0    112      0      0     27      0      0    501     68      0      0      0      0      0      0   3871      0      0     49      0      0      0  15213      0  
    0     56      0      3   5842  10713    453      0      0      0      1     70      0      9      0      3    739   4436      0     30    153   1291      3      0      0      0  13339      0      0      0      0   2597    681     33   1183      1     26      0      0      0      0      0      0      0   1999  
    0      0    334      0      0      0      0      0      3      0      0      0      2      0    163      0      2      0      0    110   1078      0     51   2002   3769      0      0      5      0      1      0    373      0      0     69    257    359      0      0      0      0      0      1   2906   3808  
    0      0      0      0      0     24      0     84   1796      0  15661      0     84      0   2022      0      0      1     21      0      0      0      0     19      0  21659      0      0      0   1149      0     63      0      0      0      0  34063      0      0      0      0      0    625      0      0  
    0   7833      0      0      1  46320      0      0  67992      0      0      0      7      0    103      0      0      0      0      0   1144    521      0      0     10   2129  14256      0      0      0      0     62      0      0    421      3      0  57598      0      0     88      0      0      0      0  
44068      0      0      0      0      0      0    121      0      0      0      0      0      0      0      0   8542      0      0      0      0      0      0      0     38      0      2      0      1      0      0    741      0      0      0      0      0      0      0    880      0     12      0      0      0  
    0      0  24209      0      0    400      0      0      0      0      9      0      0      0      0      0      0     22      0      0      0   1374      0      0      0    968   4148  16789      2      0   4170    196      0      0      0      0      0      0    225      0      0    280      0      0    113  
    0      2      0      1    218  39947      0      1   1963      0      0    333      0      0      0    680     91      0     37      0      0   4074      0   2008      0      0      0      0      9     65      2    135   3247   2704      0      0   7073      1  39782      0  41642      0      0      0      0  
