50

    0     19     70     40    513    530    513    508    498   1619   1643   1629   1643   1237   1215   1246   1247    955    949    998    948    950    905    866    900    858    857    904    373    403    370    372    348    891    865    880   1170   1132    213    186    197    204    219    956    980    964    253   1010   1033   1036  
   19      0     77     35    531    548    532    527    517   1623   1648   1634   1647   1248   1226   1256   1258    968    962   1010    961    963    909    870    902    874    874    921    386    416    383    386    363    907    880    895   1188   1150    231    205    216    223    237    969    993    978    250   1022   1046   1047  
   70     77      0     50    500    517    500    497    484   1681   1705   1691   1705   1281   1261   1293   1293    996    989   1037    988    990    969    929    965    876    873    922    413    443    412    413    385    916    890    905   1176   1137    213    180    192    207    212    996   1018    994    323   1052   1074   1079  
   40     35     50      0    533    550    534    529    518   1656   1681   1667   1680   1276   1254   1285   1286    994    987   1036    987    988    943    903    936    891    889    937    411    441    409    411    386    926    900    915   1199   1161    237    207    219    230    241    995   1018   1000    283   1049   1072   1074  
  513    531    500    533      0     18      2     12     20   1587   1599   1586   1598   1004   1006   1042   1035    718    706    751    707    712    949    908    977    464    448    500    365    366    370    366    336    537    520    529    699    656    302    328    316    311    295    712    722    641    617    781    792    816  
  530    548    517    550     18      0     17     25     34   1591   1602   1590   1601   1002   1005   1041   1034    717    704    750    706    711    957    916    986    456    439    491    378    379    383    379    350    531    515    524    685    642    319    344    333    328    311    711    720    636    633    780    791    815  
  513    532    500    534      2     17      0     13     20   1588   1600   1588   1599   1005   1007   1044   1037    719    707    752    708    713    950    909    979    465    448    500    366    368    371    367    337    538    521    530    699    656    302    328    317    312    295    714    724    642    618    782    794    817  
  508    527    497    529     12     25     13      0     26   1576   1588   1576   1587    996    997   1033   1026    708    696    742    698    703    938    897    966    458    442    494    354    355    359    355    325    530    513    522    698    655    297    323    312    306    290    703    714    633    608    772    783    806  
  498    517    484    518     20     34     20     26      0   1599   1611   1599   1611   1021   1022   1058   1052    734    722    768    723    728    957    915    984    483    467    519    365    368    370    366    335    555    538    548    718    675    289    313    302    298    280    728    739    659    609    797    809    831  
 1619   1623   1681   1656   1587   1591   1588   1576   1599      0     45     37     45    733    691    661    678    921    935    906    933    925    715    753    728   1258   1290   1264   1318   1296   1317   1317   1356   1167   1163   1166   1442   1464   1567   1594   1589   1563   1586    931    937   1070   1393    867    871    832  
 1643   1648   1705   1681   1599   1602   1600   1588   1611     45      0     15      1    724    684    652    670    924    938    906    935    928    741    779    758   1260   1291   1264   1337   1314   1336   1336   1375   1168   1165   1167   1433   1457   1587   1614   1609   1583   1606    933    938   1069   1421    868    871    833  
 1629   1634   1691   1667   1586   1590   1588   1576   1599     37     15      0     14    715    675    644    661    913    927    896    924    917    727    765    743   1249   1281   1254   1324   1301   1322   1323   1361   1158   1154   1157   1425   1448   1573   1601   1595   1569   1592    922    927   1058   1407    857    861    822  
 1643   1647   1705   1680   1598   1601   1599   1587   1611     45      1     14      0    723    683    652    669    923    937    906    934    927    740    778    757   1259   1291   1264   1336   1314   1335   1336   1374   1168   1165   1167   1432   1456   1586   1614   1608   1582   1605    932    937   1068   1420    867    870    832  
 1237   1248   1281   1276   1004   1002   1005    996   1021    733    724    715    723      0     58     75     56    293    303    255    303    299    594    595    656    583    612    574    868    839    870    868    898    491    498    494    710    735   1102   1137   1127   1103   1116    296    283    382   1093    232    215    203  
 1215   1226   1261   1254   1006   1005   1007    997   1022    691    684    675    683     58      0     37     32    289    301    256    300    294    542    544    603    600    630    595    849    820    850    849    881    507    511    509    751    773   1088   1122   1113   1088   1103    294    286    400   1062    226    215    192  
 1246   1256   1293   1285   1042   1041   1044   1033   1058    661    652    644    652     75     37      0     20    325    337    293    336    331    551    557    611    636    666    631    882    853    883    881    914    544    548    546    782    805   1122   1156   1147   1121   1136    331    323    436   1089    262    252    228  
 1247   1258   1293   1286   1035   1034   1037   1026   1052    678    670    661    669     56     32     20      0    319    331    285    330    324    565    569    625    625    654    618    881    852    882    881    913    532    537    535    764    788   1120   1154   1145   1120   1134    324    315    424   1093    256    244    223  
  955    968    996    994    718    717    719    708    734    921    924    913    923    293    289    325    319      0     15     43     12      6    502    482    563    338    370    348    584    554    586    584    612    248    243    246    587    593    812    846    837    812    825     12     40    165    834     64     80     99  
  949    962    989    987    706    704    707    696    722    935    938    927    937    303    301    337    331     15      0     50      4     12    512    491    572    324    355    334    577    547    579    577    605    234    228    231    575    580    804    838    829    804    816      8     36    152    831     76     89    112  
  998   1010   1037   1036    751    750    752    742    768    906    906    896    906    255    256    293    285     43     50      0     50     48    524    506    585    355    386    359    626    596    628    626    653    263    262    262    579    589    853    887    878    853    865     42     32    166    876     40     42     74  
  948    961    988    987    707    706    708    698    723    933    935    924    934    303    300    336    330     12      4     50      0      8    508    488    568    327    358    337    576    547    578    576    604    237    231    234    579    584    803    838    828    804    816      9     38    155    830     75     89    110  
  950    963    990    988    712    711    713    703    728    925    928    917    927    299    294    331    324      6     12     48      8      0    502    482    562    334    366    345    578    549    580    578    606    245    239    242    586    591    806    841    831    807    819     12     42    163    829     69     85    104  
  905    909    969    943    949    957    950    938    957    715    741    727    740    594    542    551    565    502    512    524    508    502      0     43     64    770    799    800    629    612    627    628    668    703    684    695   1079   1078    870    894    890    865    890    513    540    656    681    495    521    485  
  866    870    929    903    908    916    909    897    915    753    779    765    778    595    544    557    569    482    491    506    488    482     43      0     84    739    767    770    587    570    585    586    625    674    654    666   1053   1051    828    852    848    823    848    493    521    633    644    480    507    473  
  900    902    965    936    977    986    979    966    984    728    758    743    757    656    603    611    625    563    572    585    568    562     64     84      0    822    850    853    645    630    642    644    683    757    737    749   1136   1134    879    901    898    873    899    574    601    715    667    558    584    548  
  858    874    876    891    464    456    465    458    483   1258   1260   1249   1259    583    600    636    625    338    324    355    327    334    770    739    822      0     32     49    517    492    522    518    526     93     96     93    353    334    666    701    689    670    671    328    323    201    829    393    392    428  
  857    874    873    889    448    439    448    442    467   1290   1291   1281   1291    612    630    666    654    370    355    386    358    366    799    767    850     32      0     53    524    500    529    525    530    124    128    125    338    315    661    696    685    666    666    360    354    230    838    424    423    459  
  904    921    922    937    500    491    500    494    519   1264   1264   1254   1264    574    595    631    618    348    334    359    337    345    800    770    853     49     53      0    566    540    570    567    574    102    117    107    308    291    711    746    734    716    716    337    328    197    877    398    394    433  
  373    386    413    411    365    378    366    354    365   1318   1337   1324   1336    868    849    882    881    584    577    626    576    578    629    587    645    517    524    566      0     30      6      2     39    534    506    522    858    828    252    281    275    249    269    584    607    597    315    639    662    666  
  403    416    443    441    366    379    368    355    368   1296   1314   1301   1314    839    820    853    852    554    547    596    547    549    612    570    630    492    500    540     30      0     33     31     63    506    479    494    834    806    277    308    300    274    294    554    578    567    338    610    632    637  
  370    383    412    409    370    383    371    359    370   1317   1336   1322   1335    870    850    883    882    586    579    628    578    580    627    585    642    522    529    570      6     33      0      4     41    538    510    526    863    833    252    282    275    249    270    586    610    600    310    641    664    668  
  372    386    413    411    366    379    367    355    366   1317   1336   1323   1336    868    849    881    881    584    577    626    576    578    628    586    644    518    525    567      2     31      4      0     40    535    507    523    859    829    252    282    275    249    270    584    608    597    314    639    662    666  
  348    363    385    386    336    350    337    325    335   1356   1375   1361   1374    898    881    914    913    612    605    653    604    606    668    625    683    526    530    574     39     63     41     40      0    548    521    537    860    829    215    246    238    212    232    612    634    616    318    668    690    696  
  891    907    916    926    537    531    538    530    555   1167   1168   1158   1168    491    507    544    532    248    234    263    237    245    703    674    757     93    124    102    534    506    538    535    548      0     29     12    387    379    710    746    734    713    718    238    231    110    836    301    300    336  
  865    880    890    900    520    515    521    513    538   1163   1165   1154   1165    498    511    548    537    243    228    262    231    239    684    654    737     96    128    117    506    479    510    507    521     29      0     17    411    401    686    721    710    689    694    233    230    122    808    299    300    335  
  880    895    905    915    529    524    530    522    548   1166   1167   1157   1167    494    509    546    535    246    231    262    234    242    695    666    749     93    125    107    522    494    526    523    537     12     17      0    397    388    700    735    724    703    707    236    230    115    824    300    300    336  
 1170   1188   1176   1199    699    685    699    698    718   1442   1433   1425   1432    710    751    782    764    587    575    579    579    586   1079   1053   1136    353    338    308    858    834    863    859    860    387    411    397      0     50    964    997    985    970    964    576    554    425   1172    617    600    643  
 1132   1150   1137   1161    656    642    656    655    675   1464   1457   1448   1456    735    773    805    788    593    580    589    584    591   1078   1051   1134    334    315    291    828    806    833    829    829    379    401    388     50      0    925    958    946    932    925    582    562    429   1143    627    612    655  
  213    231    213    237    302    319    302    297    289   1567   1587   1573   1586   1102   1088   1122   1120    812    804    853    803    806    870    828    879    666    661    711    252    277    252    252    215    710    686    700    964    925      0     36     26     11     21    811    830    794    350    871    891    901  
  186    205    180    207    328    344    328    323    313   1594   1614   1601   1614   1137   1122   1156   1154    846    838    887    838    841    894    852    901    701    696    746    281    308    282    282    246    746    721    735    997    958     36      0     13     35     34    845    865    829    348    906    926    935  
  197    216    192    219    316    333    317    312    302   1589   1609   1595   1608   1127   1113   1147   1145    837    829    878    828    831    890    848    898    689    685    734    275    300    275    275    238    734    710    724    985    946     26     13      0     27     22    836    856    818    352    896    916    926  
  204    223    207    230    311    328    312    306    298   1563   1583   1569   1582   1103   1088   1121   1120    812    804    853    804    807    865    823    873    670    666    716    249    274    249    249    212    713    689    703    970    932     11     35     27      0     30    811    831    796    340    871    892    901  
  219    237    212    241    295    311    295    290    280   1586   1606   1592   1605   1116   1103   1136   1134    825    816    865    816    819    890    848    899    671    666    716    269    294    270    270    232    718    694    707    964    925     21     34     22     30      0    823    843    803    368    885    904    914  
  956    969    996    995    712    711    714    703    728    931    933    922    932    296    294    331    324     12      8     42      9     12    513    493    574    328    360    337    584    554    586    584    612    238    233    236    576    582    811    845    836    811    823      0     31    153    838     70     82    105  
  980    993   1018   1018    722    720    724    714    739    937    938    927    937    283    286    323    315     40     36     32     38     42    540    521    601    323    354    328    607    578    610    608    634    231    230    230    554    562    830    865    856    831    843     31      0    137    865     71     72    106  
  964    978    994   1000    641    636    642    633    659   1070   1069   1058   1068    382    400    436    424    165    152    166    155    163    656    633    715    201    230    197    597    567    600    597    616    110    122    115    425    429    794    829    818    796    803    153    137      0    884    206    199    239  
  253    250    323    283    617    633    618    608    609   1393   1421   1407   1420   1093   1062   1089   1093    834    831    876    830    829    681    644    667    829    838    877    315    338    310    314    318    836    808    824   1172   1143    350    348    352    340    368    838    865    884      0    880    906    899  
 1010   1022   1052   1049    781    780    782    772    797    867    868    857    867    232    226    262    256     64     76     40     75     69    495    480    558    393    424    398    639    610    641    639    668    301    299    300    617    627    871    906    896    871    885     70     71    206    880      0     29     36  
 1033   1046   1074   1072    792    791    794    783    809    871    871    861    870    215    215    252    244     80     89     42     89     85    521    507    584    392    423    394    662    632    664    662    690    300    300    300    600    612    891    926    916    892    904     82     72    199    906     29      0     44  
 1036   1047   1079   1074    816    815    817    806    831    832    833    822    832    203    192    228    223     99    112     74    110    104    485    473    548    428    459    433    666    637    668    666    696    336    335    336    643    655    901    935    926    901    914    105    106    239    899     36     44      0  

    0  12088  68077   1140      0      0  26912     57      0     11      4     23   4093     27    961      3     63    350      7    207     88    620  79349   5315    267    367      0  11531  46181      0      0      0     10    338     88    122      4     18  29054   3041      1     45     16      3      0     88   5118      2      0      0  
   13      0     65    102    502     92      1     60    353      1  34065     32  88531   2409   3421   2649  78829      0      0      0      5    636      0    281     21      4  24198   7183    225    630    342      0   1050  15228   1704  15554   1414     10   9581      0  64109   2084      1   8431      2   5300      8    282    802      0  
   18      5      0      2    326      8   2542  56920      0     51      6      0  15835      0  12361    150      0      5      0      3     77     33    897    369  21398      2   2304      0   7536     97  48913      2      0   3010      5      1   6299     78  13748      4      0      0      0      0      6  90683      0     11  82040  49984  
53773  13845    255      0      0    830    304  93004   3872      3    330      0     21     55    228     20  40540  28100   1190  18848    930    307      0  13210      0      2   1058     13  75180     19     41   2245    671    549      0     30    927      6      0   4144  39479     23      0     44      0     14  16685      1   9137  52739  
   58   2239    448      0      0    806      0      0    977     12    709   4833     48     10   3432      0   1016      1      0      0      1      2      0      0      2      5      0    525     10      0   4087      3    123     75     10   4813      5      4      8     10      3      0   8123      1   1821   8985      0     46    757    144  
 5645     15     70      6    156      0     62   3415     96     27      0   1727      1   1344    176    618      0  48258      5      0      0    265   7068    342   1059   7597  15445  35076      1     29     13     14      1  47641    602  12360  51745   5886  38557      1    818  48534      0      0   1633     75      0     75    146    194  
    2      0      6      0   1937   9545      0     32  28593  15375      2      0      1   1223      6  73720      0      0     17     11      1      3    947      0      1      0      0   4949     22      0     15   1798  60229   9362     36    153     14  27962   1656      0     58    263      0     11      0   1697  17851      0     55      3  
  413      0    108   9410    354      8      0      0    179    266    116   5218   2271  11862      0      9      0      9      7   1295      4     15     14  26708  17809      5   8648    255      3    116  27081      4      1   7262    566     11   2301    126      2    415  42538  14419      0      0      0      0   5942   2581      0      0  
   31   6828      5  49400  79617   3493  19054     31      0   6172      4   1260     41     21  54757  18881   2236      3    569   3736     78  21845    576   4005  44817     33    565      0      0      6   7122     10   4363    327     45     30      0      4     51      0      9    172    181      5      7   4878  44958   1705    965    284  
    1   1636      2   1013   3752   2630     38     19  35485      0      9   6768      5    208  11129      0  65721      0   2054  13072      1      3      7   2646  71725    148    402     29  34475      0  24222  10058   1329      0  46013  56817   1243    304    413   4590      9     34      0    146    210   8146      0     28   6272      0  
   22      0     21      0     30  27204      5   5905   3153  22175      0     15     53      6   6760      0      2   3852      0      2    184   7973   2107  34865     69   3412   6628    509     34    990  44401    554     62      0  17627      0      1      0      0      0   1968      0   4053      1      0      1      0     14      0   2111  
  233  47713    567      3     67   1429    252      0      0    841     56      0  90384   2650  17490  13971    587    495  28502    838      0   7622  39827      0    158   2013   4850     10    130   2206      0      1  23910      1   1771    267  12759   2445    230  11133   1443    407     14     24   7713  80642      0  13576      3     70  
  328    959   2069      4   8153      0   8006   3795   2000      0      4   3507      0     30     83    223  22823    782     10  24180  39241  38725    905     59     80   6485  46805      0  11315     10    122      0     44      1      2  44470     19   1848      1      0     43   2074      5      4    943      0    125    137      0    347  
  942      0  27583      0      0  51678  10657     37      0      0      1      0      0      0  13718    256    255      0   2927  19305      2   1834     69   8925     25      3    552   7950  39778   1453      0  41769  35311     74    942  13847    207     17     36      2  11399    452   1099      1   1180  16070      0   5341      0   3608  
10330      8      3  35093     56      0     17  10255    342   2802   7639     73      1   1421      0     65     19      5  48548      1    147  24458  17296   4765      0      0      0   8258      1   8279     11      2    460   6823     49      1     57  89507     77    842  77640     19   5421    394      2    376    195     77     23   1233  
   10      0      1  27476     23  13557      1     10   6204     76  42947    450      8  39480     14      0   8963      6  93430    615    849     63     14      0      0      0    459    366     69    942      1    538    464      0   2989  93504   6050      0      4     44    160      0   2338   1685    127   5935   1227    276    462      0  
  533    242   2459    264      0  64269      0      1      3     34  13332   2783      0    500   1215      0      0      7      1    418      9      0      3   6581     35    616  93072  92304      1   9164  13432     49      0    104   5435      1      0   2875      0      1      0    634     61   7030    473     39   4604   1268  26677     93  
  193   8700    243     24      3  16167  81758   9137      5    362     25      8     63      0  21234   4533   4504      0   1018  67655    156   2700  30807     28   7652   1229      0     25   3811   1142      0     10     37      0     66     36      0      0      0   5949      7    248     25  31475     32   1709     62      0      1      0  
  159     26  18603    100      2      2   8345     42      4  38066   1138    258     97      3  25254     14  11634   1212      0  18356  18474      3    609     32      0     44  10987  29878   4556     11     84      7    278      0      2      0     80      0     54    868      2    174   4015    110      8    182   1526   3586      0   7309  
    0      0      2  18466    197     42     20     83   6120   7242    491    288    835    660  17291    241    262      3     20      0      0    204      9     34  95909      9   8864  16030  21278      0      0   3203      5   9104    198    275    242      0   2127    159      1   7493    706     33      0     77      0      1   6167      0  
    7      1     30    365   6107     13      0  35087     12      7  56137      5     93      2      3   7171  11074      0  36345    673      0      0  11692      2      0  13303   9990   4689   2118  52188      2      1     54     28  54456     33   3718  30497      0    826     11      0     15      6      0      6   1794      0      0      0  
  508  40028     35     45      5     63  15149      0     20      0  10701      2      4    102     79  61931      0   5439  12504  52162     45      0      0      0     32   1417      4      7  16119  68745     10    726      0   1781     15      9   1911    393     13   2191      0   4746     27     11      4    118   5430    648      2      1  
   16   2809  36793      1      9      0      1  34140      1  60342   7211     24      5  85249      4      5  10672   2442  26808   3017     59      1      0    285    210  80463   7116      9  37835  72393  53821  20143      7     25      0  31660    240  15772  25121     10      2   3758   3873    440   7786    523      1     62    720      0  
   74    625  14095    418      0     22  87903      2    460  13374     39  42284      0     39      0      9  93446     62    174    250     37     13    343      0     15      0  39276    201      4    893  27928     11     27    162      1      0      7    302    354    660    140     21   7816    961    122      5  14724  35123      0    166  
60221  16067    898    114    897  43548      0     12   4658      0      6    322      5    628     81   4744      0   1021      3  18910     34    222      1      2      0      2      0  45411    181   2377  30867    555   5856      1      0    511    224    211      0     27    568      0  10152      1   8634      0  57482      1      8     32  
13728      1      2    422      1      0   4326   1980   1800     12   1157    461      6    227   1197      2  25951      0  13165   1995      0      0   2296   2635      7      0     68   4264      1    126      0  36870    210  40917  30440      0    395      2   1616   4112     76   2220      0  54179   2909    541      0    254      1  24145  
11511   4509  13726   1820     26    756      0      8   3429    209      4     50  12973      0     56      0   1011     23   9458   4320      1    598  19558      4      0     47      0      5  49310      3     49      0   1174     69  49364    497     11      0      0      5    451   3919     37     27    623      0  45656      0      1      2  
48106      0      0   1802     61   9553      1  18655   3945   6506   3079      3      0    602    186      0   3452   1016    209    112  44351   4203      0      0      3      0    247      0      5  51030   9616     54   3659      3   4116     51      2    157     19    144     22     74      1     17     18    751     11   3071      0   1544  
87148   4171    153      1   2755  37883     81  20675      0    175      0      1   2873   3609      1    199  37183   8233  20168      0      0   2314   2294      4      0     41  84142    302      0     16      0      1     15      0      0      6  18094    392      7  37890    921      6      0   1636  22018   8292      0      5  54119     25  
 3393  23618   3036    420     83     10      0   8006     28    989     73      2     79      0      2      0      0  30175  31272    322   7517    231    578    260   1247      6      4     79   2356      0      0      0     13      0      0     19      3     13  52761  78256      0      0   2580      0      0   5432      5     10      2   8179  
49523      2     43      4    165      7  47829      0    427  12661      2      0    746  14403    275  12511   7822     26  11527      0      1      0      0   6453      1  41888    392     28      5      3      0      0     39     14     24    164  74073    118   7103   1559      5    246   2588   7017    810  56580      6      1      4      0  
    4  20951    299    900   4153     54    230     42      1   4238  10824      0   1628    101      0      1  14295      0      0  24147  59262   4295  16048   2269      0      0      0   3883      0     79  51853      0      9    232   1391     23      1      6      0      7     11      2    113      1  42756  40374     84  19601   6427     38  
    0      4  30286   1514   6576      0      6     74     26      2     19      3    119      0      8      2  36649  34345    363   1153    310      0    143      6      0      0     83  31445   1719     31  24476  56346      0      1   6417      0      2   2935      5  57138      7     78      2    410   1678      2      0      0      0      0  
    0      1      0      5     47    728      0    723     93    725      0     94   1516     14      0     32  85927      0   8055   4646      0      0      0    607   5159      0   3908      9     16    131     11  58469    111      0    251      0      2     15      0    239    308     11      0      0      0   1089   2218   4295    225    106  
10654      0   7530  11149   2002     11  52091  19049      1   1295   1922     83  10351    108   1389   8963   1181      3      6  12797      0      1      7     58      1  55053      3    108     12  60108   2717  77626    265   6278      0   5136  22588  14889      1      0      0   7278    155      3  34415  16286      0      7  76293  16134  
    0      0  84073    402      2   1291    172  86517  77770     15   8564     16     13      0  14589  25634    219    250      1     15     69  89854      0    892   4839      0      1  10447     75      1      1      7  23038      1   1481      0  54723    856      3      0  10207     53      9      5     25      0    180      0      0      7  
52891   2005     37    506      0     96  44411      0    108      5    450    372      0    191  64507  77039      0      1  51993   6361     13  61690    632    131      1     12  23746   1171     37   9873  15719      0   9269      0     68   1934      0      1      0      5    352    452      6  15480   2649      0    166      0     12     78  
  759   4604      3      0  49678  33434  15732      0    205      2      0     14     44  42608  30711    853     91   6357     22    119   1579      4      2     62      1    247   1965     14  17230      4   2783   1256  19837   3893      0   1133      9      0  14245  51113   2717    505  46379   4345      0      0   2222    287     34    343  
  300      0      0     19     47     21    414    843  36016     27     41      0   6858     58  51801    181   2225      3  16432     29    122   4244    432      0  55965    203  21438      6    112    592  13100      0      1    340      0    158   6904      2      0  23404     18   4720     90  45649      1     22     55   2057   2104  13226  
    1  73470      0   1000   7093   1012   3920   4936      2      1  13426      0      0    720   1091   1155      0   2396     20  22084      0    136     54      0      0      0  22401     13  39398    341      1      0   7957      8      7      0     72  58588      1      0  71632     46      0      0    586     14    113    110   3171     90  
77827      0    117   1561    377    697      0      3      4    712     15     15     13  51390     30    568      0  50655  17484      1      0      0   6716      2    575   1439  74648      1   2482    566    155      0      0     20      1     58      5      3  75612   1887      0     83  91769      0     39   6010  65340   1491      3  46737  
 3657  13542      0      0    679      1  34137      2      4      0      1     48     63     43    135      0      0   6765   4224      0     42      0      0      1    468   4373   9493      5    890  96292   1111   1929   8526   2859   1908    209   2256      0     22    403    311      0    255      4   3287  44716     61  55832  13482     14  
    4    988      0      0      0      2     26   1150  17175      1      4      0      0     36     87      2     18  40703     60      0  48834      0  47644  15981      0      0   4892  11191  17946    146      0    951   1680      0     13  20797     23   2489  51498    339   1913      1      0      4      3   1087     13   1487    421     18  
  483    389  28125      2      0   5277      4  11059   6467    710      0  60558  93087      6  11972   1380     20     66     64     21  30431      0  45466    297      2   4189   3992      6    532      0      0      0    723      0  94574    602   5201   6912  11133    261    192  14785   2849      0      1      0     32     65      0  19564  
  216     28      0  77765   2034   2952  24972   1274      1      1      0      1      1      1    914    972   1261  30859      0      2    262    225      8    431     30   3305      0     51    162      0      0      0     47      3    493    427      0  53096      0      0      2      7   3726  72719      0     23      0    292      3   6866  
   11   3175      0    332    178      0     50     75      1      0      6    110      0  82437    197      1     95     28  32798    513      0      0      0      4      0   5861      0      0      0  45939      4    289  31634      0      0     60      0      0      0  31130      0   4250  13689      0   1257      0     12  45650    687      0  
  113      0   1537     22      1    886  89124    373    146     17  26570     18  56424  57073      5    380   4163     54  26375    122   1341  63008   3352    192      1    954   1937      2      9     12      0    536   4147     17      0    160  11814      0     60     18      7     44      0      0      1      9      0   1435     10   1188  
    0      0  28691   6605  39309    468      0      6      0      1   5746  72248     34    649      1      0      5      2    135   7636   2931    775  63333    183   3857   1942  25477    264   1419      0   1304      0     12      3    202      0     73      4      3      1    438      8      1  31888   8924      9  23851      0     50   4164  
    3   1501  31604      2      0   2341      0      1      3   3610      0  24556    231    248      0  48408      1  24334   5622   4212      0  23458      1   7196   2337      0    427    276      1   6908  51255      0      3     14   1743  20124     21   1554     20   1170  80822     19      0    198   2862   1101   1504      2      0     19  
    0  12040      0  13454    109   2873      9      0    643      0     14      1     10    148     15      8      2   6156    111  49699    838   5893    465      1    269  59106   2771      1     11      7      1     26      0      0      0      0   2035  34604    318      1  21775  31752      4     16    110   2607   5014   1524     94      0  
