120

    0     85     41     41     88     88     73    102     23     45     33     43    102     48     31     32     92     89   1313   1356   1384   1300   1343   1383   1297   1317   1290   1304   1343   1349   1278   1276   1376   1290   1216   1300   1350   1049   1018   1037   1027   1011    978   1039   1028   1043   1113   1053   1123   1078   1064   1095   1083   1049   1067   1003   1036   1015   1000   1108   1065    918    976    924    941    878    931    949    967    967    910    943    954    947    984    914    972    984    937    945    866    895    965    943   1015   1586   1544   1566   1585   1529   1514   1549   1513   1590   1470   1559   1549   1498   1559    916    874    887    740    825    872    786    801    787    849    829    833    834    763    830    872    798    822    826    817    756  
   85      0     57     57     73     58    124    105     99     41    107     44    117     62     87     88     26     71   1262   1299   1332   1245   1288   1329   1247   1266   1235   1251   1286   1294   1222   1227   1323   1236   1163   1247   1296    988    956    976    966    948    918    978    966    983   1051    992   1064   1015   1007   1034   1021    986   1008    938    973    958    942   1049   1001    835    894    840    857    794    848    866    885    883    827    859    870    864    902    830    888    901    854    861    783    811    882    859    932   1513   1468   1491   1509   1453   1439   1475   1436   1515   1395   1483   1474   1424   1483    831    789    803    656    740    789    702    716    703    764    744    749    749    680    746    789    714    737    741    732    680  
   41     57      0      2     93     48     70     72     46     25     52     18     78     12     61     62     73     92   1310   1350   1381   1295   1338   1379   1295   1315   1285   1300   1337   1344   1272   1275   1372   1286   1212   1296   1346   1010    978    997    988    971    938    999    989   1004   1074   1013   1084   1038   1025   1055   1043   1009   1027    963    996    976    961   1069   1025    889    950    893    911    849    902    920    940    937    882    914    925    918    957    884    943    957    909    916    838    864    937    913    986   1569   1524   1547   1565   1509   1495   1531   1492   1571   1451   1539   1530   1480   1539    885    843    858    709    795    844    754    769    758    817    797    802    803    735    801    843    769    791    796    786    736  
   41     57      2      0     94     47     69     71     46     26     52     19     76     10     63     64     74     94   1311   1351   1382   1296   1339   1380   1296   1316   1286   1301   1338   1345   1273   1276   1374   1287   1213   1297   1347   1009    977    996    987    970    937    998    988   1003   1073   1012   1083   1037   1024   1054   1042   1008   1026    962    995    974    960   1068   1024    889    950    893    912    850    903    921    940    937    882    915    925    918    957    885    943    957    909    916    838    864    937    913    987   1569   1525   1547   1566   1510   1495   1531   1493   1572   1452   1540   1530   1481   1540    885    843    858    710    795    844    754    769    758    817    798    803    804    735    801    844    769    791    796    786    736  
   88     73     93     94      0    123    156    163    111     70    120     76    170    104     65     65     53      3   1225   1269   1296   1212   1255   1295   1209   1229   1202   1217   1255   1262   1191   1188   1288   1202   1128   1212   1263   1057   1023   1045   1034   1015    988   1047   1034   1052   1119   1061   1133   1082   1077   1103   1088   1054   1077   1004   1040   1027   1011   1118   1068    855    907    865    878    812    866    885    900    907    845    877    888    883    916    850    907    915    871    881    799    836    901    881    950   1505   1464   1487   1506   1449   1433   1468   1435   1510   1389   1479   1469   1417   1479    856    815    822    682    763    807    730    745    723    793    771    772    773    696    766    809    734    763    763    756    678  
   88     58     48     47    123      0     86     49     88     59     91     55     63     41    107    108     83    121   1316   1352   1386   1298   1341   1383   1301   1321   1289   1305   1339   1347   1275   1283   1378   1290   1217   1300   1350    962    931    950    941    924    891    952    942    957   1026    966   1037    991    978   1008    996    962    980    916    949    928    914   1022    978    862    926    863    883    824    876    893    915    907    855    889    899    891    933    857    917    932    883    889    813    834    910    884    960   1556   1509   1532   1550   1494   1480   1517   1475   1556   1437   1524   1515   1467   1525    856    813    831    680    767    818    723    738    731    786    767    773    775    710    774    817    743    761    768    758    721  
   73    124     70     69    156     86      0     60     52     93     45     87     49     63    104    105    142    156   1379   1419   1449   1364   1407   1447   1363   1383   1354   1369   1406   1413   1341   1343   1441   1355   1280   1365   1415   1015    986   1003    994    980    943   1005    996   1008   1081   1018   1087   1046   1026   1060   1050   1016   1030    974   1004    977    964   1072   1034    947   1011    949    969    909    961    979   1000    992    941    974    984    976   1018    942   1002   1017    968    974    898    920    995    970   1045   1636   1590   1613   1631   1576   1561   1598   1557   1637   1518   1606   1596   1547   1606    941    898    917    765    852    903    808    823    816    871    852    859    860    795    859    902    828    846    853    843    802  
  102    105     72     71    163     49     60      0     91     93     89     87     17     61    130    131    129    161   1365   1401   1435   1347   1390   1431   1350   1370   1338   1353   1387   1396   1323   1331   1426   1339   1265   1349   1398    958    929    946    937    922    886    948    938    952   1023    961   1031    989    970   1003    992    959    974    916    947    921    908   1016    977    899    966    899    920    863    914    931    954    943    894    927    937    928    972    895    955    972    922    926    852    870    948    921    997   1601   1554   1576   1594   1539   1525   1563   1519   1601   1482   1569   1560   1513   1569    891    848    869    716    804    856    757    772    769    820    802    810    811    750    812    854    781    796    805    794    766  
   23     99     46     46    111     88     52     91      0     60     10     56     88     48     53     53    110    111   1336   1378   1406   1322   1365   1405   1319   1339   1312   1327   1365   1372   1300   1298   1398   1312   1238   1322   1373   1045   1015   1033   1024   1008    974   1035   1025   1039   1110   1049   1119   1075   1059   1091   1079   1045   1062   1001   1033   1010    995   1103   1062    933    993    938    956    893    946    964    983    981    925    958    969    962   1000    928    987   1000    952    960    882    909    980    957   1030   1606   1563   1586   1604   1548   1533   1569   1532   1610   1489   1578   1569   1518   1578    930    887    902    754    839    888    799    814    802    862    842    847    848    778    845    887    813    835    840    831    775  
   45     41     25     26     70     59     93     93     60      0     69      7    101     35     52     54     51     69   1286   1327   1357   1271   1314   1355   1271   1291   1262   1276   1313   1321   1249   1251   1349   1262   1188   1272   1322   1016    984   1004    994    977    945   1006    994   1010   1079   1020   1091   1043   1032   1062   1049   1014   1034    967   1001    983    968   1076   1030    874    933    880    897    834    887    905    924    923    866    899    910    903    941    870    928    940    893    901    822    851    921    898    971   1548   1504   1527   1546   1489   1474   1510   1473   1551   1431   1519   1510   1460   1519    871    829    843    696    780    829    742    757    743    804    784    788    789    719    786    828    754    777    781    772    716  
   33    107     52     52    120     91     45     89     10     69      0     64     85     53     62     62    119    121   1345   1388   1416   1332   1375   1415   1329   1349   1322   1336   1375   1381   1310   1308   1408   1322   1248   1332   1383   1046   1015   1033   1024   1009    973   1035   1025   1039   1110   1049   1118   1075   1058   1091   1079   1046   1062   1002   1033   1009    995   1103   1063    941   1001    945    963    901    954    972    991    988    933    966    977    970   1008    936    995   1008    960    968    889    916    988    964   1038   1615   1572   1595   1613   1557   1542   1578   1541   1619   1498   1587   1578   1527   1587    937    894    910    761    846    896    806    821    809    869    849    854    855    786    852    895    821    843    848    838    784  
   43     44     18     19     76     55     87     87     56      7     64      0     95     28     54     55     56     75   1293   1333   1363   1277   1320   1361   1277   1297   1268   1283   1319   1327   1255   1257   1355   1268   1194   1279   1329   1014    982   1001    992    975    943   1004    993   1008   1077   1018   1089   1042   1030   1060   1047   1013   1032    966   1000    981    966   1074   1029    878    937    883    900    838    891    909    928    926    870    903    914    907    945    873    932    944    897    905    826    854    925    902    975   1553   1509   1532   1551   1494   1480   1516   1478   1556   1436   1524   1515   1465   1524    875    832    847    699    784    832    745    760    747    807    787    792    793    723    790    832    758    781    785    776    721  
  102    117     78     76    170     63     49     17     88    101     85     95      0     67    132    133    141    169   1378   1415   1448   1361   1404   1445   1363   1383   1351   1367   1401   1409   1337   1344   1440   1352   1279   1363   1412    967    937    954    946    931    894    956    947    960   1032    969   1038    997    978   1011   1001    967    982    925    956    929    915   1023    986    915    982    915    936    879    930    947    970    959    910    943    953    944    988    911    971    988    938    942    868    886    964    937   1013   1617   1570   1592   1610   1555   1541   1578   1534   1617   1498   1585   1575   1528   1585    907    864    885    732    820    872    773    788    785    835    818    826    827    766    828    870    797    812    821    810    782  
   48     62     12     10    104     41     63     61     48     35     53     28     67      0     71     72     80    103   1319   1358   1389   1303   1346   1387   1303   1323   1294   1308   1345   1352   1280   1284   1381   1294   1220   1304   1354   1002    971    989    980    964    931    992    981    996   1066   1005   1076   1031   1017   1047   1035   1001   1019    956    989    967    953   1061   1018    891    952    894    913    852    904    922    942    938    884    917    927    920    960    886    945    959    911    918    840    865    938    914    988   1574   1529   1551   1570   1514   1500   1536   1496   1576   1456   1544   1535   1485   1544    886    843    860    711    796    846    755    770    760    817    798    804    805    737    803    845    771    792    797    788    741  
   31     87     61     63     65    107    104    130     53     52     62     54    132     71      0      2     85     66   1287   1331   1358   1275   1317   1358   1270   1291   1264   1279   1318   1324   1253   1249   1350   1264   1190   1274   1325   1068   1036   1055   1045   1028    997   1057   1046   1062   1131   1071   1142   1095   1084   1113   1100   1066   1086   1019   1053   1034   1019   1127   1082    911    966    919    934    869    923    941    958    961    902    934    945    940    974    906    963    974    928    937    857    889    957    936   1007   1569   1527   1550   1569   1512   1497   1532   1498   1574   1453   1542   1533   1480   1542    910    868    879    735    818    864    782    797    779    845    824    827    827    754    822    865    790    817    819    810    741  
   32     88     62     64     65    108    105    131     53     54     62     55    133     72      2      0     85     66   1287   1331   1357   1274   1317   1357   1270   1290   1264   1278   1318   1324   1253   1249   1350   1264   1190   1274   1325   1069   1037   1056   1046   1029    998   1058   1047   1063   1132   1072   1143   1096   1085   1114   1102   1067   1087   1020   1054   1036   1021   1128   1083    911    966    919    934    869    923    942    959    962    902    934    946    940    975    906    964    974    929    938    857    890    958    936   1007   1569   1527   1550   1569   1512   1497   1532   1498   1574   1453   1542   1533   1480   1542    910    869    879    735    818    865    783    798    780    845    824    827    828    754    823    865    791    817    819    811    741  
   92     26     73     74     53     83    142    129    110     51    119     56    141     80     85     85      0     50   1239   1278   1310   1223   1266   1307   1224   1244   1214   1229   1265   1272   1201   1205   1301   1215   1141   1225   1275   1005    972    993    982    964    936    995    983   1000   1067   1009   1081   1031   1025   1051   1037   1002   1025    953    989    975    959   1066   1017    828    885    835    851    787    841    859    877    878    820    852    863    857    893    823    881    893    846    855    775    806    875    853    925   1498   1454   1477   1495   1439   1424   1460   1423   1501   1380   1469   1460   1409   1469    827    785    796    651    735    782    698    713    697    761    740    743    744    672    740    782    708    733    736    727    666  
   89     71     92     94      3    121    156    161    111     69    121     75    169    103     66     66     50      0   1225   1268   1296   1212   1254   1295   1209   1229   1202   1216   1255   1261   1190   1188   1288   1202   1127   1212   1262   1054   1021   1042   1032   1013    985   1044   1032   1050   1116   1059   1131   1080   1074   1101   1086   1051   1075   1001   1038   1025   1009   1116   1066    853    905    863    876    810    864    883    899    905    843    875    887    881    914    848    905    914    869    879    797    834    899    879    948   1504   1463   1485   1505   1447   1432   1467   1434   1509   1388   1478   1468   1415   1477    854    813    820    680    761    805    728    743    721    791    769    770    771    695    764    807    732    761    761    754    677  
 1313   1262   1310   1311   1225   1316   1379   1365   1336   1286   1345   1293   1378   1319   1287   1287   1239   1225      0    112     71     67     68     87     31     20     59     41    109     84    101     69     65     44    102     39     66   1730   1688   1725   1707   1672   1701   1726   1702   1739   1755   1742   1808   1719   1788   1768   1738   1710   1773   1640   1692   1753   1728   1797   1701    892    795    950    902    859    868    879    836    938    868    856    867    886    814    889    867    815    855    885    851    949    875    914    871    617    656    670    692    643    619    611    700    675    590    659    655    574    653    942    955    880    965    921    872    991    992    904    989    967    938    934    875    898    888    896    962    917    936    724  
 1356   1299   1350   1351   1269   1352   1419   1401   1378   1327   1388   1333   1415   1358   1331   1331   1278   1268    112      0    105     68     45     61    142    129     82     82     14     29     79    180     94     93    157     87     50   1701   1660   1697   1679   1643   1676   1698   1673   1711   1722   1713   1777   1688   1761   1737   1707   1680   1745   1611   1662   1729   1703   1767   1669    853    751    910    860    826    828    837    792    893    831    815    824    843    768    851    822    769    815    843    820    912    831    872    821    506    547    561    583    535    512    502    595    565    485    550    547    467    544    903    921    845    946    892    839    966    965    881    957    938    908    904    856    870    855    871    934    888    908    718  
 1384   1332   1381   1382   1296   1386   1449   1435   1406   1357   1416   1363   1448   1389   1358   1357   1310   1296     71    105      0    105     72     47     93     72    107     88    111     81    141    126     13    100    171     90     61   1783   1742   1779   1761   1726   1757   1780   1756   1794   1807   1796   1861   1772   1843   1821   1791   1764   1827   1694   1745   1809   1784   1851   1754    941    841    998    949    910    916    926    882    984    918    904    914    933    859    938    913    860    903    932    903    998    921    962    914    598    645    658    679    634    610    597    696    660    586    647    644    565    641    991   1006    930   1022    974    923   1046   1046    959   1041   1020    991    987    932    951    940    951   1016    970    990    785  
 1300   1245   1295   1296   1212   1298   1364   1347   1322   1271   1332   1277   1361   1303   1275   1274   1223   1212     67     68    105      0     44     85     91     87     16     26     58     51     37    124     93     30     91     29     53   1679   1638   1675   1657   1622   1652   1676   1651   1689   1703   1691   1756   1668   1738   1717   1687   1659   1723   1589   1641   1705   1679   1746   1650    837    738    894    846    806    812    823    779    881    814    800    811    830    757    834    810    757    800    829    799    894    818    858    812    559    594    609    632    581    557    551    636    615    527    598    594    513    592    887    902    826    918    870    819    942    941    855    936    916    886    882    828    847    835    846    911    866    885    683  
 1343   1288   1338   1339   1255   1341   1407   1390   1365   1314   1375   1320   1404   1346   1317   1317   1266   1254     68     45     72     44      0     43     99     85     54     44     44     16     74    137     59     58    131     50     11   1716   1675   1712   1693   1658   1690   1713   1688   1726   1738   1728   1793   1704   1775   1753   1723   1696   1760   1626   1678   1742   1717   1783   1686    871    771    928    879    842    846    856    812    914    848    834    844    863    789    869    843    790    833    862    835    929    851    892    843    550    591    605    627    578    555    545    637    609    527    594    590    510    588    921    937    861    956    906    855    979    979    893    972    952    923    919    866    884    871    884    948    903    922    723  
 1383   1329   1379   1380   1295   1383   1447   1431   1405   1355   1415   1361   1445   1387   1358   1357   1307   1295     87     61     47     85     43      0    116     97     94     80     70     44    116    153     38     95    169     85     33   1755   1714   1751   1733   1698   1730   1752   1728   1766   1777   1768   1832   1743   1815   1792   1762   1735   1799   1665   1717   1782   1757   1822   1725    909    808    966    917    881    884    894    849    951    887    872    881    900    826    907    880    827    871    900    874    968    888    929    879    552    598    611    633    587    563    551    649    613    539    600    597    518    594    959    976    900    997    946    894   1019   1018    933   1012    992    963    958    907    923    910    924    988    942    962    765  
 1297   1247   1295   1296   1209   1301   1363   1350   1319   1271   1329   1277   1363   1303   1270   1270   1224   1209     31    142     93     91     99    116      0     22     79     66    138    114    121     39     89     63     98     62     97   1732   1691   1727   1709   1675   1702   1728   1704   1741   1758   1744   1811   1723   1790   1771   1741   1713   1775   1643   1695   1755   1730   1800   1704    898    804    956    909    864    875    887    844    946    874    864    875    893    823    896    876    824    862    892    856    954    883    922    881    646    683    698    721    670    646    639    726    703    617    687    683    602    681    949    960    885    966    924    877    994    995    906    993    971    942    938    876    902    893    898    966    920    939    722  
 1317   1266   1315   1316   1229   1321   1383   1370   1339   1291   1349   1297   1383   1323   1291   1290   1244   1229     20    129     72     87     85     97     22      0     78     61    127    101    121     57     69     63    113     59     82   1744   1703   1740   1722   1687   1715   1741   1716   1754   1770   1756   1822   1734   1802   1783   1753   1725   1788   1655   1707   1768   1743   1812   1716    908    812    966    918    875    884    896    853    955    884    873    884    902    831    905    884    832    872    902    867    964    892    931    888    635    674    689    711    662    638    630    719    693    609    678    674    593    672    958    971    895    979    936    887   1006   1007    918   1004    982    953    949    889    913    904    910    977    932    951    737  
 1290   1235   1285   1286   1202   1289   1354   1338   1312   1262   1322   1268   1351   1294   1264   1264   1214   1202     59     82    107     16     54     94     79     78      0     21     73     64     43    111     96     17     78     20     61   1678   1637   1674   1656   1621   1651   1675   1651   1688   1702   1691   1756   1667   1737   1716   1687   1659   1722   1589   1641   1703   1678   1746   1649    838    740    895    847    806    814    824    781    883    814    802    812    831    759    835    812    759    801    830    799    895    820    860    815    573    607    623    645    594    570    565    648    629    539    612    607    526    606    888    902    826    916    869    819    941    941    853    936    915    886    882    826    846    836    845    911    865    885    679  
 1304   1251   1300   1301   1217   1305   1369   1353   1327   1276   1336   1283   1367   1308   1279   1278   1229   1216     41     82     88     26     44     80     66     61     21      0     75     58     62    101     77     15     90      6     49   1698   1657   1694   1676   1641   1671   1695   1671   1708   1723   1711   1776   1687   1757   1736   1707   1679   1742   1609   1661   1723   1698   1766   1669    858    760    916    867    826    834    844    801    903    835    822    832    851    779    855    832    779    821    850    819    915    840    880    835    581    618    633    655    605    581    574    661    638    551    622    618    537    616    908    922    847    936    889    839    960    961    873    956    935    906    902    846    866    856    865    931    885    905    698  
 1343   1286   1337   1338   1255   1339   1406   1387   1365   1313   1375   1319   1401   1345   1318   1318   1265   1255    109     14    111     58     44     70    138    127     73     75      0     30     65    175     99     85    146     80     52   1689   1648   1685   1667   1632   1664   1686   1661   1700   1710   1701   1765   1676   1749   1726   1696   1669   1733   1599   1651   1717   1692   1755   1658    842    740    899    849    814    817    826    781    883    819    804    813    833    758    840    812    758    804    832    808    900    820    861    811    508    548    562    584    535    512    503    594    566    484    551    548    467    545    892    909    833    933    880    827    954    953    868    945    926    897    892    843    858    844    859    922    877    896    705  
 1349   1294   1344   1345   1262   1347   1413   1396   1372   1321   1381   1327   1409   1352   1324   1324   1272   1261     84     29     81     51     16     44    114    101     64     58     30      0     75    153     69     71    141     63     22   1712   1671   1708   1690   1655   1687   1709   1685   1723   1734   1725   1789   1700   1772   1749   1719   1692   1756   1622   1674   1739   1714   1779   1682    866    765    923    874    838    841    851    806    908    844    829    838    858    783    864    837    784    828    857    831    925    845    886    837    534    576    590    611    563    540    530    622    593    513    579    575    495    572    917    933    857    954    903    851    976    975    890    968    949    919    915    864    880    867    881    945    899    919    723  
 1278   1222   1272   1273   1191   1275   1341   1323   1300   1249   1310   1255   1337   1280   1253   1253   1201   1190    101     79    141     37     74    116    121    121     43     62     65     75      0    151    128     59     89     63     84   1643   1602   1639   1621   1586   1617   1640   1616   1654   1667   1656   1720   1632   1703   1681   1651   1623   1687   1554   1605   1669   1644   1710   1614    800    701    858    809    770    776    786    742    845    777    764    774    793    720    798    773    721    763    792    763    858    781    822    775    540    571    587    610    557    533    530    610    594    501    576    571    489    570    851    866    790    883    834    783    906    906    820    900    880    851    847    793    811    799    811    876    830    850    650  
 1276   1227   1275   1276   1188   1283   1343   1331   1298   1251   1308   1257   1344   1284   1249   1249   1205   1188     69    180    126    124    137    153     39     57    111    101    175    153    151      0    124     95    104     97    135   1735   1693   1730   1712   1677   1703   1731   1707   1744   1762   1747   1814   1726   1792   1774   1745   1716   1777   1646   1698   1756   1731   1803   1708    906    814    965    918    870    883    896    854    956    882    873    884    903    834    904    886    835    871    902    862    961    893    931    893    682    718    733    756    705    681    675    759    739    650    722    718    637    716    957    967    892    967    928    883    997    998    908    998    976    946    942    877    906    900    901    970    924    943    720  
 1376   1323   1372   1374   1288   1378   1441   1426   1398   1349   1408   1355   1440   1381   1350   1350   1301   1288     65     94     13     93     59     38     89     69     96     77     99     69    128    124      0     90    162     80     49   1771   1730   1767   1749   1714   1744   1768   1744   1781   1795   1784   1848   1760   1830   1809   1779   1751   1815   1682   1733   1797   1772   1838   1742    928    829    986    937    898    904    914    869    972    905    891    901    920    847    926    901    848    891    920    891    986    909    949    902    589    636    649    670    624    601    588    685    651    575    638    635    555    631    978    994    918   1010    962    911   1034   1034    947   1028   1008    979    975    920    939    927    939   1003    958    978    774  
 1290   1236   1286   1287   1202   1290   1355   1339   1312   1262   1322   1268   1352   1294   1264   1264   1215   1202     44     93    100     30     58     95     63     63     17     15     85     71     59     95     90      0     75     11     63   1689   1647   1684   1666   1631   1661   1685   1661   1698   1713   1701   1766   1678   1747   1727   1697   1669   1732   1599   1651   1713   1688   1756   1660    849    752    907    859    817    825    836    793    896    826    814    824    843    771    847    825    772    813    842    810    906    832    872    828    589    623    639    661    610    586    581    665    644    556    628    623    542    622    900    913    838    925    879    830    951    951    863    947    926    897    893    835    857    847    855    921    876    895    687  
 1216   1163   1212   1213   1128   1217   1280   1265   1238   1188   1248   1194   1279   1220   1190   1190   1141   1127    102    157    171     91    131    169     98    113     78     90    146    141     89    104    162     75      0     85    137   1635   1594   1630   1612   1578   1605   1631   1607   1644   1662   1647   1714   1626   1693   1674   1645   1616   1678   1546   1598   1657   1632   1703   1608    804    711    862    815    768    780    793    751    853    779    770    781    799    730    801    783    731    768    798    760    859    790    828    789    623    649    666    689    634    611    611    683    674    576    655    649    568    649    854    865    790    869    827    781    897    898    809    897    874    845    841    779    805    798    801    869    824    843    625  
 1300   1247   1296   1297   1212   1300   1365   1349   1322   1272   1332   1279   1363   1304   1274   1274   1225   1212     39     87     90     29     50     85     62     59     20      6     80     63     63     97     80     11     85      0     54   1697   1656   1693   1674   1640   1669   1694   1669   1707   1721   1709   1775   1686   1756   1735   1705   1677   1741   1608   1659   1722   1697   1764   1668    857    760    915    867    825    833    844    800    903    834    821    832    850    778    855    832    779    820    850    818    914    839    879    835    586    622    637    660    609    585    579    664    642    555    626    622    541    620    907    921    846    934    888    838    959    959    872    955    934    905    901    844    865    855    864    929    884    903    696  
 1350   1296   1346   1347   1263   1350   1415   1398   1373   1322   1383   1329   1412   1354   1325   1325   1275   1262     66     50     61     53     11     33     97     82     61     49     52     22     84    135     49     63    137     54      0   1726   1685   1722   1704   1669   1700   1723   1699   1737   1749   1739   1803   1714   1786   1764   1734   1706   1770   1637   1688   1753   1728   1793   1696    882    782    939    890    852    857    867    822    925    859    845    855    874    800    880    854    801    844    873    846    940    862    902    854    555    597    611    633    585    561    551    644    614    534    600    596    516    594    932    948    872    967    917    865    990    989    903    983    963    934    930    877    894    882    895    959    913    933    733  
 1049    988   1010   1009   1057    962   1015    958   1045   1016   1046   1014    967   1002   1068   1069   1005   1054   1730   1701   1783   1679   1716   1755   1732   1744   1678   1698   1689   1712   1643   1735   1771   1689   1635   1697   1726      0     42     14     25     58     75     12     29     20     69     14     84     48     67     47     38     25     47     91     41     72     64     71     53    852    959    798    849    875    878    873    919    823    873    892    885    866    944    853    891    944    891    866    881    792    882    837    905   1599   1517   1533   1539   1509   1510   1557   1448   1559   1483   1532   1524   1526   1537    803    781    857    769    810    862    739    738    827    744    764    793    797    858    833    846    834    768    814    794   1021  
 1018    956    978    977   1023    931    986    929   1015    984   1015    982    937    971   1036   1037    972   1021   1688   1660   1742   1638   1675   1714   1691   1703   1637   1657   1648   1671   1602   1693   1730   1647   1594   1656   1685     42      0     38     19     17     64     38     14     52     96     54    125     61    103     87     66     31     86     52     21     89     70    112     52    812    919    758    809    835    838    833    879    784    832    852    846    826    905    813    852    904    851    826    841    752    842    798    866   1562   1481   1497   1503   1473   1474   1521   1413   1523   1446   1496   1488   1489   1501    763    741    816    727    769    822    698    697    785    704    723    752    756    817    792    805    793    727    773    753    980  
 1037    976    997    996   1045    950   1003    946   1033   1004   1033   1001    954    989   1055   1056    993   1042   1725   1697   1779   1675   1712   1751   1727   1740   1674   1694   1685   1708   1639   1730   1767   1684   1630   1693   1722     14     38      0     19     54     62      3     25     15     82     18     93     60     67     59     51     32     49     89     43     62     52     79     62    849    956    795    846    872    875    870    917    821    869    889    883    863    942    850    889    941    889    863    878    789    879    835    903   1599   1518   1533   1539   1510   1510   1557   1449   1559   1483   1533   1524   1526   1537    800    778    854    764    806    859    734    734    822    741    760    789    793    853    828    843    830    764    810    790   1015  
 1027    966    988    987   1034    941    994    937   1024    994   1024    992    946    980   1045   1046    982   1032   1707   1679   1761   1657   1693   1733   1709   1722   1656   1676   1667   1690   1621   1712   1749   1666   1612   1674   1704     25     19     19      0     36     60     20      8     34     87     35    108     57     85     71     56     26     67     71     28     74     59     95     55    831    938    777    828    854    857    852    898    803    851    871    865    845    924    832    870    923    870    845    859    771    861    817    885   1581   1500   1516   1522   1492   1492   1540   1431   1541   1464   1515   1507   1508   1519    782    760    835    746    788    840    716    716    804    723    742    771    775    835    810    824    812    746    791    772    998  
 1011    948    971    970   1015    924    980    922   1008    977   1009    975    931    964   1028   1029    964   1013   1672   1643   1726   1622   1658   1698   1675   1687   1621   1641   1632   1655   1586   1677   1714   1631   1578   1640   1669     58     17     54     36      0     72     55     30     69    105     70    139     68    120    100     77     42    102     35     26    104     83    127     55    795    903    742    792    818    821    816    863    767    816    836    829    809    888    796    835    887    835    810    824    735    826    781    849   1546   1465   1481   1487   1457   1457   1504   1397   1507   1429   1480   1472   1472   1484    746    724    800    712    753    805    681    681    769    687    707    736    740    801    775    789    777    711    756    737    964  
  978    918    938    937    988    891    943    886    974    945    973    943    894    931    997    998    936    985   1701   1676   1757   1652   1690   1730   1702   1715   1651   1671   1664   1687   1617   1703   1744   1661   1605   1669   1700     75     64     62     60     72      0     64     65     66    143     76    146    117     95    118    112     85     91    101     83     53     29    131    113    834    942    782    833    853    860    857    903    810    853    875    869    850    929    835    877    928    874    850    858    773    867    822    894   1597   1517   1533   1540   1508   1508   1555   1450   1559   1479   1532   1524   1522   1536    786    761    836    737    785    840    711    712    798    723    740    769    773    827    807    824    806    744    788    768    986  
 1039    978    999    998   1047    952   1005    948   1035   1006   1035   1004    956    992   1057   1058    995   1044   1726   1698   1780   1676   1713   1752   1728   1741   1675   1695   1686   1709   1640   1731   1768   1685   1631   1694   1723     12     38      3     20     55     64      0     26     15     80     17     91     58     66     57     49     31     48     89     42     63     54     77     61    850    957    796    847    873    876    871    917    821    870    890    884    864    943    851    889    942    889    864    878    790    880    836    904   1599   1518   1533   1540   1510   1510   1558   1449   1559   1483   1533   1525   1526   1537    801    779    854    765    807    860    735    735    823    742    761    790    794    854    829    843    831    765    811    791   1017  
 1028    966    989    988   1034    942    996    938   1025    994   1025    993    947    981   1046   1047    983   1032   1702   1673   1756   1651   1688   1728   1704   1716   1651   1671   1661   1685   1616   1707   1744   1661   1607   1669   1699     29     14     25      8     30     65     26      0     40     86     40    111     53     91     73     55     21     73     64     21     81     66     98     49    825    932    771    822    848    851    846    892    796    845    865    859    839    918    826    864    917    865    839    854    765    855    811    879   1574   1493   1509   1515   1485   1485   1533   1424   1535   1458   1508   1500   1501   1512    776    754    830    741    782    835    711    711    799    717    736    766    770    830    805    819    807    741    786    767    993  
 1043    983   1004   1003   1052    957   1008    952   1039   1010   1039   1008    960    996   1062   1063   1000   1050   1739   1711   1794   1689   1726   1766   1741   1754   1688   1708   1700   1723   1654   1744   1781   1698   1644   1707   1737     20     52     15     34     69     66     15     40      0     82     11     83     66     52     52     53     44     34    103     57     53     49     68     72    864    971    810    861    886    890    885    931    836    884    904    898    878    957    865    903    956    903    878    892    803    894    850    918   1614   1532   1548   1554   1524   1525   1572   1464   1574   1497   1547   1539   1540   1552    815    792    868    778    820    873    748    748    836    755    774    804    808    867    843    857    844    779    824    804   1029  
 1113   1051   1074   1073   1119   1026   1081   1023   1110   1079   1110   1077   1032   1066   1131   1132   1067   1116   1755   1722   1807   1703   1738   1777   1758   1770   1702   1723   1710   1734   1667   1762   1795   1713   1662   1721   1749     69     96     82     87    105    143     80     86     82      0     71     64     39    103     40     32     65     82    125     80    132    131     63     57    870    975    814    865    897    896    889    935    836    892    909    901    882    960    872    906    959    909    882    904    811    897    853    917   1600   1517   1532   1537   1510   1511   1559   1447   1557   1486   1532   1524   1529   1536    820    802    878    800    835    884    766    765    855    767    788    817    821    888    857    868    862    793    839    820   1054  
