45

    0     26    441    430    419    440    411   1085   1041    930    620    583    610    573    598   1234   1254    811    770    788    760    786    533    515    538    565    402    414    615    599    599    604    186   1035   1033   1032   1329   1298   1338   1330   1312    649    664    651    657  
   26      0    422    410    399    421    391   1064   1020    916    635    598    626    590    615   1211   1232    789    748    766    738    764    557    539    562    589    389    402    599    585    583    589    195   1024   1021   1020   1308   1277   1318   1309   1291    629    645    631    637  
  441    422      0     30     35      7     35    647    605    521    755    717    747    743    761    808    828    766    721    744    711    742    854    840    860    889    153    172    201    214    187    200    419    658    656    655    890    859    899    889    873    208    224    211    216  
  430    410     30      0     12     36     22    656    612    546    771    733    763    757    776    811    831    737    692    715    682    712    859    844    865    894    174    194    227    243    214    228    421    685    683    682    899    868    908    900    882    221    238    222    230  
  419    399     35     12      0     39     13    667    623    554    764    726    756    749    768    822    842    736    691    714    681    712    849    834    855    884    170    190    235    248    222    235    410    693    691    690    910    879    920    911    893    232    249    233    241  
  440    421      7     36     39      0     37    649    607    519    749    712    741    737    756    811    831    772    727    750    717    747    849    836    856    885    147    165    198    210    184    197    416    655    653    652    891    861    901    891    875    209    224    213    217  
  411    391     35     22     13     37      0    675    632    556    752    714    744    737    756    832    852    745    700    723    690    720    837    823    844    872    159    180    235    246    221    234    399    692    690    689    918    888    928    919    902    238    255    240    247  
 1085   1064    647    656    667    649    675      0     52    398   1286   1255   1281   1297   1308    208    223   1024    993   1012    988   1010   1469   1457   1476   1503    741    744    521    567    536    542   1055    533    535    534    245    213    254    248    227    441    431    436    437  
 1041   1020    605    612    623    607    632     52      0    400   1261   1229   1255   1269   1282    224    242    974    943    961    937    960   1435   1423   1442   1469    705    709    489    537    504    511   1016    545    547    546    292    260    301    297    272    401    393    395    398  
  930    916    521    546    554    519    556    398    400      0    954    929    951    977    984    604    618   1173   1133   1155   1125   1153   1193   1184   1200   1225    531    522    323    331    338    329    837    173    173    172    558    537    566    543    557    362    337    373    346  
  620    635    755    771    764    749    752   1286   1261    954      0     40     10     64     48   1483   1502   1402   1359   1379   1348   1377    339    343    344    357    605    591    779    726    766    756    447    955    952    951   1496   1471   1505   1485   1489    895    892    908    890  
  583    598    717    733    726    712    714   1255   1229    929     40      0     31     56     56   1452   1470   1363   1320   1340   1309   1338    333    335    339    354    569    554    746    694    732    723    409    937    933    932   1468   1443   1477   1458   1461    861    858    873    856  
  610    626    747    763    756    741    744   1281   1255    951     10     31      0     57     43   1478   1496   1393   1349   1370   1339   1367    334    338    339    353    598    583    773    720    760    750    438    954    950    950   1492   1467   1501   1481   1485    889    885    901    883  
  573    590    743    757    749    737    737   1297   1269    977     64     56     57      0     25   1491   1510   1366   1323   1343   1312   1341    280    283    285    300    597    584    783    733    769    761    408    989    985    985   1512   1486   1521   1502   1504    895    893    907    890  
  598    615    761    776    768    756    756   1308   1282    984     48     56     43     25      0   1504   1522   1389   1346   1366   1336   1364    292    296    297    310    614    601    797    746    783    774    432    992    988    987   1522   1497   1531   1512   1515    910    908    922    905  
 1234   1211    808    811    822    811    832    208    224    604   1483   1452   1478   1491   1504      0     21   1033   1010   1025   1007   1024   1650   1637   1657   1685    919    925    709    759    724    731   1225    729    732    731    203    182    208    228    176    612    607    603    611  
 1254   1232    828    831    842    831    852    223    242    618   1502   1470   1496   1510   1522     21      0   1049   1026   1042   1023   1040   1669   1657   1676   1704    939    945    728    778    743    750   1245    740    743    742    195    176    199    220    168    631    626    623    631  
  811    789    766    737    736    772    745   1024    974   1173   1402   1363   1393   1366   1389   1033   1049      0     46     23     56     26   1337   1319   1342   1367    894    917    921    958    915    933    958   1341   1340   1339   1219   1190   1227   1236   1193    823    848    809    840  
  770    748    721    692    691    727    700    993    943   1133   1359   1320   1349   1323   1346   1010   1026     46      0     24     11     21   1298   1280   1303   1329    849    872    877    914    872    889    915   1300   1300   1299   1193   1164   1201   1210   1167    781    806    767    798  
  788    766    744    715    714    750    723   1012    961   1155   1379   1340   1370   1343   1366   1025   1042     23     24      0     33      3   1315   1297   1320   1346    872    894    900    938    895    913    935   1323   1322   1321   1210   1181   1218   1227   1184    804    829    790    821  
  760    738    711    682    681    717    690    988    937   1125   1348   1309   1339   1312   1336   1007   1023     56     11     33      0     31   1288   1270   1293   1319    839    861    868    905    863    880    905   1292   1292   1290   1189   1160   1197   1206   1163    772    798    759    790  
  786    764    742    712    712    747    720   1010    960   1153   1377   1338   1367   1341   1364   1024   1040     26     21      3     31      0   1313   1295   1318   1343    869    892    898    935    892    910    933   1320   1320   1319   1208   1179   1216   1225   1182    801    826    787    819  
  533    557    854    859    849    849    837   1469   1435   1193    339    333    334    280    292   1650   1669   1337   1298   1315   1288   1313      0     19      7     36    731    726    949    906    933    929    441   1229   1225   1225   1699   1671   1708   1692   1687   1039   1044   1048   1039  
  515    539    840    844    834    836    823   1457   1423   1184    343    335    338    283    296   1637   1657   1319   1280   1297   1270   1295     19      0     24     51    718    714    938    895    922    917    426   1223   1219   1219   1688   1659   1697   1681   1676   1026   1031   1035   1027  
  538    562    860    865    855    856    844   1476   1442   1200    344    339    339    285    297   1657   1676   1342   1303   1320   1293   1318      7     24      0     29    738    733    956    913    940    936    448   1236   1232   1232   1706   1678   1715   1699   1694   1046   1051   1055   1046  
  565    589    889    894    884    885    872   1503   1469   1225    357    354    353    300    310   1685   1704   1367   1329   1346   1319   1343     36     51     29      0    766    761    983    941    968    963    476   1259   1256   1255   1733   1705   1742   1726   1722   1074   1079   1083   1074  
  402    389    153    174    170    147    159    741    705    531    605    569    598    597    614    919    939    894    849    872    839    869    731    718    738    766      0     23    229    202    212    213    319    636    633    632    977    947    986    973    963    309    313    318    309  
  414    402    172    194    190    165    180    744    709    522    591    554    583    584    601    925    945    917    872    894    861    892    726    714    733    761     23      0    228    196    211    210    321    622    620    619    978    949    988    974    965    316    319    327    315  
  615    599    201    227    235    198    235    521    489    323    779    746    773    783    797    709    728    921    877    900    868    898    949    938    956    983    229    228      0     57     17     24    547    459    457    456    751    723    761    746    739    132    120    148    120  
  599    585    214    243    248    210    246    567    537    331    726    694    720    733    746    759    778    958    914    938    905    935    906    895    913    941    202    196     57      0     50     34    516    451    448    447    793    765    802    787    782    188    176    203    177  
  599    583    187    214    222    184    221    536    504    338    766    732    760    769    783    724    743    915    872    895    863    892    933    922    940    968    212    211     17     50      0     19    530    472    470    469    768    739    777    763    756    139    129    154    129  
  604    589    200    228    235    197    234    542    511    329    756    723    750    761    774    731    750    933    889    913    880    910    929    917    936    963    213    210     24     34     19      0    530    459    457    455    771    743    780    766    759    154    143    170    144  
  186    195    419    421    410    416    399   1055   1016    837    447    409    438    408    432   1225   1245    958    915    935    905    933    441    426    448    476    319    321    547    516    530    530      0    918    915    914   1293   1263   1303   1290   1279    616    625    623    619  
 1035   1024    658    685    693    655    692    533    545    173    955    937    954    989    992    729    740   1341   1300   1323   1292   1320   1229   1223   1236   1259    636    622    459    451    472    459    918      0      4      5    642    628    648    621    647    523    498    536    506  
 1033   1021    656    683    691    653    690    535    547    173    952    933    950    985    988    732    743   1340   1300   1322   1292   1320   1225   1219   1232   1256    633    620    457    448    470    457    915      4      0      2    645    631    652    624    650    522    497    535    505  
 1032   1020    655    682    690    652    689    534    546    172    951    932    950    985    987    731    742   1339   1299   1321   1290   1319   1225   1219   1232   1255    632    619    456    447    469    455    914      5      2      0    645    630    651    624    650    521    495    534    504  
 1329   1308    890    899    910    891    918    245    292    558   1496   1468   1492   1512   1522    203    195   1219   1193   1210   1189   1208   1699   1688   1706   1733    977    978    751    793    768    771   1293    642    645    645      0     32     10     29     28    683    671    679    677  
 1298   1277    859    868    879    861    888    213    260    537   1471   1443   1467   1486   1497    182    176   1190   1164   1181   1160   1179   1671   1659   1678   1705    947    949    723    765    739    743   1263    628    631    630     32      0     42     48     20    652    640    648    647  
 1338   1318    899    908    920    901    928    254    301    566   1505   1477   1501   1521   1531    208    199   1227   1201   1218   1197   1216   1708   1697   1715   1742    986    988    761    802    777    780   1303    648    652    651     10     42      0     30     34    692    680    688    687  
 1330   1309    889    900    911    891    919    248    297    543   1485   1458   1481   1502   1512    228    220   1236   1210   1227   1206   1225   1692   1681   1699   1726    973    974    746    787    763    766   1290    621    624    624     29     48     30      0     53    682    669    679    676  
 1312   1291    873    882    893    875    902    227    272    557   1489   1461   1485   1504   1515    176    168   1193   1167   1184   1163   1182   1687   1676   1694   1722    963    965    739    782    756    759   1279    647    650    650     28     20     34     53      0    667    656    663    662  
  649    629    208    221    232    209    238    441    401    362    895    861    889    895    910    612    631    823    781    804    772    801   1039   1026   1046   1074    309    316    132    188    139    154    616    523    522    521    683    652    692    682    667      0     26     17     18  
  664    645    224    238    249    224    255    431    393    337    892    858    885    893    908    607    626    848    806    829    798    826   1044   1031   1051   1079    313    319    120    176    129    143    625    498    497    495    671    640    680    669    656     26      0     40      9  
  651    631    211    222    233    213    240    436    395    373    908    873    901    907    922    603    623    809    767    790    759    787   1048   1035   1055   1083    318    327    148    203    154    170    623    536    535    534    679    648    688    679    663     17     40      0     33  
  657    637    216    230    241    217    247    437    398    346    890    856    883    890    905    611    631    840    798    821    790    819   1039   1027   1046   1074    309    315    120    177    129    144    619    506    505    504    677    647    687    676    662     18      9     33      0  

    0      0     21      7     27      0      0      0  16690      0      0      0      7      0      0     16      0      1      0      0      0      0      0      0   4530      0  26195      0      0      0      0      0      0      0    488      0  30470      0      0      0   8655  12485      0      0   1749  
    0      0   2639    100      0  27727      0      0      0      0      0      0      0   5647      0    574      0      0      0      0     47      0      0      0      0      0  97675      9      0      0      0      0      0  10814      0      0      0      0      0    133      0      2      0      0      0  
 4969     57      0     51      0      0      0  93027      0      0      0      0  20651      0      0      0      0      0      0      0      0      0      0      0      0      0    439      0      0  91975     26   1051    130      0      0      0      0      0      0      0      0      0      0      0   1293  
    2      0      0      0      0     32      1  67640      0      0      0    689      0      0   1950      0   9862  38554      0      0      0      0      0      0      0      0      0   3432      0    299      0      0      0      0      0      0      0      0      0    194      0      0      0      0      0  
    0      0      0      0      0  19641      0      0      0  26463    714      0      0      0      0    103      0      0      8      0      0      0      0      0  43411      8      0      0      0      0      0      0      0      0      0      0      0      0      0      0      0     10      2      0  23323  
    0      0      0      0      0      0      0      0      0      0     46  60844      0      0      0      0      0      0      0      0      0      0  12498      0      0    931      0      0      0   1431      0      0      0      0   1035      0      0      0      0      0      0   5933      0  41334      0  
    0      0   2472      0      0      0      0      0      0     55     59  13054      0      0  28923  61006      0      0      0      0  14194      0      3      0      0    884      0      0   3088      0      0     31      0      0      0     58   4224      0      0      0      0  77236      0      0      0  
49682      0      0      0      0      0     16      0      0      0      0  41620    274      0   3389      0      0      0      0      0      0      1      0      0      0      0      0   1520  15194      0      0    191    859   4162      0   1397      0  10765     20      0      0      0      0    104      0  
 3781  35879      0      0      0      0   2120      0      0      0  30810      0      0   2455      0    190      0  18324  24366      0      0      0      0      0      0      0      0      0    536  49466      0  54114      0     37      1      0      0      0      0      0      0      0      0      0      0  
 1183      0      0    759      6      0      0  30310      0      0    139      0      0  20701      0    435    214      0      0      0    209      0      0      0      0  18349      0      0      0      0      0      0    255      0      0      0      0      0      0      0     56      0     63    538  16157  
    0      0  60606      5      0      0      0      0      0      0      0      0      0    371    289      0      0      0      0   9339      0      0  46506    928      0  52617      0    300      0    285      0      0      0      0      0      0      0   2444      0      0      0  91171      0      0   3143  
10251      0      0      0   1974  34500      0  51912  80589      0      0      0      0      0  19780      0      0      0      0      0      0      1      0      0      8      0      0  11521      0      0  18634      0      0      0     13      0      0      0      0      0      0      0      0    459      0  
    0      0      0      0      0    169      0      0      0   5898      0      0      0      1      0      0   1089      5    145      4     41   2056      0      0      0      0   3731      0      0      0    566      0      3      3      8      0   3501      0      0      0      0      0      1      0     79  
    0      0      3      0   1260    186   8629  13279      0     15      0  91566  92928      0      0      0      0      0      0   1325      9      0  33682      0      0      0      0      0      0      0  20020      1     86      0      0      0      0      0      0      0      0      0  53887      0      0  
    0   4714      1      0      0      0      0      0      0      9      0   2782      0    201      0      0      0      0      0      1      1      0      0   4946     21      0      2    262      0   3081      0      0      0      0      0      0      0      0     17  30811      0      0      0      0      0  
    0      0      0     95      0      0      0      0    238      0      0      0      0      0      0      0     85      4      0      3      0      0      0      0    209      0  42066      1      0      0      0    254  29679      0  13651      0      0  18903      0      0      0      2   5031      0     96  
    0      0      0      0   1025      0      0      0      0      3      0     57    459      0  89195      0      0      0      0      0      0      0      0  43121  18954     56   7696  32692     31  71572      0      0      0      0      0   2240      0      2      0      0      0     28      0      0      0  
    0      0    207      0      0      0      0      0      0  14185     10      2      0      0      0      0  64617      0      0      2      0      0      0      0      0      0      0    125    124  40198      0      0   1898      0      0     12      0      0      0    310      0      0      0      0      0  
    0      6      0   3162      1      0      1      3      0     83  13408     46    107      0      0      6      0      0      0      0      0      0      0      4      0  21228      0      0      0      0      1      1   1718      0  17115      0     38      0      0      3      0      0    200      0      0  
 1808      0      0      0      0  40588    464      2      0      0  85665      0    110      0      0     99      0      0      0      0      0      0   5544      5      0   4348    506      0      0      0     41      0      0      0      0    224   2181      0  39654   1174  39703     54      0      0    145  
    0      0      5  77197     18   4268    509      0    115      0      1      0      0     19  38768      8      0      0    633      0      0      0      0      0      0      0      0      0  29367      1      0      0     22      0   3084      3      0      0    505      0  80547    216      0      0      6  
    0     12      1      1    277      0      0     35      0  55407      0      0      0      0  55246    410      0   9105      0      3    306      0      0   2360   3333   7466      0    267      0      0  34097  10671      0      0      0      0      0      3      3      0      2  20237     41      0      0  
    0      0      0      0      0      0     37      0      4      0  80963      0      0      0      0  44601      0      0      0     11      2     84      0      0  20962      0      0      0      0   2991      0      0    341   2283      0  43059      0      0      0      0      0      0   6922  34509    907  
    0    635      0      0      0    541      0  16602      0      0   4306      0      0      0      0      0      0      0     20    119      0      0      0      0      0      0  37407      0    214      0      0      0      2      0  35777      0      0      0      0      0     10      0      0      0      0  
    0    167      0      0  74755      0    367    282      0  91116      0      0  58701      0      0      0      0      0    137    267   6713      0      0      0      0     16      0      0      0      0      0      0      0      0  80485      1      0    863      0      0    810     11     57      3      0  
   13      0      0      1      0      0      0      0      0      0      0      0      0      0      0      0      0      3      0      0      0      0     17     56      0      0      0      0      0      0    998     53      0      0      0      0      0      0      0      0      0      0      0      0    103  
    0      0  14077      0      0      0      0      0      0      0      0  67180    848      0  22165      0     23      7      0      0    291      0      0  81690    884      0      0      0      0      0      0  57058      0    216      0      0      0      0      0      0      0      0     61      0      0  
57366      0  13890      0      0      0      0  12688   6480      0      0      0  47996      0      0      5      0      0      0      0      0      0      0      4      0      0      0      0      0      0      0  14866      0   6753      0      0      0      1      0    632  14392      0      0      0      0  
  360      0  11486      0     22      0      0     13      0      5      0      0      0  74914  42034      0      0     13   5112      0  78083      0      0      0      0      0      0  43104      0      7   1416      0      2      0      0      0     17      0     44     22      0      0      0      0      2  
  159      0      0      0      0      0      0      0   9642    946      0  49908      0  30055   1177      0      3      0   8892  13841     11      0      0  19872      0      0    312      1      0      0      0      0      1   4558  48682      0    195      0      0      0      0      0      0      0      0  
34093      4      0      0      0      0  33686    780      0   4145      0      0      0      0    195      0     15      0     65     59      0      0      0      0      0      0      0      0      0  64685      0      6      0   9494  26419      0      0      0      0      2      0      0     69      0      0  
    0    145      0      0      0      0      0      0      0      0  15849      0      0     13     32      0      0      0      0      0      5     25      0      0     24      0      0   2995      0      0      0      0      0      0     67      0      0      0      0      0      0      0      0      0  10316  
    0      0      0      0      0      0      0  55471      0      0      0      2      0      0      0      0      3      0  37654     83      0      0  71638      0      0     27      0      0      4      0     11      0      0      0      0      0      0      0      0      0     20      0      0      2      0  
    0      0      0    241      0      0  97773     69   1180     50      0      0      0      5      0      0      0    264      0      0     47      0      0      0   1892      0      0      0      0      0      3  15763      0      0      0      0      0  90657      0      0      0      0      1     55    162  
    0   7642      0    851    776      0    315      0    570      8    872  20470      0      0      0      0      0     49      9      0      7      0      0      0      0      0    365      0      0      0      0   2190      0      5      0      0      0      0      0      9      0      0      0     16      0  
    0    838      0  56256   1501      0      0      0      0      3   3140      0     41      0      0      0      0  19247      0      0      0      0      0  23684      0      4      0      0      0      0      0      0      0      0      0      0      0      0     30      0      0      0      0      0      0  
    0      0      3   5080      0      0      0      0  37695      0      0      0      0      0      0      0      0  20321      0      0      0     96      0     15      0   1240      0      0      0      0      0      5      0      0    374      0      0      0      0      0      0      0      0      0   1878  
   11      0      0      0      4      0      0      0    780      0      5      0     16      0      0   1151      0      0      0      0      1    378      0      0      0   1229      0      0      0      0      0      7      0      0  91952      0    569      0      0      0      0      0      0      0      0  
    0      0     31      0     10      0   3513      0      0  74800      0   8259     69      3      0      0      0  55480      0      0      0      0      0      0      0  21775      0      0      0      0    275      0      0      0      0      0      0      0      0      0      0      0      0      0      0  
    0      0      0      0      0  11416      0    491    422  38651    173      0    265  94149      0      0   5149      0      0      0      0      0    195      0      0      0      0      1      7      0      0      0     38      0      0      0  33061      0      0      0      0      1      0      0      0  
    0      0      0      0    296      0      0    497      0     69      0      0     19  37634    877    934      0     34      0      0      0    154      0      0      0      0      0      0      9      0    117      0      0      0      0   8236      0      0    184      0      0      0      0      0      0  
    0      2      0      0      0      0      0      0      0    906     90      0     22      0      0      0      0      0      0      0      0    732  28060      0      0      1      0      0      0      1      0    189      0      0    111     10      0      0      0     79  84573      0  13105      0      0  
    0      0   4993      0      0      0      0     15    766      0   6520      0    549      0   5613      0      0  46755      0      0    985      0      0      0     80      0  24012      0      0      0      0      0      7     22      0      0      0      0      0      6      0   1874      0      0      0  
 3460      0      0   1053      0      0      0      0  15345      0    315      0      0      0      1      8      0      0      1      0      1      9      0      0      0      0      0      0      7      6     15      0  34692      0      0      0      0      0      3   7954      0      2      0      0      0  
    0      0      0     29      0      1      0      0      0      0      0      0  41874   3877    750      0      0      0    643    297     15     15      0      0   5199    239      0      0      0      0      0      0      0      0      0      0      7      0      0      0      0   1216  13691      0      0  
