60

    0     78     68     51     69     68     67     95    700    759    728    802    751    811    762    755    436    441    447    492    487    432    487    450    456    247    238    276    247    264    247    258    253    239    231    235    199    297    326    286    321    378    376    328    755    723    774    815    785    783    734    738    755    772    748    729    689    738    684    703  
   78      0     51     48    103     33     64     43    637    693    664    736    685    747    694    688    451    455    462    514    501    444    499    466    468    279    253    300    264    297    266    281    274    260    271    265    226    311    282    245    275    341    323    286    677    646    697    738    708    706    657    661    678    695    671    652    666    715    657    679  
   68     51      0     17     57     19     14     34    634    692    661    736    685    745    697    689    486    491    498    547    538    481    536    501    505    229    204    250    215    246    217    231    224    211    221    215    176    262    260    220    255    314    310    262    705    676    723    765    736    734    681    688    704    721    698    683    632    681    625    645  
   51     48     17      0     56     21     23     46    650    708    677    752    701    761    713    705    471    477    483    531    523    466    522    486    490    235    214    258    224    252    226    239    233    219    225    221    183    273    277    237    272    331    326    279    715    685    733    775    746    744    692    698    714    732    708    692    648    697    641    661  
   69    103     57     56      0     73     44     88    664    725    692    770    718    776    733    723    504    510    515    559    556    500    556    518    524    183    170    209    179    200    179    191    185    172    170    170    132    229    276    235    272    323    334    276    757    730    774    817    789    786    731    740    755    773    750    737    625    674    621    639  
   68     33     19     21     73      0     32     28    634    692    661    735    684    745    695    688    474    479    485    535    525    468    523    489    492    247    221    268    232    265    234    249    242    228    239    233    194    279    266    228    260    323    313    270    694    665    713    754    725    723    672    678    693    711    687    671    643    693    636    657  
   67     64     14     23     44     32      0     45    637    697    665    741    689    749    702    693    493    499    505    553    545    488    544    508    513    216    192    238    203    233    205    219    212    198    207    202    163    251    259    219    254    312    311    261    715    687    733    775    747    745    691    699    714    732    708    694    626    675    620    640  
   95     43     34     46     88     28     45      0    606    664    634    708    656    717    668    660    493    498    505    557    544    487    542    509    511    249    217    266    228    266    231    247    240    226    244    234    196    273    242    204    235    299    286    245    672    643    689    732    703    701    648    655    670    688    664    650    623    672    615    636  
  700    637    634    650    664    634    637    606      0     68     29    117     69    114    109     78   1034   1036   1046   1108   1077   1023   1071   1052   1044    672    610    646    616    677    623    639    632    631    695    661    649    606    399    437    399    379    333    403    425    450    404    453    456    445    360    417    404    417    416    465    429    448    395    423  
  759    693    692    708    725    692    697    664     68      0     41     49     15     56     58     22   1078   1080   1090   1153   1120   1066   1114   1096   1087    739    676    713    683    744    690    706    699    697    761    728    715    673    464    501    463    446    397    468    404    436    379    424    432    421    339    398    382    393    396    450    484    498    450    476  
  728    664    661    677    692    661    665    634     29     41      0     90     45     85     90     55   1057   1059   1069   1132   1100   1046   1094   1076   1067    701    639    675    645    706    652    668    661    659    724    690    678    634    428    466    428    408    362    432    422    450    399    446    452    441    357    415    400    413    413    465    447    463    413    440  
  802    736    736    752    770    735    741    708    117     49     90      0     53     42     54     48   1112   1114   1124   1188   1153   1100   1146   1130   1120    787    724    762    731    792    738    754    747    745    810    776    763    722    512    548    511    494    443    516    397    433    368    410    422    411    333    393    374    384    389    447    525    537    490    516  
  751    685    685    701    718    684    689    656     69     15     45     53      0     67     47     10   1067   1069   1079   1142   1109   1055   1102   1085   1076    736    673    711    679    741    687    703    696    694    758    724    711    671    460    496    459    443    391    464    391    422    366    411    419    408    326    385    368    380    382    436    491    507    457    484  
  811    747    745    761    776    745    749    717    114     56     85     42     67      0     90     69   1133   1135   1145   1208   1175   1122   1169   1151   1142    784    722    757    728    788    735    750    744    742    807    773    762    716    512    550    512    490    446    516    437    473    409    451    463    451    374    433    415    424    429    487    496    505    462    486  
  762    694    697    713    733    695    702    668    109     58     90     54     47     90      0     37   1062   1064   1074   1138   1103   1050   1096   1081   1070    761    697    737    704    767    712    729    721    718    782    749    733    699    482    517    480    471    412    487    350    384    324    367    377    366    286    345    328    338    342    398    536    552    502    529  
  755    688    689    705    723    688    693    660     78     22     55     48     10     69     37      0   1067   1069   1079   1143   1109   1056   1102   1086   1076    742    679    717    686    747    693    709    702    700    764    731    717    678    466    502    464    450    397    470    383    415    357    402    411    400    318    377    361    372    374    429    501    516    467    494  
  436    451    486    471    504    474    493    493   1034   1078   1057   1112   1067   1133   1062   1067      0      8     13     77     52     15     53     19     24    670    672    704    680    685    679    688    684    671    647    661    628    730    729    693    721    789    758    734    910    862    942    963    927    931    921    896    921    933    907    861   1116   1165   1107   1129  
  441    455    491    477    510    479    499    498   1036   1080   1059   1114   1069   1135   1064   1069      8      0     12     77     47     14     47     19     17    676    678    710    686    692    685    694    689    677    654    667    634    736    733    698    725    794    762    738    909    862    941    962    926    930    921    896    920    932    907    860   1121   1170   1112   1134  
  447    462    498    483    515    485    505    505   1046   1090   1069   1124   1079   1145   1074   1079     13     12      0     66     42     25     45      8     22    679    683    714    691    695    690    698    694    681    657    671    639    741    741    705    733    801    771    746    921    873    953    974    938    942    932    907    932    944    918    872   1128   1177   1119   1141  
  492    514    547    531    559    535    553    557   1108   1153   1132   1188   1142   1208   1138   1143     77     77     66      0     58     91     69     59     77    717    725    752    732    732    731    737    734    721    693    709    679    782    795    758    787    855    828    800    986    938   1018   1039   1003   1007    998    972    997   1009    983    936   1178   1227   1171   1191  
  487    501    538    523    556    525    545    544   1077   1120   1100   1153   1109   1175   1103   1109     52     47     42     58      0     58     12     41     34    721    724    755    732    737    731    739    735    722    699    712    680    782    778    743    770    840    807    784    939    890    972    991    954    959    953    925    950    962    936    888   1167   1216   1158   1180  
  432    444    481    466    500    468    488    487   1023   1066   1046   1100   1055   1122   1050   1056     15     14     25     91     58      0     56     33     25    668    669    701    677    684    676    685    681    668    646    658    626    727    721    686    713    782    750    727    896    848    928    949    913    917    907    882    907    919    893    847   1110   1159   1101   1123  
  487    499    536    522    556    523    544    542   1071   1114   1094   1146   1102   1169   1096   1102     53     47     45     69     12     56      0     46     32    722    724    756    732    738    732    740    736    723    700    713    680    782    775    741    767    837    803    781    929    881    963    981    945    949    944    916    941    953    927    879   1165   1214   1156   1178  
  450    466    501    486    518    489    508    509   1052   1096   1076   1130   1085   1151   1081   1086     19     19      8     59     41     33     46      0     27    682    685    716    693    697    692    700    696    684    659    673    641    743    745    710    737    806    776    750    928    881    960    981    945    949    939    914    939    951    925    879   1132   1181   1123   1145  
  456    468    505    490    524    492    513    511   1044   1087   1067   1120   1076   1142   1070   1076     24     17     22     77     34     25     32     27      0    691    693    725    701    707    700    709    705    692    669    682    649    751    745    710    737    806    773    750    910    862    943    963    927    931    923    897    922    933    908    861   1134   1183   1125   1147  
  247    279    229    235    183    247    216    249    672    739    701    787    736    784    761    742    670    676    679    717    721    668    722    682    691      0     64     40     57     18     49     36     41     43     30     16     54     83    281    251    285    294    351    275    860    841    870    918    894    890    823    843    853    872    851    850    516    562    521    532  
  238    253    204    214    170    221    192    217    610    676    639    724    673    722    697    679    672    678    683    725    724    669    724    685    693     64      0     55     12     73     18     38     29     22     86     52     52     60    217    188    221    233    288    211    799    781    809    857    834    829    761    783    793    811    791    791    478    526    480    494  
  276    300    250    258    209    268    238    266    646    713    675    762    711    757    737    717    704    710    714    752    755    701    756    716    725     40     55      0     44     34     38     20     28     41     69     44     77     45    262    236    267    268    332    255    851    834    860    909    886    881    812    835    844    863    843    844    476    523    482    493  
  247    264    215    224    179    232    203    228    616    683    645    731    679    728    704    686    680    686    691    732    732    677    732    693    701     57     12     44      0     64      8     27     18     16     81     47     56     51    225    197    229    238    296    219    810    792    819    867    844    840    771    793    803    821    801    802    475    523    478    491  
  264    297    246    252    200    265    233    266    677    744    706    792    741    788    767    747    685    692    695    732    737    684    738    697    707     18     73     34     64      0     57     39     46     53     40     33     71     79    289    260    293    299    359    282    872    853    881    930    906    902    834    855    865    884    863    863    508    555    515    525  
  247    266    217    226    179    234    205    231    623    690    652    738    687    735    712    693    679    685    690    731    731    676    732    692    700     49     18     38      8     57      0     20     11     11     74     40     53     52    233    204    237    246    303    227    817    799    826    875    852    847    778    801    810    829    808    809    480    527    483    496  
  258    281    231    239    191    249    219    247    639    706    668    754    703    750    729    709    688    694    698    737    739    685    740    700    709     36     38     20     27     39     20      0      9     22     64     32     60     50    250    223    255    261    321    244    836    819    845    894    871    866    798    820    829    848    828    829    483    530    487    499  
  253    274    224    233    185    242    212    240    632    699    661    747    696    744    721    702    684    689    694    734    735    681    736    696    705     41     29     28     18     46     11      9      0     14     68     34     56     50    243    214    247    254    313    236    828    810    837    885    862    858    789    811    821    839    819    820    482    529    486    498  
  239    260    211    219    172    228    198    226    631    697    659    745    694    742    718    700    671    677    681    721    722    668    723    684    692     43     22     41     16     53     11     22     14      0     66     31     43     61    238    209    242    253    309    233    820    801    829    877    854    849    782    803    813    831    811    811    490    537    493    506  
  231    271    221    225    170    239    207    244    695    761    724    810    758    807    782    764    647    654    657    693    699    646    700    659    669     30     86     69     81     40     74     64     68     66      0     35     56    112    301    269    304    318    371    296    871    850    882    930    905    901    836    855    865    884    863    859    545    592    550    562  
  235    265    215    221    170    233    202    234    661    728    690    776    724    773    749    731    661    667    671    709    712    658    713    673    682     16     52     44     47     33     40     32     34     31     35      0     39     82    268    237    272    284    339    263    845    825    855    903    879    875    808    828    839    857    836    835    515    562    519    531  
  199    226    176    183    132    194    163    196    649    715    678    763    711    762    733    717    628    634    639    679    680    626    680    641    649     54     52     77     56     71     53     60     56     43     56     39      0    104    252    217    254    276    321    247    816    795    827    874    850    845    781    799    810    829    807    804    530    577    531    546  
  297    311    262    273    229    279    251    273    606    673    634    722    671    716    699    678    730    736    741    782    782    727    782    743    751     83     60     45     51     79     52     50     50     61    112     82    104      0    229    208    236    229    298    222    826    811    833    882    861    856    784    810    818    836    817    821    434    481    439    450  
  326    282    260    277    276    266    259    242    399    464    428    512    460    512    482    466    729    733    741    795    778    721    775    745    745    281    217    262    225    289    233    250    243    238    301    268    252    229      0     41     12     64     71     11    601    590    606    657    637    631    557    585    592    611    592    601    398    446    384    408  
  286    245    220    237    235    228    219    204    437    501    466    548    496    550    517    502    693    698    705    758    743    686    741    710    710    251    188    236    197    260    204    223    214    209    269    237    217    208     41      0     39     97    105     43    618    604    625    675    654    648    577    602    610    629    609    615    428    476    416    439  
  321    275    255    272    272    260    254    235    399    463    428    511    459    512    480    464    721    725    733    787    770    713    767    737    737    285    221    267    229    293    237    255    247    242    304    272    254    236     12     39      0     74     68     21    593    582    599    649    629    623    550    577    584    603    584    593    408    455    393    418  
  378    341    314    331    323    323    312    299    379    446    408    494    443    490    471    450    789    794    801    855    840    782    837    806    806    294    233    268    238    299    246    261    254    253    318    284    276    229     64     97     74      0     91     57    627    621    629    680    663    656    578    612    616    634    618    633    334    382    321    345  
  376    323    310    326    334    313    311    286    333    397    362    443    391    446    412    397    758    762    771    828    807    750    803    776    773    351    288    332    296    359    303    321    313    309    371    339    321    298     71    105     68     91      0     78    539    531    542    593    575    569    492    524    528    547    530    543    396    441    377    404  
  328    286    262    279    276    270    261    245    403    468    432    516    464    516    487    470    734    738    746    800    784    727    781    750    750    275    211    255    219    282    227    244    236    233    296    263    247    222     11     43     21     57     78      0    610    600    615    665    646    640    566    595    601    619    601    611    390    439    377    401  
  755    677    705    715    757    694    715    672    425    404    422    397    391    437    350    383    910    909    921    986    939    896    929    928    910    860    799    851    810    872    817    836    828    820    871    845    816    826    601    618    593    627    539    610      0     52     38     61     36     30     66     17     24     24     10     60    826    855    794    824  
  723    646    676    685    730    665    687    643    450    436    450    433    422    473    384    415    862    862    873    938    890    848    881    881    862    841    781    834    792    853    799    819    810    801    850    825    795    811    590    604    582    621    531    600     52      0     89    101     66     69    102     45     71     75     54     15    838    869    807    837  
  774    697    723    733    774    713    733    689    404    379    399    368    366    409    324    357    942    941    953   1018    972    928    963    960    943    870    809    860    819    881    826    845    837    829    882    855    827    833    606    625    599    629    542    615     38     89      0     53     54     43     51     47     22     17     37     98    814    840    781    811  
  815    738    765    775    817    754    775    732    453    424    446    410    411    451    367    402    963    962    974   1039    991    949    981    981    963    918    857    909    867    930    875    894    885    877    930    903    874    882    657    675    649    680    593    665     61    101     53      0     37     33    104     77     65     46     68    103    865    891    832    862  
  785    708    736    746    789    725    747    703    456    432    452    422    419    463    377    411    927    926    938   1003    954    913    945    945    927    894    834    886    844    906    852    871    862    854    905    879    850    861    637    654    629    663    575    646     36     66     54     37      0     12     97     52     53     39     46     67    861    888    828    858  
  783    706    734    744    786    723    745    701    445    421    441    411    408    451    366    400    931    930    942   1007    959    917    949    949    931    890    829    881    840    902    847    866    858    849    901    875    845    856    631    648    623    656    569    640     30     69     43     33     12      0     87     47     44     28     39     72    851    879    819    849  
  734    657    681    692    731    672    691    648    360    339    357    333    326    374    286    318    921    921    932    998    953    907    944    939    923    823    761    812    771    834    778    798    789    782    836    808    781    784    557    577    550    578    492    566     66    102     51    104     97     87      0     60     45     61     57    115    764    792    732    762  
  738    661    688    698    740    678    699    655    417    398    415    393    385    433    345    377    896    896    907    972    925    882    916    914    897    843    783    835    793    855    801    820    811    803    855    828    799    810    585    602    577    612    524    595     17     45     47     77     52     47     60      0     27     37     11     56    815    843    783    813  
  755    678    704    714    755    693    714    670    404    382    400    374    368    415    328    361    921    920    932    997    950    907    941    939    922    853    793    844    803    865    810    829    821    813    865    839    810    818    592    610    584    616    528    601     24     71     22     65     53     44     45     27      0     19     18     81    808    836    776    806  
  772    695    721    732    773    711    732    688    417    393    413    384    380    424    338    372    933    932    944   1009    962    919    953    951    933    872    811    863    821    884    829    848    839    831    884    857    829    836    611    629    603    634    547    619     24     75     17     46     39     28     61     37     19      0     26     83    825    852    792    822  
  748    671    698    708    750    687    708    664    416    396    413    389    382    429    342    374    907    907    918    983    936    893    927    925    908    851    791    843    801    863    808    828    819    811    863    836    807    817    592    609    584    618    530    601     10     54     37     68     46     39     57     11     18     26      0     64    817    845    784    814  
  729    652    683    692    737    671    694    650    465    450    465    447    436    487    398    429    861    860    872    936    888    847    879    879    861    850    791    844    802    863    809    829    820    811    859    835    804    821    601    615    593    633    543    611     60     15     98    103     67     72    115     56     81     83     64      0    852    883    821    851  
  689    666    632    648    625    643    626    623    429    484    447    525    491    496    536    501   1116   1121   1128   1178   1167   1110   1165   1132   1134    516    478    476    475    508    480    483    482    490    545    515    530    434    398    428    408    334    396    390    826    838    814    865    861    851    764    815    808    825    817    852      0     50     35     18  
  738    715    681    697    674    693    675    672    448    498    463    537    507    505    552    516   1165   1170   1177   1227   1216   1159   1214   1181   1183    562    526    523    523    555    527    530    529    537    592    562    577    481    446    476    455    382    441    439    855    869    840    891    888    879    792    843    836    852    845    883     50      0     66     38  
  684    657    625    641    621    636    620    615    395    450    413    490    457    462    502    467   1107   1112   1119   1171   1158   1101   1156   1123   1125    521    480    482    478    515    483    487    486    493    550    519    531    439    384    416    393    321    377    377    794    807    781    832    828    819    732    783    776    792    784    821     35     66      0     31  
  703    679    645    661    639    657    640    636    423    476    440    516    484    486    529    494   1129   1134   1141   1191   1180   1123   1178   1145   1147    532    494    493    491    525    496    499    498    506    562    531    546    450    408    439    418    345    404    401    824    837    811    862    858    849    762    813    806    822    814    851     18     38     31      0  

    0      0      0      1      0     67      0      0    692      0   2116     13      0   7989      0      0      0      0      0    181      0    496     10   2481      0   8768      0      0      0      0      0    277      0  94082     24      0      6     31      0      0      3     31     10     98      9      0      0      0      0  33628   1014      0    181      0      0      0      0      0      0      0  
    0      0   2018      0      0  14128      0      0      0   1139      6      0      0     22   2752      0    118   8567      0      2  44805      0      0    244  10152      0     29      0      0  14956    242      0      0      0      0     64      0      0      0      0  19781      3      0   1237      0      0      0  10109      0      0      0      0    215      9    621   2934    601      0    242      0  
    0      6      0      0      0      0   2734      0      0      0      0     19      0    563      0      0      0      0      0      0      0      0   5476      0      0      0      2   3869      0      0      0      0      4      0      0      0  10657    254      0      0      5      0      0      0      0      0   3236     71      0      0      0      0      0    141      0      0      0      0     13      0  
    0      0      0      0  40970      0      0      0      0      0  32351      0      3      4      0  56060      0     92      1      0      0    602  88227      0     21    315      0  91665      0      0      0  67783      0      0   3207     17      0      0      0    180      0   1319      0      0   7264      0      4      0     96      0      0     61      0      0      0      0    216    744   1092   4221  
    0      0   4970      0      0      0   3240      0      0      0      0      0  43519   4246      0      0      0    242      0      0      3     11    284  92775      0      0  16928     66      0    594      0      0      0      1      0      0   1899      0      0      0      0    542      2    637   1999      0  14616  42241  20941      0    824      0    599    223    374  53864  27076      0  13396      0  
    0   2433      2    715  44686      0  88552      0  26292      0    262     18      0      0      0  45117      0      0      0    238      0      1  16954      0      0      2      0      0      0      0      0      0      0     19      0    325      0      0      0   8207      0      0    118     10      0   9398      0      0      0      0  61066      0      0      0      0     15      0      0    541      0  
 4725      0     11      0     60      0      0      0      0      0      0      0      0      0      0      0      0     66      0  53461      0      0      0      0      0      0      5      0    995      0     17      0    164      0     57      0     31      0      0      0   6291      0      0    567      0      2      0      0     29      0      0      0      0      0      0      8      0      0      0  34274  
   35      0     18      0      0      0      1      0     10      0      0      0      0      0      7      0      0      0      0     31      0      0      0      0      0      0      0      0      0   1872      0      0      0      0      0      0      0      0   1302  78278      0      0   1441      1   3169      0    148      9      6      2      0     36      0      0      0    209    390      0      0  48033  
  428      0      0      0      0     32      0      0      0      0      0      0      0   2196      0      0      0      0   5675   4931      0     26      0      0      0      0      0  72309      7      0      0      0      0    848      0      0      1      0      7      0      0      0      0      0   1825  37023      0   2873      0      0      0      0      0      0   9337      0      0      0    361    872  
    0   3760      0      0      0      0      0      0      0      0      0    264      1  25763  92140      5      0  58012      0      0      0      0      0      0  83048    939      3      0      0    154      0   1393      0    264      0  15199   1472     39      0      0      0     68      0      0    802      0      0    466      0      0     20   3672      0      0      0      0      0      0      0      0  
13157      0    386      0      0      1      0      0      0     21      0      0      0      0      0      0      0      0     26      0      0      0      0      0      0    135      0  28920     31      0      0      0      0      0  53363      0      5      0  52892     67      0   7305      0      0   2432    495      0      0    555   7325      2      0      0      2  55832      0      6      0      3     19  
25450      0      0   1597      7      0      0   5438      0      0   1034      0      0   1533      0    676      0      0      0  32290      0      0      0   2172      0      0      0      0      0      0     22      0      0      0      0     13    775    103      0      0      0      0      0      0      0      0      9      0      0      0      0   3002  82426      0  20078  90909      0      0      0      0  
    0      0      0      0   1705      0      0      0      1      0      0      0      0   2131      0      0      0      0      0      3      0      0    216      1      0      0      0   3466      0  43136    976      0      0      0      0  77259   6513      9      0      0      0    186      4  23523      0   1832  14402      0      0      1      0      0      0  11950      0    532   4269      0      0    967  
   34      0      0      0  28738    377      0      0     25  79754      0      0      0      0      0      0      0      1      2      0      0      3      2     46      0    285      0      0  51698      0      0      0     11      0      0      0      0     22    179      0    278    482      0    741      0      0      0    291    109      0     47      0      0      0      0      0      0      0      0      0  
    0      0      7  36064     10      0      0      0      0      0   1535   2168      0     13      0      0   2970   3157      0      0     45   6264      0      0      0      2      0      0      3    384    695   2954   1586      0      0      0  11874  10127   2571   6028      0  40641      0      0      0   1088      0      0      0      0      0      0   2206      0      0      0   3127      0  12331      0  
    0      0      0      0      0      0   1308      0      0      0      0      0   2352      0      0      0    140      0      0      0      0    186      0   2164      0      0     16      0      0     22      0     47      0      0     35    750      0     30  29255      4   2106      0      3      0      0      0     49      1     68      0      0      0      8      0   1524      0      0      0      8      0  
    0      0     40      0      0      0  12691      0      0      0      0      0  16241      0   5741      0      0      0      0      0      0     16      0      0    919      8      3   1359      0      0  14354    931      1   2169      1      0      0      0      0      0      0    306      0      0      0      1      5      0      4     24    430      0   5281      0      0      0      1      0  21975  86115  
  138    163      9      0      0     43      3    267     50      0     39      4      0      0     43      0      0      0      0      0  21988    950      0      0  21626      0      2    194   4418      0      0    821      0   5465      0      2      0     47      0      0      4  19786      0      0     54      0      0      0   1077      0      0      0      0      0      0  18283      0      0      7      0  
    0      0     12  32553      0      0    177      0      0   2396      0      0    183      0      0      0      0    313      0      0      0      3      0      0      0      0      0      8      0      0      0      3  50201      0      0      0  42991     43      0      0      0      0    107   3661      0   7246      7   2430      0     56    137      0     22      0      0      0   2175    532      2      0  
    0      0    186      1    832      0      0      0   2760      0      0      0   9878      0    235      0      0     46     20      0      0      0      0  67120      0      0      0      0      0    194      0      0   3159      0      0      0      0      0      0     13      9  35650      0   1163      0      1   1363      0      0      0      0   1053   1220      0      0      0      0   3631      0     18  
    3  92023      0      1      0      0      0     13      0      0      0      0      0  11892      0  11007    339      0   4332      0      0  21926      0      0      0      0      0    741      0      0     76      0      0     10      0   2658      0      0      0     28     15      0      0      0      5   9976      0      0      0      0      0      0      0  52268      0      0     74    308      0      0  
    0     84     52     39      0      0    190      0     11      0      0      0      0      0      0  23211      0      0      8      0     19      0      0   4671     54      0  14128      0   4224      0   1691     28     13      0      0   6081      0      0      0      0      0      0      0      0     27      0    852      0  10091      0      0      0      4      0      3    293      0      0      0      5  
    0  36048      0     30  13406      0      4      0      0      0      0      0     11      0     19      0     58      0      0      0     56      0      0      0  67017    491      0      0      0      0      0      0      0      0    260    277      0      0      0      0      0      0      0      0      0      0    198      0      0     51      0    658  43508      0   1529      0    265   1077      0      0  
  852  11148      0   1993   1869      0   4647      1   1115      5    699      0      0  42443     30      0    222      0      0      0      0      0  86863      0      0  72181      0      0      0      0    954      0      0    976   7649      0   4020  19699    102     48      4      0  52977      0    105      0      0      0      0      0   5156      0      0      0     18      0      0      0      6    708  
    0      0  33845      0      0      0      0      0      0      0      0    462      0      0      0      0      0      0      1   3527      0      0      0     37      0    442      7     92      0      0      0   7368      0      0      0      4      1   1498      0      0      0      9      0      0      0      0      0    129      0      0      1      0     45    136      0      0   7081      1      0      0  
 1127      0      0      4  85889      0      0      0      1      0   3126      9  26928      0      0     55   7224      0     43     49      0   1032      0      0      9      0      0   2938   3123    829     25      0      1      0      0      0      0  61414      0      0      0      0      0      0    189      0      0  27799      0   5366      0      0   5428      0      0      0      0      0      0      0  
    0      0      0      0      0      0      0  76404   9781      0      0   3426      0      6      0      0      0      0     19      0      0      0      0      0      0      0      0      0    130      0      0      1    420      0      0      0      0      1      2      0    198    494     59      0      0    116      0      0      0      0     52  57463      0      0   4403      0      0      0    271      0  
    0      2      0      0    205      1      0      0      0      0      0      1    107      0      2      0      0    582      0      0      0      0      0      0    405     41    521      0     97      0      0      0    161   8024      0      0   1571    119     44   1096      0     56     58      0      0      0      0  30342      2      0  48021      0    222      0   3547  11935   1830      0      0      0  
    0    227      0      0      0      0      0   3877      0      0      6      0      1      0      0      0     57  58171      7      0      0  84231    153    224      0  26768      0     15      0      0      0      0      0      0   6152   1883      0      0      2      0      0      0      0   2099      0      0   9394      0      0      0      0      0      4    155      0      0      0      0   2299      0  
 1165      0   4872      0      0      0      0      0    697      4   3018      0      0   1491    143      0      0     25      1      0    178      0      0      3     90      0      0      0      1      0     20      0    334      0      0      0      0      0      0      0   5866      0   1320      0      0      0  50218      0      0      0      0      0      0      0    397      0      0      0      0  21731  
  143      0      0     61      0      0      0      0      0      0      0  23803      1      0      0      5  11472      0      0  12001      0     20      0      0      0      0      0      0      0    606      0      0  26303      3      0      0      0   1304  16264   7615      0   6197      0      0      0      0      0   5063      0      0      0     93      0      0     76    827      0    220    306  60562  
    0      1      0      0     98     27      0      0      0      3      3      0      0      0   1736      6      0      0      0      0      4   8303     45      0    236      0      7      0      0      0   2709      0      0    819  33404    856      0      0     31   4452      5    311      2     19  12306    920    299      0      0      0     21   4790      9      0      0      0      0      0     53      0  
    0      1      0      4      0      0   1142     33      0    150      1      0     48     30      0      0      0      0      0      0      0      0     73      0      2    358      1    121      0      0      0      0      0      0  27250     79  72087      0      0      0    220      8      0  38445      0      0      0      0    557      0      2      1      5      0     11   3522      0      0      0  26491  
    0   5999      0      0      2      0    702      0      0      0      0      0      0      0      0      0      5      0      0      0      0      0      4  23040      0    461  41188   6181      0      0   1274    436      0      0      0      0     35  11876  53664      0      0      0      0      0  24544  57274      0      1      0     15      0   1598      0      0  33961    604    499      0      0      0  
    0      0    479      0  58154      0     82      0      0      0    400  19380      0    438      1    203    444      0      0    774      0   1745      0     81     26      0      2      1    162      0     24      0    472      0      0  23486      0   7530      0     22      5      0      0      2      0   1651      0      0      0      0      0      0      0    338   8046      0  67889      0      0      0  
