100

    0     65     47     27     65     53     53     79     27    103     39     40    947    988    994    936    933    946    941    940    940   1334   1247   1264   1300   1276   1333   1271   1208   1264   1240    469    419    428    485   1126   1142   1149   1126    427    441    480    397    477    448    515    466    471    506    456    794    783    850    817    775    820    844    799    769    747    657    688     82     43     75    150    106     74     82    840    790    858    820    190    300    198    202    278    247    285    266    245    247    199    749    770    760    610    563    601    680    581    648    631    567    592    655    648    371    452  
   65      0    102     91    130     80     71    143     83    165     81     76    989   1023   1032    972    970    983    979    977    977   1311   1225   1241   1276   1252   1308   1248   1183   1239   1216    509    456    467    516   1066   1082   1087   1064    475    489    529    447    526    498    569    518    522    554    512    826    815    880    850    810    853    877    834    707    685    595    625     23     23     36     87     42     10     21    839    793    857    827    126    237    136    139    215    183    221    202    181    183    135    697    720    711    672    624    664    741    642    711    693    630    654    717    711    355    425  
   47    102      0     26     49     95     98     55     21     66     24     82    900    942    948    890    886    899    895    894    894   1313   1225   1243   1278   1255   1313   1250   1188   1244   1220    423    373    381    440   1143   1157   1167   1144    381    394    434    351    430    402    470    420    425    459    412    749    737    805    771    729    775    798    753    790    766    677    708    122     82     96    177    143    111    113    806    754    825    783    225    323    222    227    316    276    311    303    275    277    230    794    816    805    595    549    581    667    565    629    615    551    574    638    631    349    437  
   27     91     26      0     41     70     74     53     16     76     33     57    924    966    972    914    910    924    919    918    918   1334   1246   1264   1300   1276   1334   1271   1208   1265   1241    447    398    405    465   1146   1161   1169   1146    403    416    455    372    451    423    489    440    446    481    430    774    762    830    796    754    800    823    778    790    767    678    709    108     69     94    173    132    100    106    831    779    850    808    216    322    220    224    305    271    308    292    270    272    224    775    797    785    590    543    579    661    561    627    611    547    571    634    628    370    456  
   65    130     49     41      0     89     96     16     54     48     68     78    907    955    958    902    897    910    905    904    904   1358   1270   1288   1323   1300   1359   1295   1233   1290   1265    435    388    394    459   1186   1201   1209   1186    383    396    435    351    430    401    462    417    423    461    403    764    754    822    787    743    790    813    767    831    807    719    749    145    108    134    213    170    138    146    843    789    863    816    254    362    260    265    342    311    348    329    309    311    263    804    823    812    550    504    539    622    521    586    571    507    531    594    588    394    484  
   53     80     95     70     89      0     11    104     77    136     91     14    992   1036   1041    983    979    993    987    987    987   1381   1294   1311   1346   1322   1379   1318   1254   1310   1286    516    467    475    534   1140   1157   1161   1139    469    482    521    438    517    488    551    504    511    548    491    843    832    899    866    823    869    893    847    779    759    669    698     82     63    107    164    107     84    100    892    842    910    872    189    312    212    215    268    253    293    256    250    251    204    716    735    723    600    552    596    667    571    643    623    560    585    647    641    419    496  
   53     71     98     74     96     11      0    111     79    143     91     19    997   1039   1045    987    983    997    992    991    991   1376   1289   1306   1341   1317   1374   1313   1248   1304   1281    520    471    479    537   1130   1147   1151   1129    475    488    527    444    523    494    557    511    517    553    498    846    835    902    869    827    872    896    851    769    749    659    688     72     57    100    154     97     75     92    890    841    908    871    179    302    202    205    258    243    283    246    239    241    194    708    728    716    610    562    607    677    581    653    633    570    595    657    652    415    491  
   79    143     55     53     16    104    111      0     64     35     77     93    893    942    945    889    884    897    892    891    891   1357   1268   1287   1322   1299   1358   1294   1232   1289   1264    422    376    381    448   1196   1211   1220   1197    369    382    420    337    415    387    447    402    409    447    388    752    742    810    774    730    778    801    755    842    818    730    760    159    121    146    225    184    152    158    837    783    857    809    268    374    272    277    356    324    360    343    322    324    276    819    839    827    541    495    528    613    511    576    561    497    520    584    577    394    486  
   27     83     21     16     54     77     79     64      0     83     18     64    921    962    968    910    906    919    915    914    914   1320   1232   1250   1285   1261   1320   1257   1194   1250   1226    443    393    401    459   1133   1148   1156   1133    401    415    455    372    451    423    490    441    446    480    432    768    757    824    791    749    794    818    773    778    754    666    696    102     63     82    162    124     92     96    819    768    838    797    207    310    208    213    298    261    296    285    259    262    214    773    796    785    604    557    592    675    574    639    624    560    584    647    641    356    441  
  103    165     66     76     48    136    143     35     83      0     89    125    859    908    911    855    850    863    858    857    857   1339   1250   1269   1304   1281   1341   1276   1215   1272   1247    388    343    347    415   1204   1218   1230   1206    335    348    387    303    382    353    415    369    376    414    356    719    708    777    741    696    744    767    721    853    828    741    772    184    145    161    242    207    174    178    812    756    832    781    290    388    288    292    380    342    376    367    341    343    295    849    870    858    536    492    520    610    507    568    555    492    514    578    571    379    475  
   39     81     24     33     68     91     91     77     18     89      0     78    914    952    959    900    898    911    906    905    905   1302   1214   1232   1267   1244   1302   1239   1176   1233   1208    435    384    393    448   1120   1135   1144   1121    397    410    450    367    447    419    488    438    442    475    431    758    746    813    781    740    784    808    763    767    743    654    685    103     64     72    154    122     90     91    803    752    821    782    203    300    199    204    294    253    288    281    252    254    207    776    799    789    617    571    604    689    587    652    637    573    596    660    653    338    423  
   40     76     82     57     78     14     19     93     64    125     78      0    979   1023   1028    970    967    980    975    974    974   1371   1284   1301   1336   1312   1369   1308   1244   1300   1276    503    454    462    521   1140   1156   1161   1138    457    470    509    426    505    476    539    493    499    536    480    830    819    886    853    810    856    880    834    779    758    668    698     82     57    100    162    107     81     96    879    829    898    860    191    311    210    213    273    253    293    260    250    252    205    726    746    734    599    551    594    667    570    641    622    558    583    645    640    408    487  
  947    989    900    924    907    992    997    893    921    859    914    979      0    130     84    105     75     77     69     81     79   1197   1116   1144   1174   1158   1223   1154   1130   1178   1145    480    534    522    486   1680   1679   1725   1696    526    514    477    558    484    512    478    504    493    448    534    221    233    220    201    205    202    178    194   1435   1398   1341   1369   1011    976    962   1023   1024    997    989    632    577    650    539   1083   1106   1044   1050   1171   1100   1111   1159   1103   1105   1072   1677   1704   1696    942    941    880   1000    931    900    930    910    900    934    921    808    873  
  988   1023    942    966    955   1036   1039    942    962    908    952   1023    130      0     56     55     73     61     71     63     64   1085   1007   1035   1064   1049   1113   1045   1026   1071   1039    521    569    562    508   1630   1626   1677   1648    583    573    541    617    550    576    558    574    560    511    610    201    213    163    177    213    174    148    190   1407   1370   1319   1347   1045   1012    994   1047   1055   1030   1020    548    501    562    458   1107   1115   1063   1068   1191   1116   1123   1180   1119   1122   1093   1698   1728   1721   1047   1042    986   1109   1035   1009   1037   1012   1005   1043   1030    800    852  
  994   1032    948    972    958   1041   1045    945    968    911    959   1028     84     56      0     70     62     50     54     57     56   1141   1063   1091   1120   1105   1169   1101   1081   1127   1094    525    577    567    520   1672   1669   1718   1689    581    570    535    614    543    570    544    565    553    506    599    224    237    200    200    226    200    172    206   1441   1404   1351   1379   1055   1020   1004   1060   1066   1040   1031    598    548    613    507   1121   1135   1079   1084   1206   1133   1142   1195   1136   1139   1108   1714   1742   1735   1021   1018    959   1080   1009    980   1009    987    979   1014   1001    826    883  
  936    972    890    914    902    983    987    889    910    855    900    970    105     55     70      0     31     30     37     25     27   1092   1012   1040   1070   1054   1119   1050   1028   1075   1042    468    517    509    458   1603   1600   1649   1620    529    519    487    563    495    521    504    519    506    457    556    156    168    130    131    162    130    103    140   1371   1334   1281   1309    994    961    943    997   1005    979    970    535    483    552    443   1057   1068   1015   1020   1142   1068   1076   1132   1071   1074   1044   1650   1679   1672    996    990    935   1058    983    959    986    960    954    993    980    758    813  
  933    970    886    910    897    979    983    884    906    850    898    967     75     73     62     31      0     14     10     11      9   1122   1042   1070   1100   1084   1149   1079   1057   1104   1071    464    515    506    459   1621   1619   1667   1638    521    510    476    554    485    511    489    508    495    447    542    166    179    152    143    164    143    117    146   1385   1348   1294   1322    993    959    942    998   1004    978    969    561    508    578    469   1059   1073   1017   1023   1145   1071   1080   1134   1074   1077   1046   1652   1681   1673    975    970    913   1036    962    936    964    940    933    971    958    766    825  
  946    983    899    924    910    993    997    897    919    863    911    980     77     61     50     30     14      0     10      7      7   1121   1041   1069   1099   1083   1148   1079   1057   1104   1071    477    528    519    471   1629   1626   1674   1646    534    524    490    568    498    525    503    521    508    460    556    176    189    157    153    176    152    125    157   1394   1357   1303   1331   1006    972    955   1011   1017    991    982    564    512    581    472   1071   1085   1029   1035   1157   1084   1092   1146   1087   1089   1058   1665   1693   1686    988    983    926   1048    975    949    977    953    945    983    970    777    835  
  941    979    895    919    905    987    992    892    915    858    906    975     69     71     54     37     10     10      0     13     11   1129   1049   1076   1107   1091   1155   1086   1064   1111   1078    472    523    514    468   1631   1629   1677   1648    528    517    483    561    491    518    495    514    501    454    549    176    189    161    153    173    153    126    155   1395   1358   1303   1331   1001    967    951   1007   1013    987    977    570    516    586    477   1068   1083   1026   1032   1154   1081   1089   1143   1084   1086   1055   1661   1689   1682    978    974    917   1039    966    939    968    944    936    974    961    776    835  
  940    977    894    918    904    987    991    891    914    857    905    974     81     63     57     25     11      7     13      0      2   1117   1036   1064   1094   1078   1143   1074   1052   1099   1066    471    522    513    465   1622   1620   1668   1639    529    519    485    562    493    520    499    516    503    455    551    169    182    151    146    169    145    118    150   1388   1350   1297   1325   1000    966    949   1005   1011    985    976    559    506    575    466   1065   1079   1023   1029   1151   1077   1086   1140   1080   1083   1052   1658   1687   1680    985    980    923   1046    972    946    974    950    943    981    967    770    828  
  940    977    894    918    904    987    991    891    914    857    905    974     79     64     56     27      9      7     11      2      0   1118   1038   1066   1096   1080   1145   1076   1054   1100   1068    471    522    513    465   1623   1621   1669   1640    529    518    485    562    493    519    498    516    503    455    551    170    183    152    147    170    146    119    151   1389   1351   1298   1326   1000    966    949   1005   1011    985    976    560    507    577    468   1065   1079   1023   1029   1151   1078   1086   1140   1081   1083   1052   1659   1687   1680    984    979    922   1045    971    945    973    949    942    980    966    771    829  
 1334   1311   1313   1334   1358   1381   1376   1357   1320   1339   1302   1371   1197   1085   1141   1092   1122   1121   1129   1117   1118      0     92     71     36     59     40     63    131     84     97   1146   1134   1153   1071   1010    987   1062   1040   1234   1239   1243   1251   1254   1257   1319   1281   1265   1228   1324   1024   1018    991   1031   1066   1027   1040   1055   1061   1032   1060   1065   1323   1320   1277   1257   1310   1312   1293    612    682    590    696   1286   1184   1229   1230   1307   1238   1208   1306   1244   1245   1259   1666   1709   1717   1795   1764   1751   1873   1770   1794   1801   1748   1758   1819   1807    965    887  
 1247   1225   1225   1246   1270   1294   1289   1268   1232   1250   1214   1284   1116   1007   1063   1012   1042   1041   1049   1036   1038     92      0     29     61     43    108     38     69     72     47   1055   1043   1061    980    985    964   1038   1014   1142   1147   1152   1159   1163   1166   1228   1190   1174   1137   1233    938    933    908    946    981    943    956    970   1007    976    999   1005   1238   1234   1191   1173   1225   1226   1207    523    593    500    608   1204   1104   1146   1148   1228   1157   1128   1226   1163   1164   1177   1600   1642   1650   1704   1672   1660   1782   1679   1702   1710   1657   1667   1728   1716    877    801  
 1264   1241   1243   1264   1288   1311   1306   1287   1250   1269   1232   1301   1144   1035   1091   1040   1070   1069   1076   1064   1066     71     29      0     37     15     82     10     67     48     35   1079   1066   1085   1004    975    953   1028   1004   1166   1171   1177   1183   1187   1190   1252   1214   1199   1162   1257    966    960    935    974   1008    970    984    997   1007    977   1002   1007   1253   1250   1207   1188   1241   1242   1223    549    619    527    635   1218   1116   1160   1161   1240   1170   1141   1239   1176   1177   1190   1605   1648   1655   1727   1695   1683   1804   1701   1725   1733   1680   1690   1751   1739    895    817  
 1300   1276   1278   1300   1323   1346   1341   1322   1285   1304   1267   1336   1174   1064   1120   1070   1100   1099   1107   1094   1096     36     61     37      0     24     49     29     96     54     62   1115   1102   1121   1040    987    965   1040   1017   1202   1207   1212   1219   1223   1225   1288   1250   1234   1197   1292    998    993    967   1006   1041   1002   1015   1030   1030   1001   1028   1033   1288   1285   1242   1222   1275   1277   1258    583    653    561    668   1251   1149   1194   1195   1272   1203   1173   1271   1209   1210   1224   1633   1676   1684   1763   1731   1719   1840   1737   1761   1769   1716   1726   1787   1775    930    852  
 1276   1252   1255   1276   1300   1322   1317   1299   1261   1281   1244   1312   1158   1049   1105   1054   1084   1083   1091   1078   1080     59     43     15     24      0     67      5     74     42     40   1093   1080   1099   1018    974    952   1027   1003   1180   1185   1191   1196   1201   1203   1266   1228   1212   1176   1271    980    974    950    988   1022    984    998   1012   1011    981   1007   1012   1264   1262   1219   1198   1251   1253   1234    563    633    541    649   1228   1126   1170   1172   1249   1180   1150   1248   1186   1187   1201   1612   1654   1662   1740   1708   1696   1818   1714   1739   1746   1693   1703   1764   1752    906    828  
 1333   1308   1313   1334   1359   1379   1374   1358   1320   1341   1302   1369   1223   1113   1169   1119   1149   1148   1155   1143   1145     40    108     82     49     67      0     72    126     70     95   1158   1145   1164   1083    976    953   1029   1007   1245   1251   1257   1261   1267   1269   1333   1294   1278   1242   1336   1046   1041   1015   1054   1089   1050   1064   1078   1037   1009   1040   1044   1320   1318   1275   1252   1306   1309   1290    630    700    608    716   1280   1175   1223   1224   1298   1230   1199   1297   1236   1237   1253   1648   1690   1699   1804   1772   1761   1882   1779   1804   1811   1757   1767   1829   1817    965    884  
 1271   1248   1250   1271   1295   1318   1313   1294   1257   1276   1239   1308   1154   1045   1101   1050   1079   1079   1086   1074   1076     63     38     10     29      5     72      0     70     42     37   1088   1075   1094   1013    973    951   1026   1003   1175   1180   1186   1191   1196   1199   1262   1223   1208   1171   1266    975    970    945    983   1017    980    993   1007   1009    979   1005   1010   1260   1257   1214   1194   1247   1249   1230    558    628    536    644   1224   1122   1166   1168   1245   1176   1146   1244   1182   1183   1196   1609   1651   1659   1735   1703   1692   1813   1710   1734   1742   1688   1698   1759   1748    902    824  
 1208   1183   1188   1208   1233   1254   1248   1232   1194   1215   1176   1244   1130   1026   1081   1028   1057   1057   1064   1052   1054    131     69     67     96     74    126     70      0     58     35   1039   1024   1043    964    917    896    970    946   1125   1131   1138   1140   1148   1149   1215   1175   1159   1124   1217    944    938    918    954    985    951    966    976    941    911    935    941   1195   1193   1150   1128   1181   1183   1165    520    589    499    609   1156   1054   1099   1100   1177   1108   1078   1176   1114   1115   1129   1539   1581   1589   1681   1648   1639   1759   1655   1682   1688   1634   1645   1707   1695    839    758  
 1264   1239   1244   1265   1290   1310   1304   1289   1250   1272   1233   1300   1178   1071   1127   1075   1104   1104   1111   1099   1100     84     72     48     54     42     70     42     58      0     33   1096   1081   1100   1021    934    912    987    964   1182   1187   1194   1197   1205   1206   1271   1231   1216   1180   1273    995    989    967   1004   1037   1001   1015   1027    978    948    977    981   1250   1248   1205   1182   1236   1239   1220    573    643    552    662   1210   1106   1153   1154   1229   1161   1130   1228   1167   1168   1183   1583   1626   1634   1739   1706   1696   1816   1713   1739   1746   1691   1702   1764   1752    896    814  
 1240   1216   1220   1241   1265   1286   1281   1264   1226   1247   1208   1276   1145   1039   1094   1042   1071   1071   1078   1066   1068     97     47     35     62     40     95     37     35     33      0   1066   1051   1070    990    941    920    994    971   1152   1157   1164   1168   1174   1176   1240   1201   1186   1150   1243    963    957    934    972   1004    968    982    995    973    943    968    974   1228   1226   1182   1161   1215   1216   1198    541    611    519    629   1190   1088   1133   1134   1211   1142   1112   1210   1148   1149   1163   1572   1615   1623   1710   1677   1667   1788   1684   1710   1717   1663   1673   1735   1723    871    791  
  469    509    423    447    435    516    520    422    443    388    435    503    480    521    525    468    464    477    472    471    471   1146   1055   1079   1115   1093   1158   1088   1039   1096   1066      0     57     42     76   1322   1327   1360   1332     93     94    101    120    110    112    180    136    121     95    179    333    323    393    354    309    358    380    334   1024    991    920    950    532    496    482    545    544    517    509    545    476    568    481    605    640    570    575    695    627    642    683    629    632    595   1199   1225   1217    663    638    613    738    640    653    665    618    623    680    668    387    481  
  419    456    373    398    388    467    471    376    393    343    384    454    534    569    577    517    515    528    523    522    522   1134   1043   1066   1102   1080   1145   1075   1024   1081   1051     57      0     24     79   1273   1278   1309   1282    104    113    136    117    143    133    215    162    150    140    198    377    366    435    399    357    403    426    381    971    937    865    896    479    444    428    489    490    464    455    543    477    566    488    550    583    513    519    639    570    586    627    573    575    539   1144   1170   1162    664    636    618    741    640    660    668    618    626    686    674    335    432  
  428    467    381    405    394    475    479    381    401    347    393    462    522    562    567    509    506    519    514    513    513   1153   1061   1085   1121   1099   1164   1094   1043   1100   1070     42     24      0     88   1296   1302   1332   1305     83     91    113     99    119    110    192    139    127    118    176    372    362    431    394    350    398    420    374    993    959    887    918    490    454    441    504    502    475    467    558    491    581    500    564    601    529    535    654    586    603    642    589    591    554   1157   1184   1175    648    621    601    725    624    642    652    602    609    668    656    358    456  
  485    516    440    465    459    534    537    448    459    415    448    521    486    508    520    458    459    471    468    465    465   1071    980   1004   1040   1018   1083   1013    964   1021    990     76     79     88      0   1267   1271   1306   1278    164    168    175    186    185    186    255    211    196    166    253    311    299    365    334    296    337    362    319    980    945    878    909    539    506    486    540    548    524    513    472    404    495    413    601    621    560    565    687    614    625    676    617    620    588   1194   1223   1215    734    708    685    810    711    726    737    688    695    753    741    340    426  
 1126   1066   1143   1146   1186   1140   1130   1196   1133   1204   1120   1140   1680   1630   1672   1603   1621   1629   1631   1622   1623   1010    985    975    987    974    976    973    917    934    941   1322   1273   1296   1267      0     32     54     32   1361   1374   1406   1353   1411   1393   1480   1422   1415   1412   1444   1460   1448   1473   1481   1479   1480   1506   1487    367    383    474    446   1059   1087   1053    979   1034   1059   1046   1112   1140   1107   1189    956    829    930    927    899    890    849    909    893    892    937    929    969    988   1736   1689   1723   1806   1706   1771   1756   1693   1716   1780   1773    938    842  
 1142   1082   1157   1161   1201   1157   1147   1211   1148   1218   1135   1156   1679   1626   1669   1600   1619   1626   1629   1620   1621    987    964    953    965    952    953    951    896    912    920   1327   1278   1302   1271     32      0     77     61   1368   1381   1412   1360   1417   1400   1487   1429   1422   1418   1452   1458   1446   1470   1479   1479   1478   1504   1486    388    401    492    465   1076   1103   1068    995   1050   1075   1062   1105   1134   1098   1182    973    846    947    943    919    907    866    928    911    910    954    959    999   1017   1751   1704   1738   1821   1721   1785   1771   1707   1730   1794   1787    945    847  
 1149   1087   1167   1169   1209   1161   1151   1220   1156   1230   1144   1161   1725   1677   1718   1649   1667   1674   1677   1668   1669   1062   1038   1028   1040   1027   1029   1026    970    987    994   1360   1309   1332   1306     54     77      0     29   1396   1410   1442   1387   1447   1428   1515   1457   1451   1449   1478   1505   1493   1519   1526   1523   1525   1551   1532    383    403    493    463   1080   1109   1076   1000   1054   1080   1068   1162   1189   1157   1237    975    850    952    948    914    909    868    924    913    911    957    914    954    973   1758   1711   1748   1827   1729   1795   1779   1716   1739   1803   1796    974    880  
 1126   1064   1144   1146   1186   1139   1129   1197   1133   1206   1121   1138   1696   1648   1689   1620   1638   1646   1648   1639   1640   1040   1014   1004   1017   1003   1007   1003    946    964    971   1332   1282   1305   1278     32     61     29      0   1370   1383   1415   1360   1420   1401   1489   1430   1424   1422   1451   1476   1464   1490   1497   1495   1497   1523   1503    362    380    471    442   1057   1086   1053    978   1032   1058   1045   1134   1160   1128   1209    953    828    929    926    894    887    846    904    891    889    935    908    948    967   1735   1688   1724   1805   1706   1772   1756   1693   1716   1780   1773    947    853  
  427    475    381    403    383    469    475    369    401    335    397    457    526    583    581    529    521    534    528    529    529   1234   1142   1166   1202   1180   1245   1175   1125   1182   1152     93    104     83    164   1361   1368   1396   1370      0     15     55     34     54     32    119     62     55     79     94    407    398    469    426    376    430    450    402   1049   1017    941    972    498    460    454    524    514    484    479    636    568    659    574    583    637    556    561    675    614    635    663    616    618    578   1171   1195   1185    571    546    522    647    548    562    573    525    531    589    577    424    526  
  441    489    394    416    396    482    488    382    415    348    410    470    514    573    570    519    510    524    517    519    518   1239   1147   1171   1207   1185   1251   1180   1131   1187   1157     94    113     91    168   1374   1381   1410   1383     15      0     41     45     40     21    106     50     41     66     87    400    391    462    418    368    423    442    394   1063   1031    955    986    511    474    468    539    528    498    493    639    570    662    575    598    651    570    576    690    629    650    677    630    633    592   1185   1209   1199    569    545    519    645    547    559    571    524    529    586    574    437    538  
  480    529    434    455    435    521    527    420    455    387    450    509    477    541    535    487    476    490    483    485    485   1243   1152   1177   1212   1191   1257   1186   1138   1194   1164    101    136    113    175   1406   1412   1442   1415     55     41      0     84     12     35     81     41     24     30     87    373    366    436    391    339    395    413    365   1098   1065    991   1022    551    513    508    579    568    538    533    639    569    662    571    638    690    610    616    730    668    689    717    670    672    632   1225   1249   1239    576    556    523    650    555    561    576    532    535    590    577    468    567  
  397    447    351    372    351    438    444    337    372    303    367    426    558    617    614    563    554    568    561    562    562   1251   1159   1183   1219   1196   1261   1191   1140   1197   1168    120    117     99    186   1353   1360   1387   1360     34     45     84      0     80     52    133     76     76    111     92    440    431    502    459    410    464    483    436   1035   1004    926    958    469    431    426    499    486    456    451    657    590    680    598    557    615    532    537    649    590    613    637    591    594    552   1143   1166   1156    549    522    502    626    526    544    553    503    510    570    557    418    522  
  477    526    430    451    430    517    523    415    451    382    447    505    484    550    543    495    485    498    491    493    493   1254   1163   1187   1223   1201   1267   1196   1148   1205   1174    110    143    119    185   1411   1417   1447   1420     54     40     12     80      0     29     73     30     13     40     75    383    376    446    401    349    405    422    375   1101   1069    994   1025    548    510    506    577    565    535    531    650    580    673    582    636    691    609    615    728    668    689    716    669    672    631   1223   1246   1235    565    544    512    639    544    550    565    521    524    579    566    473    573  
  448    498    402    423    401    488    494    387    423    353    419    476    512    576    570    521    511    525    518    520    519   1257   1166   1190   1225   1203   1269   1199   1149   1206   1176    112    133    110    186   1393   1400   1428   1401     32     21     35     52     29      0     88     30     25     65     68    406    398    468    424    373    428    446    399   1080   1048    972   1003    520    482    478    550    538    507    503    656    587    679    591    609    665    583    588    701    641    663    688    643    645    604   1194   1217   1207    553    531    502    628    532    542    555    509    513    570    557    456    557  
  515    569    470    489    462    551    557    447    490    415    488    539    478    558    544    504    489    503    495    499    498   1319   1228   1252   1288   1266   1333   1262   1215   1271   1240    180    215    192    255   1480   1487   1515   1489    119    106     81    133     73     88      0     59     66     91     61    410    405    473    425    371    429    443    397   1167   1135   1058   1089    590    551    551    627    609    578    576    711    641    734    639    684    747    661    667    776    720    744    764    721    723    681   1263   1284   1273    518    503    462    590    500    497    515    477    477    528    515    543    644  
  466    518    420    440    417    504    511    402    441    369    438    493    504    574    565    519    508    521    514    516    516   1281   1190   1214   1250   1228   1294   1223   1175   1231   1201    136    162    139    211   1422   1429   1457   1430     62     50     41     76     30     30     59      0     17     68     46    411    404    474    428    375    432    449    402   1108   1076   1000   1031    540    501    499    573    558    527    524    678    609    701    611    630    690    606    612    723    665    688    710    666    668    626   1214   1236   1225    535    515    483    610    515    521    535    492    495    550    537    486    587  
  471    522    425    446    423    511    517    409    446    376    442    499    493    560    553    506    495    508    501    503    503   1265   1174   1199   1234   1212   1278   1208   1159   1216   1186    121    150    127    196   1415   1422   1451   1424     55     41     24     76     13     25     66     17      0     52     63    395    388    458    413    360    417    434    387   1104   1071    996   1027    544    506    502    575    561    531    527    662    592    685    594    633    690    607    613    725    666    688    713    667    669    628   1218   1241   1230    552    532    500    626    532    537    552    509    511    566    554    478    578  
  506    554    459    481    461    548    553    447    480    414    475    536    448    511    506    457    447    460    454    455    455   1228   1137   1162   1197   1176   1242   1171   1124   1180   1150     95    140    118    166   1412   1418   1449   1422     79     66     30    111     40     65     91     68     52      0    112    344    337    407    361    310    366    383    336   1109   1076   1003   1034    576    538    531    600    592    562    557    621    551    644    550    660    709    630    636    751    689    708    739    690    693    653   1249   1273   1263    600    581    546    673    580    583    599    557    559    612    600    475    572  
  456    512    412    430    403    491    498    388    432    356    431    480    534    610    599    556    542    556    549    551    551   1324   1233   1257   1292   1271   1336   1266   1217   1273   1243    179    198    176    253   1444   1452   1478   1451     94     87     87     92     75     68     61     46     63    112      0    452    446    515    469    416    473    489    442   1124   1093   1014   1046    533    493    495    571    552    521    519    722    653    745    656    628    696    608    613    721    666    691    708    667    669    626   1204   1225   1214    490    470    438    564    469    476    490    446    449    505    492    510    613  
  794    826    749    774    764    843    846    752    768    719    758    830    221    201    224    156    166    176    176    169    170   1024    938    966    998    980   1046    975    944    995    963    333    377    372    311   1460   1458   1505   1476    407    400    373    440    383    406    410    411    395    344    452      0     13     63     25     47     27     53     33   1219   1182   1128   1156    849    816    796    847    858    834    823    430    368    450    338    907    914    863    868    991    916    922    980    919    922    893   1498   1528   1522    925    912    866    993    908    896    919    885    882    929    916    602    659  
  783    815    737    762    754    832    835    742    757    708    746    819    233    213    237    168    179    189    189    182    183   1018    933    960    993    974   1041    970    938    989    957    323    366    362    299   1448   1446   1493   1464    398    391    366    431    376    398    405    404    388    337    446     13      0     71     37     49     39     66     41   1207   1170   1115   1143    837    805    784    835    846    822    811    423    360    443    331    895    902    851    856    979    903    910    968    907    909    881   1486   1516   1510    920    907    862    989    903    892    914    880    878    925    912    590    647  
  850    880    805    830    822    899    902    810    824    777    813    886    220    163    200    130    152    157    161    151    152    991    908    935    967    950   1015    945    918    967    934    393    435    431    365   1473   1470   1519   1490    469    462    436    502    446    468    473    474    458    407    515     63     71      0     51    105     46     49     81   1245   1208   1157   1184    902    871    849    897    910    887    876    413    357    431    320    957    958    911    916   1039    962    967   1028    966    968    941   1545   1576   1570    986    974    928   1054    970    957    980    947    944    990    977    640    689  
  817    850    771    796    787    866    869    774    791    741    781    853    201    177    200    131    143    153    153    146    147   1031    946    974   1006    988   1054    983    954   1004    972    354    399    394    334   1481   1479   1526   1497    426    418    391    459    401    424    425    428    413    361    469     25     37     51      0     55      5     29     30   1242   1205   1151   1179    872    840    820    871    881    857    847    443    383    462    350    931    939    887    893   1015    940    947   1004    943    946    917   1523   1552   1546    937    925    878   1004    920    907    930    898    894    940    926    627    683  
  775    810    729    754    743    823    827    730    749    696    740    810    205    213    226    162    164    176    173    169    170   1066    981   1008   1041   1022   1089   1017    985   1037   1004    309    357    350    296   1479   1479   1523   1495    376    368    339    410    349    373    371    375    360    310    416     47     49    105     55      0     59     74     27   1230   1193   1136   1165    833    800    781    836    843    818    808    469    405    489    377    896    910    854    860    982    908    917    971    911    914    883   1489   1518   1511    883    871    824    950    866    853    876    843    840    886    873    605    668  
  820    853    775    800    790    869    872    778    794    744    784    856    202    174    200    130    143    152    153    145    146   1027    943    970   1002    984   1050    980    951   1001    968    358    403    398    337   1480   1478   1525   1497    430    423    395    464    405    428    429    432    417    366    473     27     39     46      5     59      0     28     35   1243   1206   1152   1180    875    843    823    874    884    860    849    440    380    459    347    934    941    890    895   1017    942    949   1007    946    948    919   1525   1555   1548    941    930    882   1009    925    912    935    902    899    945    931    628    683  
  844    877    798    823    813    893    896    801    818    767    808    880    178    148    172    103    117    125    126    118    119   1040    956    984   1015    998   1064    993    966   1015    982    380    426    420    362   1506   1504   1551   1523    450    442    413    483    422    446    443    449    434    383    489     53     66     49     29     74     28      0     48   1270   1233   1179   1207    900    867    848    900    909    885    874    459    400    477    365    960    967    916    921   1044    969    975   1033    972    974    945   1551   1581   1574    952    941    892   1018    936    920    944    913    909    954    940    655    711  
