80

    0   1047   1013   1002   1026   1023    984    995   1010   1032   1049   1007    980   1019    972    991    994    996    983   1007   1002    609    602    561    618   1547   1557   1541   1579   1531   1587   1556   1573   1573   1522   1523   1550   1037   1039   1051   1031   1058   1022   1034   1039   1013   1033   1026   1020   1044   1052   1041   1709   1730   1734   1695   1732   1689   1705   1699   1739   1713   1745   1722   1702   1724   1735   1719   1728   1753   1724   1648   1735   1692   1679   1682   1703   1672   1677   1658  
 1047      0     43     46     26     31     69     56     39     20     22     41    496    467    445    490    481    493    449    494    496    439    446    488    430    983   1007   1004   1027    969   1009    999   1010   1011    968    970   1022    120    101     99    132    145     85    108    104    117    116     76    106    116    116     99    967    966    977    933    989    931    942    929    987    949    965    952    933    965    966    967    962   1001    945    723    801    770    745    754    769    733    763    737  
 1013     43      0     26     18     13     30     20     16     24     60     28    509    483    457    504    495    506    462    509    511    405    412    453    395    964    988    984   1008    950    991    981    992    993    949    950   1002     95     78     82    105    125     55     82     81     85     90     48     75     94     97     77    961    961    972    928    983    925    937    924    981    944    962    948    928    960    962    961    957    996    941    765    843    812    787    796    812    776    805    780  
 1002     46     26      0     27     26     30     16     12     32     53      6    484    458    432    479    470    481    437    484    486    394    401    443    385    989   1013   1009   1033    975   1016   1005   1017   1018    973    975   1026    120    103    107    129    150     79    107    106    108    114     73     99    119    122    102    986    986    997    953   1008    951    962    950   1006    969    987    973    953    985    987    986    983   1021    966    758    837    805    780    789    805    769    797    772  
 1026     26     18     27      0      6     45     32     17      7     43     25    502    475    451    496    487    499    455    501    503    418    425    467    409    973    997    993   1017    959    999    989   1000   1001    957    959   1011    105     87     88    116    133     66     92     90     98    100     58     88    103    104     85    965    964    975    931    987    929    940    927    985    947    964    951    931    963    964    964    960    999    944    748    826    795    770    779    794    758    787    762  
 1023     31     13     26      6      0     40     28     15     12     48     25    505    478    453    499    490    502    458    504    506    415    421    463    405    969    994    990   1014    956    996    986    997    998    954    955   1007    101     83     85    112    130     62     88     86     93     96     54     83     99    101     81    962    962    973    929    985    927    938    926    983    945    963    949    929    961    963    962    959    997    942    754    831    800    775    785    800    764    793    768  
  984     69     30     30     45     40      0     15     31     51     81     35    500    477    449    496    487    499    455    502    503    376    383    424    366    971    995    990   1015    957    999    987    999   1000    955    957   1007    105     91     98    113    137     66     93     93     88     99     63     82    106    111     91    976    977    987    944    998    941    952    940    997    960    979    964    944    976    978    977    973   1011    958    786    865    833    809    818    834    798    826    801  
  995     56     20     16     32     28     15      0     17     38     67     22    495    471    444    490    482    493    449    496    498    387    394    435    377    977   1001    996   1021    963   1004    993   1005   1005    961    962   1013    109     93     98    117    140     68     96     95     94    102     63     87    109    112     92    977    978    988    945   1000    942    954    941    998    961    979    965    945    977    979    978    974   1012    959    773    851    819    795    804    820    784    812    787  
 1010     39     16     12     17     15     31     17      0     22     51     12    494    468    442    488    479    491    447    494    495    402    409    451    393    979   1004   1000   1024    966   1007    996   1007   1008    964    966   1017    110     93     96    121    140     70     97     96    100    105     63     91    109    112     92    975    975    986    942    998    940    951    939    996    958    976    962    942    974    976    975    972   1010    956    757    836    804    779    788    804    768    796    771  
 1032     20     24     32      7     12     51     38     22      0     38     29    502    474    451    496    487    499    455    501    503    424    431    472    414    974    998    994   1018    960   1000    990   1001   1002    958    960   1012    107     88     89    119    134     69     94     92    101    102     61     91    104    105     86    964    963    974    930    986    928    939    926    983    946    963    949    930    962    963    963    959    998    943    742    820    789    764    773    789    753    782    756  
 1049     22     60     53     43     48     81     67     51     38      0     47    477    447    426    471    461    473    430    474    477    442    448    492    433   1004   1029   1025   1048    990   1029   1020   1031   1032    989    991   1043    142    123    121    154    167    106    129    126    138    137     97    127    138    138    121    986    984    995    952   1008    949    960    947   1005    967    983    970    951    983    984    985    980   1019    963    707    785    754    729    738    754    718    746    721  
 1007     41     28      6     25     25     35     22     12     29     47      0    482    456    430    476    468    479    435    482    484    399    405    448    390    991   1016   1011   1036    978   1018   1008   1019   1020    976    977   1029    122    105    108    132    152     82    109    108    111    117     75    102    121    124    104    987    987    997    954   1009    951    962    950   1007    970    987    974    954    986    987    987    983   1022    967    752    831    799    775    783    799    764    791    766  
  980    496    509    484    502    505    500    495    494    502    477    482      0     53     52     15     23     18     48     29     23    530    528    576    539   1471   1495   1490   1515   1457   1499   1487   1499   1500   1455   1456   1507    603    586    589    612    633    562    590    589    588    597    556    581    602    605    585   1462   1459   1471   1428   1484   1425   1436   1423   1481   1443   1458   1446   1426   1459   1459   1461   1456   1495   1438    708    794    746    741    741    763    738    728    715  
 1019    467    483    458    475    478    477    471    468    474    447    456     53      0     51     40     31     38     39     32     38    545    544    594    553   1447   1471   1467   1491   1433   1474   1463   1474   1475   1431   1433   1484    578    560    562    587    607    537    565    563    565    572    531    557    577    579    559   1429   1425   1437   1394   1451   1392   1402   1389   1447   1409   1423   1411   1392   1425   1425   1428   1421   1461   1403    658    744    697    691    691    713    688    679    665  
  972    445    457    432    451    453    449    444    442    451    426    430     52     51      0     48     41     52     13     58     58    495    495    544    504   1420   1443   1438   1464   1406   1447   1436   1447   1448   1403   1405   1456    551    535    538    560    582    511    539    538    537    546    505    530    551    553    533   1411   1408   1420   1377   1433   1374   1385   1372   1430   1392   1407   1395   1375   1408   1408   1410   1405   1444   1387    697    783    737    729    731    752    726    720    705  
  991    490    504    479    496    499    496    490    488    496    471    476     15     40     48      0     10      5     42     16     12    535    534    582    545   1466   1490   1486   1511   1452   1494   1483   1494   1495   1450   1452   1503    598    581    584    607    628    557    585    584    584    592    551    577    597    600    580   1455   1452   1463   1420   1477   1418   1428   1415   1474   1435   1450   1438   1419   1452   1452   1454   1448   1488   1430    694    780    733    727    728    749    724    715    701  
  994    481    495    470    487    490    487    482    479    487    461    468     23     31     41     10      0     12     33     18     17    532    531    580    541   1458   1482   1477   1502   1444   1485   1474   1486   1486   1442   1443   1494    589    572    575    598    619    549    576    575    575    583    542    568    588    591    571   1446   1442   1454   1411   1467   1409   1419   1406   1464   1426   1440   1429   1409   1442   1442   1444   1439   1478   1421    688    774    727    721    721    743    718    709    695  
  996    493    506    481    499    502    499    493    491    499    473    479     18     38     52      5     12      0     45     12      7    540    539    587    549   1469   1493   1489   1514   1456   1497   1486   1497   1498   1453   1455   1506    601    584    587    610    631    560    588    587    587    595    554    580    600    602    583   1458   1454   1466   1423   1479   1420   1431   1418   1476   1438   1452   1440   1421   1454   1454   1456   1450   1490   1432    691    777    729    724    724    746    721    711    698  
  983    449    462    437    455    458    455    449    447    455    430    435     48     39     13     42     33     45      0     49     50    507    507    556    516   1425   1449   1444   1469   1411   1453   1442   1453   1454   1409   1411   1462    557    540    543    566    587    516    544    543    543    551    510    535    556    558    538   1415   1411   1423   1380   1436   1378   1388   1375   1433   1395   1410   1398   1378   1411   1411   1413   1408   1447   1390    687    773    727    720    721    742    716    710    695  
 1007    494    509    484    501    504    502    496    494    501    474    482     29     32     58     16     18     12     49      0      7    550    549    597    559   1472   1496   1492   1516   1458   1500   1488   1500   1501   1456   1458   1509    603    586    589    613    633    563    590    589    590    598    556    582    602    605    585   1458   1454   1466   1423   1480   1421   1431   1418   1476   1438   1452   1440   1421   1454   1454   1457   1450   1490   1432    680    766    719    714    714    735    711    701    688  
 1002    496    511    486    503    506    503    498    495    503    477    484     23     38     58     12     17      7     50      7      0    547    546    594    556   1474   1498   1493   1518   1460   1501   1490   1502   1503   1458   1459   1510    605    588    591    614    635    565    592    591    591    599    558    584    604    607    587   1461   1457   1469   1426   1482   1424   1434   1421   1479   1441   1455   1443   1424   1457   1457   1459   1453   1493   1435    687    772    725    720    720    741    717    707    694  
  609    439    405    394    418    415    376    387    402    424    442    399    530    545    495    535    532    540    507    550    547      0      9     55     19   1137   1155   1145   1178   1121   1173   1151   1166   1166   1115   1117   1159    438    437    449    434    463    418    433    437    413    433    421    418    444    452    438   1223   1235   1242   1200   1247   1196   1210   1200   1250   1218   1244   1224   1204   1231   1238   1229   1232   1265   1222   1085   1170   1131   1113   1119   1137   1104   1119   1097  
  602    446    412    401    425    421    383    394    409    431    448    405    528    544    495    534    531    539    507    549    546      9      0     52     27   1145   1163   1152   1185   1129   1181   1159   1174   1174   1123   1125   1166    446    445    457    442    471    426    441    445    421    441    429    426    452    460    446   1232   1243   1251   1208   1256   1204   1218   1209   1258   1226   1252   1233   1212   1240   1247   1238   1241   1273   1231   1088   1174   1134   1116   1122   1141   1108   1122   1100  
  561    488    453    443    467    463    424    435    451    472    492    448    576    594    544    582    580    587    556    597    594     55     52      0     59   1142   1159   1148   1182   1126   1179   1155   1170   1171   1120   1121   1161    479    480    492    474    502    462    475    479    454    474    466    460    486    494    481   1240   1253   1261   1219   1264   1214   1228   1220   1268   1236   1264   1243   1223   1250   1257   1247   1251   1283   1242   1139   1225   1185   1167   1173   1192   1159   1173   1152  
  618    430    395    385    409    405    366    377    393    414    433    390    539    553    504    545    541    549    516    559    556     19     27     59      0   1118   1136   1126   1159   1102   1154   1132   1147   1147   1096   1098   1140    424    424    437    420    449    406    420    424    400    420    410    405    431    439    426   1205   1217   1224   1182   1229   1177   1192   1182   1232   1200   1226   1206   1186   1213   1220   1211   1214   1247   1204   1084   1169   1130   1112   1118   1136   1103   1118   1096  
 1547    983    964    989    973    969    971    977    979    974   1004    991   1471   1447   1420   1466   1458   1469   1425   1472   1474   1137   1145   1142   1118      0     28     39     45     16     42     18     29     30     26     25     55    869    887    885    860    840    910    883    884    883    875    917    890    871    869    888    285    326    318    311    298    304    316    325    314    321    356    332    325    316    335    306    329    321    346   1513   1557   1551   1517   1531   1536   1502   1555   1528  
 1557   1007    988   1013    997    994    995   1001   1004    998   1029   1016   1495   1471   1443   1490   1482   1493   1449   1496   1498   1155   1163   1159   1136     28      0     20     23     39     45     12     22     21     41     39     30    894    911    910    884    865    934    907    908    907    899    941    914    895    893    913    303    344    336    331    314    324    336    345    330    340    374    351    345    334    354    323    347    336    366   1541   1584   1578   1545   1558   1564   1530   1582   1555  
 1541   1004    984   1009    993    990    990    996   1000    994   1025   1011   1490   1467   1438   1486   1477   1489   1444   1492   1493   1145   1152   1148   1126     39     20      0     39     42     65     29     42     41     38     36     19    890    907    906    880    861    930    903    904    903    895    937    910    891    890    909    321    362    354    348    333    341    353    362    349    357    392    368    362    352    371    341    365    355    383   1545   1590   1583   1549   1563   1569   1535   1587   1560  
 1579   1027   1008   1033   1017   1014   1015   1021   1024   1018   1048   1036   1515   1491   1464   1511   1502   1514   1469   1516   1518   1178   1185   1182   1159     45     23     39      0     59     39     28     20     19     63     62     38    914    931    930    904    884    954    927    928    927    920    961    935    915    913    933    298    340    330    328    308    322    333    343    324    336    369    347    343    330    349    319    343    329    363   1554   1597   1592   1558   1572   1577   1543   1596   1569  
 1531    969    950    975    959    956    957    963    966    960    990    978   1457   1433   1406   1452   1444   1456   1411   1458   1460   1121   1129   1126   1102     16     39     42     59      0     57     31     45     45     13     13     60    856    873    872    846    827    896    869    870    869    862    903    877    857    855    875    291    331    324    315    305    308    321    328    320    325    361    337    329    322    341    311    334    328    351   1504   1548   1542   1508   1522   1527   1494   1546   1519  
 1587   1009    991   1016    999    996    999   1004   1007   1000   1029   1018   1499   1474   1447   1494   1485   1497   1453   1500   1501   1173   1181   1179   1154     42     45     65     39     57      0     38     24     25     67     67     73    897    914    912    888    867    937    910    911    911    903    944    918    898    896    915    260    301    293    290    271    283    294    304    287    298    331    309    304    292    311    281    304    292    324   1524   1566   1561   1527   1541   1546   1512   1566   1539  
 1556    999    981   1005    989    986    987    993    996    990   1020   1008   1487   1463   1436   1483   1474   1486   1442   1488   1490   1151   1159   1155   1132     18     12     29     28     31     38      0     18     17     36     35     41    886    903    902    876    857    926    899    900    900    892    933    907    887    885    905    293    334    326    320    305    313    325    334    321    329    364    340    334    324    343    313    337    327    355   1530   1574   1567   1534   1548   1553   1519   1572   1545  
 1573   1010    992   1017   1000    997    999   1005   1007   1001   1031   1019   1499   1474   1447   1494   1486   1497   1453   1500   1502   1166   1174   1170   1147     29     22     42     20     45     24     18      0      2     52     51     49    897    915    913    888    868    938    910    912    911    903    944    918    898    897    916    283    324    316    312    294    305    317    326    310    320    354    331    326    315    334    304    327    316    347   1535   1578   1572   1538   1552   1557   1524   1576   1550  
 1573   1011    993   1018   1001    998   1000   1005   1008   1002   1032   1020   1500   1475   1448   1495   1486   1498   1454   1501   1503   1166   1174   1171   1147     30     21     41     19     45     25     17      2      0     52     51     48    898    916    914    889    869    939    911    913    912    904    945    919    899    898    917    284    326    317    314    295    307    318    328    312    322    356    333    328    316    335    305    329    317    348   1536   1579   1573   1540   1554   1558   1525   1578   1551  
 1522    968    949    973    957    954    955    961    964    958    989    976   1455   1431   1403   1450   1442   1453   1409   1456   1458   1115   1123   1120   1096     26     41     38     63     13     67     36     52     52      0      2     57    854    872    870    844    825    894    867    868    867    860    901    875    855    854    873    302    343    336    326    316    319    332    339    332    336    372    348    340    333    352    323    345    340    362   1507   1552   1545   1512   1526   1531   1497   1549   1522  
 1523    970    950    975    959    955    957    962    966    960    991    977   1456   1433   1405   1452   1443   1455   1411   1458   1459   1117   1125   1121   1098     25     39     36     62     13     67     35     51     51      2      0     55    856    873    872    846    826    896    869    870    869    861    903    876    857    855    875    303    344    337    327    317    320    333    340    333    338    373    349    341    334    353    324    346    340    363   1509   1554   1547   1514   1527   1533   1499   1551   1524  
 1550   1022   1002   1026   1011   1007   1007   1013   1017   1012   1043   1029   1507   1484   1456   1503   1494   1506   1462   1509   1510   1159   1166   1161   1140     55     30     19     38     60     73     41     49     48     57     55      0    907    925    924    897    878    947    920    922    920    913    954    927    909    907    926    332    373    364    360    342    353    365    374    359    369    403    380    374    363    382    352    376    364    395   1563   1608   1601   1568   1582   1587   1553   1605   1578  
 1037    120     95    120    105    101    105    109    110    107    142    122    603    578    551    598    589    601    557    603    605    438    446    479    424    869    894    890    914    856    897    886    897    898    854    856    907      0     20     26     14     32     41     14     16     26      7     48     24      8     16     22    871    873    883    840    894    837    848    836    893    856    875    860    840    871    874    872    869    907    854    820    894    867    839    850    864    827    861    835  
 1039    101     78    103     87     83     91     93     93     88    123    105    586    560    535    581    572    584    540    586    588    437    445    480    424    887    911    907    931    873    914    903    915    916    872    873    925     20      0     13     33     48     26      9      4     30     16     30     20     17     20      3    885    886    897    853    908    850    862    850    906    869    888    873    853    885    887    886    883    921    867    804    878    850    823    833    847    811    844    818  
 1051     99     82    107     88     85     98     98     96     89    121    108    589    562    538    584    575    587    543    589    591    449    457    492    437    885    910    906    930    872    912    902    913    914    870    872    924     26     13      0     39     46     34     20     15     42     25     36     33     20     17     11    880    880    891    847    902    845    856    844    901    863    882    867    847    879    881    880    877    915    861    795    869    841    814    824    838    802    835    809  
 1031    132    105    129    116    112    113    117    121    119    154    132    612    587    560    607    598    610    566    613    614    434    442    474    420    860    884    880    904    846    888    876    888    889    844    846    897     14     33     39      0     30     51     25     29     26     17     58     31     21     27     35    865    867    878    834    888    831    843    831    887    850    870    855    835    866    869    867    864    902    849    833    907    880    853    863    877    841    874    848  
 1058    145    125    150    133    130    137    140    140    134    167    152    633    607    582    628    619    631    587    633    635    463    471    502    449    840    865    861    884    827    867    857    868    869    825    826    878     32     48     46     30      0     72     45     45     55     39     78     56     32     30     49    839    841    851    808    862    805    816    804    861    824    843    828    808    840    842    840    837    875    822    829    901    875    847    857    871    834    870    844  
 1022     85     55     79     66     62     66     68     70     69    106     82    562    537    511    557    549    560    516    563    565    418    426    462    406    910    934    930    954    896    937    926    938    939    894    896    947     41     26     34     51     72      0     28     28     33     35     10     22     41     46     26    911    912    922    879    933    876    887    875    932    895    913    899    879    910    913    911    908    946    893    799    875    846    819    829    844    808    839    813  
 1034    108     82    107     92     88     93     96     97     94    129    109    590    565    539    585    576    588    544    590    592    433    441    475    420    883    907    903    927    869    910    899    910    911    867    869    920     14      9     20     25     45     28      0      6     22      9     35     15     14     21     11    883    884    895    851    906    848    860    848    904    868    886    872    852    883    886    884    881    919    866    812    886    858    831    841    856    819    852    826  
 1039    104     81    106     90     86     93     95     96     92    126    108    589    563    538    584    575    587    543    589    591    437    445    479    424    884    908    904    928    870    911    900    912    913    868    870    922     16      4     15     29     45     28      6      0     28     13     33     19     14     18      6    883    884    894    851    905    848    859    848    904    867    886    871    851    883    885    884    881    918    865    807    881    853    826    836    851    814    847    821  
 1013    117     85    108     98     93     88     94    100    101    138    111    588    565    537    584    575    587    543    590    591    413    421    454    400    883    907    903    927    869    911    900    911    912    867    869    920     26     30     42     26     55     33     22     28      0     20     42     13     32     40     32    891    893    903    860    914    857    869    857    913    876    896    881    860    892    894    892    890    927    875    829    904    876    849    859    874    837    870    844  
 1033    116     90    114    100     96     99    102    105    102    137    117    597    572    546    592    583    595    551    598    599    433    441    474    420    875    899    895    920    862    903    892    903    904    860    861    913      7     16     25     17     39     35      9     13     20      0     42     18     12     20     19    878    879    889    846    900    843    855    843    899    862    881    866    846    878    880    879    876    913    861    819    893    865    838    848    863    826    860    834  
 1026     76     48     73     58     54     63     63     63     61     97     75    556    531    505    551    542    554    510    556    558    421    429    466    410    917    941    937    961    903    944    933    944    945    901    903    954     48     30     36     58     78     10     35     33     42     42      0     31     47     50     29    915    915    926    883    937    880    891    879    936    899    917    903    883    914    916    915    912    950    896    790    866    837    810    820    835    799    830    805  
 1020    106     75     99     88     83     82     87     91     91    127    102    581    557    530    577    568    580    535    582    584    418    426    460    405    890    914    910    935    877    918    907    918    919    875    876    927     24     20     33     31     56     22     15     19     13     18     31      0     28     35     22    895    896    907    863    917    860    872    860    916    879    899    884    864    895    898    896    893    931    878    817    892    864    837    847    862    825    858    832  
 1044    116     94    119    103     99    106    109    109    104    138    121    602    577    551    597    588    600    556    602    604    444    452    486    431    871    895    891    915    857    898    887    898    899    855    857    909      8     17     20     21     32     41     14     14     32     12     47     28      0      8     18    870    871    881    838    892    835    847    835    891    854    873    858    838    870    872    871    868    905    852    813    887    860    832    843    857    820    854    828  
 1052    116     97    122    104    101    111    112    112    105    138    124    605    579    553    600    591    602    558    605    607    452    460    494    439    869    893    890    913    855    896    885    897    898    854    855    907     16     20     17     27     30     46     21     18     40     20     50     35      8      0     21    866    867    877    834    888    831    842    830    887    850    868    854    834    865    868    866    863    901    848    808    882    854    827    837    851    815    849    823  
 1041     99     77    102     85     81     91     92     92     86    121    104    585    559    533    580    571    583    538    585    587    438    446    481    426    888    913    909    933    875    915    905    916    917    873    875    926     22      3     11     35     49     26     11      6     32     19     29     22     18     21      0    886    887    897    854    909    851    862    850    907    870    888    874    854    886    888    887    883    921    868    801    875    847    820    831    845    808    842    816  
 1709    967    961    986    965    962    976    977    975    964    986    987   1462   1429   1411   1455   1446   1458   1415   1458   1461   1223   1232   1240   1205    285    303    321    298    291    260    293    283    284    302    303    332    871    885    880    865    839    911    883    883    891    878    915    895    870    866    886      0     42     34     44     25     42     42     57     33     42     72     51     55     32     51     21     45     46     68   1371   1402   1404   1369   1384   1386   1355   1411   1385  
 1730    966    961    986    964    962    977    978    975    963    984    987   1459   1425   1408   1452   1442   1454   1411   1454   1457   1235   1243   1253   1217    326    344    362    340    331    301    334    324    326    343    344    373    873    886    880    867    841    912    884    884    893    879    915    896    871    867    887     42      0     15     35     40     41     26     37     27     18     30     16     33     10     10     21      5     38     31   1349   1377   1380   1346   1360   1362   1331   1388   1363  
 1734    977    972    997    975    973    987    988    986    974    995    997   1471   1437   1420   1463   1454   1466   1423   1466   1469   1242   1251   1261   1224    318    336    354    330    324    293    326    316    317    336    337    364    883    897    891    878    851    922    895    894    903    889    926    907    881    877    897     34     15      0     44     27     48     35     49     12     29     41     30     46     12     22     16     19     25     45   1363   1392   1394   1360   1375   1376   1346   1402   1377  
 1695    933    928    953    931    929    944    945    942    930    952    954   1428   1394   1377   1420   1411   1423   1380   1423   1426   1200   1208   1219   1182    311    331    348    328    315    290    320    312    314    326    327    360    840    853    847    834    808    879    851    851    860    846    883    863    838    834    854     44     35     44      0     59      8     10     15     54     19     54     28     15     32     40     35     33     68     38   1328   1358   1360   1326   1341   1342   1312   1368   1342  
 1732    989    983   1008    987    985    998   1000    998    986   1008   1009   1484   1451   1433   1477   1467   1479   1436   1480   1482   1247   1256   1264   1229    298    314    333    308    305    271    305    294    295    316    317    342    894    908    902    888    862    933    906    905    914    900    937    917    892    888    909     25     40     27     59      0     60     54     69     17     49     67     54     66     33     48     26     45     24     70   1385   1415   1417   1383   1397   1399   1368   1425   1399  
 1689    931    925    951    929    927    941    942    940    928    949    951   1425   1392   1374   1418   1409   1420   1378   1421   1424   1196   1204   1214   1177    304    324    341    322    308    283    313    305    307    319    320    353    837    850    845    831    805    876    848    848    857    843    880    860    835    831    851     42     41     48      8     60      0     17     21     56     25     61     35     22     36     46     36     39     71     45   1330   1360   1362   1328   1342   1344   1313   1370   1344  
 1705    942    937    962    940    938    952    954    951    939    960    962   1436   1402   1385   1428   1419   1431   1388   1431   1434   1210   1218   1228   1192    316    336    353    333    321    294    325    317    318    332    333    365    848    862    856    843    816    887    860    859    869    855    891    872    847    842    862     42     26     35     10     54     17      0     16     46      9     45     19     13     24     30     29     23     60     31   1332   1362   1364   1330   1344   1346   1315   1372   1346  
 1699    929    924    950    927    926    940    941    939    926    947    950   1423   1389   1372   1415   1406   1418   1375   1418   1421   1200   1209   1220   1182    325    345    362    343    328    304    334    326    328    339    340    374    836    850    844    831    804    875    848    848    857    843    879    860    835    830    850     57     37     49     15     69     21     16      0     60     21     47     24      4     38     38     44     33     73     27   1317   1347   1349   1315   1329   1331   1300   1357   1331  
 1739    987    981   1006    985    983    997    998    996    983   1005   1007   1481   1447   1430   1474   1464   1476   1433   1476   1479   1250   1258   1268   1232    314    330    349    324    320    287    321    310    312    332    333    359    893    906    901    887    861    932    904    904    913    899    936    916    891    887    907     33     27     12     54     17     56     46     60      0     40     51     42     57     23     33     21     31     15     57   1375   1403   1406   1372   1386   1388   1357   1414   1389  
 1713    949    944    969    947    945    960    961    958    946    967    970   1443   1409   1392   1435   1426   1438   1395   1438   1441   1218   1226   1236   1200    321    340    357    336    325    298    329    320    322    336    338    369    856    869    863    850    824    895    868    867    876    862    899    879    854    850    870     42     18     29     19     49     25      9     21     40      0     38     12     18     18     22     25     15     53     27   1336   1366   1368   1334   1349   1350   1320   1376   1351  
 1745    965    962    987    964    963    979    979    976    963    983    987   1458   1423   1407   1450   1440   1452   1410   1452   1455   1244   1252   1264   1226    356    374    392    369    361    331    364    354    356    372    373    403    875    888    882    870    843    913    886    886    896    881    917    899    873    868    888     72     30     41     54     67     61     45     47     51     38      0     26     44     40     21     51     28     55     22   1333   1360   1364   1330   1344   1345   1315   1372   1347  
 1722    952    948    973    951    949    964    965    962    949    970    974   1446   1411   1395   1438   1429   1440   1398   1440   1443   1224   1233   1243   1206    332    351    368    347    337    309    340    331    333    348    349    380    860    873    867    855    828    899    872    871    881    866    903    884    858    854    874     51     16     30     28     54     35     19     24     42     12     26      0     21     22     14     32     11     53     17   1334   1362   1365   1331   1345   1346   1316   1373   1348  
 1702    933    928    953    931    929    944    945    942    930    951    954   1426   1392   1375   1419   1409   1421   1378   1421   1424   1204   1212   1223   1186    325    345    362    343    329    304    334    326    328    340    341    374    840    853    847    835    808    879    852    851    860    846    883    864    838    834    854     55     33     46     15     66     22     13      4     57     18     44     21      0     35     35     41     30     70     25   1320   1350   1352   1318   1332   1333   1303   1360   1334  
 1724    965    960    985    963    961    976    977    974    962    983    986   1459   1425   1408   1452   1442   1454   1411   1454   1457   1231   1240   1250   1213    316    334    352    330    322    292    324    315    316    333    334    363    871    885    879    866    840    910    883    883    892    878    914    895    870    865    886     32     10     12     32     33     36     24     38     23     18     40     22     35      0     20     12     14     36     38   1353   1382   1385   1351   1365   1367   1336   1393   1367  
 1735    966    962    987    964    963    978    979    976    963    984    987   1459   1425   1408   1452   1442   1454   1411   1454   1457   1238   1247   1257   1220    335    354    371    349    341    311    343    334    335    352    353    382    874    887    881    869    842    913    886    885    894    880    916    898    872    868    888     51     10     22     40     48     46     30     38     33     22     21     14     35     20      0     31      8     41     25   1344   1372   1375   1341   1356   1357   1327   1384   1358  
 1719    967    961    986    964    962    977    978    975    963    985    987   1461   1428   1410   1454   1444   1456   1413   1457   1459   1229   1238   1247   1211    306    323    341    319    311    281    313    304    305    323    324    352    872    886    880    867    840    911    884    884    892    879    915    896    871    866    887     21     21     16     35     26     36     29     44     21     25     51     32     41     12     31      0     25     36     49   1360   1390   1392   1358   1372   1374   1343   1400   1374  
 1728    962    957    983    960    959    973    974    972    959    980    983   1456   1421   1405   1448   1439   1450   1408   1450   1453   1232   1241   1251   1214    329    347    365    343    334    304    337    327    329    345    346    376    869    883    877    864    837    908    881    881    890    876    912    893    868    863    883     45      5     19     33     45     39     23     33     31     15     28     11     30     14      8     25      0     42     26   1344   1373   1376   1341   1356   1357   1327   1384   1358  
 1753   1001    996   1021    999    997   1011   1012   1010    998   1019   1022   1495   1461   1444   1488   1478   1490   1447   1490   1493   1265   1273   1283   1247    321    336    355    329    328    292    327    316    317    340    340    364    907    921    915    902    875    946    919    918    927    913    950    931    905    901    921     46     38     25     68     24     71     60     73     15     53     55     53     70     36     41     36     42      0     66   1385   1413   1416   1382   1396   1397   1367   1424   1399  
 1724    945    941    966    944    942    958    959    956    943    963    967   1438   1403   1387   1430   1421   1432   1390   1432   1435   1222   1231   1242   1204    346    366    383    363    351    324    355    347    348    362    363    395    854    867    861    849    822    893    866    865    875    861    896    878    852    848    868     68     31     45     38     70     45     31     27     57     27     22     17     25     38     25     49     26     66      0   1319   1348   1351   1317   1331   1332   1302   1359   1333  
