120

    0      7      4     28      7      9     13      6     21     27     13     19     19     22   1001    956    983    989    986    996    965   1002    988    980    985    982    977    976    974    983    992    344    358    337    358    357    364    379    354    355    366    328    371    372    375    369    365    349    339    338    349    349    355    350    349    362    383    374    332    366    358    352    358    368    362    364    371    351    368    356    443    430    773    748    764    774    759    788    767    760    863    854    850    862    868    872    861    852    861    847    379    389    368    371    368    379    366    370    362    379    374    365    393    389    367    344    375    349    390    384    370    381    370    384    363    380    398    362    348    389  
    7      0      6     34     11     13      6      7     15     23     19     15     16     25   1002    958    984    991    988    997    967   1003    990    981    987    983    978    978    976    985    993    351    365    344    365    363    370    385    361    361    372    335    378    379    382    375    371    355    346    344    355    356    362    356    356    369    389    380    338    372    365    359    365    375    369    371    378    358    374    362    443    429    770    745    761    772    756    785    764    758    864    855    851    863    869    873    862    853    862    848    374    384    363    366    363    373    361    365    357    374    369    360    387    384    362    339    370    343    384    379    365    376    365    379    357    374    393    357    342    384  
    4      6      0     29      6      8     10      2     18     23     16     15     15     20    998    954    980    987    983    993    963    999    986    977    983    979    974    974    972    981    989    346    360    339    360    358    365    380    356    356    367    330    373    374    377    370    366    350    340    339    350    350    357    351    351    364    384    375    333    367    359    354    360    369    364    366    373    353    369    357    446    433    775    750    766    776    761    790    769    762    866    857    854    865    871    875    864    855    864    850    379    389    368    371    368    379    366    371    362    379    375    365    393    389    367    344    375    349    390    384    371    382    370    385    363    380    398    363    348    389  
   28     34     29      0     24     22     38     29     43     42     25     37     36     19    984    939    965    973    968    979    948    984    970    962    968    965    960    959    957    966    975    318    332    311    332    330    337    352    328    329    339    302    345    346    349    342    339    322    313    311    323    323    329    323    323    336    356    348    306    340    332    326    332    341    336    338    345    325    341    329    456    444    794    769    785    795    780    809    788    782    871    861    859    870    876    880    869    860    869    856    406    416    395    398    394    405    393    397    388    406    401    391    420    416    394    371    401    376    416    411    397    408    397    411    390    406    425    389    374    416  
    7     11      6     24      0      3     15      5     21     24     16     17     16     16    995    950    976    983    980    990    959    996    982    973    979    976    971    970    968    977    986    341    355    334    355    353    360    375    351    352    362    325    368    369    372    365    362    345    336    334    346    346    352    346    346    359    379    371    329    363    355    349    355    364    359    361    368    348    364    352    448    436    779    754    770    781    765    794    773    767    868    859    856    867    873    877    866    857    866    852    384    395    374    376    373    384    371    376    367    384    380    370    398    394    373    349    380    354    395    390    376    387    376    390    368    385    403    368    353    394  
    9     13      8     22      3      0     16      7     22     24     17     17     16     14    993    948    974    981    978    988    957    994    980    971    977    974    969    968    966    975    984    339    354    332    354    352    359    374    350    350    361    323    367    368    370    364    360    344    334    333    344    344    351    345    344    358    378    369    327    361    353    347    353    363    357    360    367    346    363    351    450    437    781    756    772    783    767    796    775    769    870    860    857    869    875    879    867    858    868    854    386    397    376    378    375    386    373    378    369    386    382    372    400    396    375    351    382    356    397    392    378    389    378    392    370    387    405    370    355    396  
   13      6     10     38     15     16      0     10     10     18     24     12     13     26   1000    956    983    989    986    996    965   1002    988    979    986    982    977    976    974    983    991    355    370    348    370    368    375    390    365    366    376    339    382    383    386    379    376    360    350    348    360    360    366    361    360    373    394    385    343    377    369    363    369    379    373    375    383    362    379    367    445    432    771    746    762    773    757    786    765    759    868    859    855    867    873    877    865    856    866    852    371    382    361    363    361    371    358    363    355    371    367    358    385    381    360    337    368    341    382    377    363    374    363    377    355    372    391    355    341    381  
    6      7      2     29      5      7     10      0     17     22     18     14     14     19    997    952    979    985    982    992    962    998    984    976    982    978    973    972    970    979    988    346    360    339    360    358    365    380    356    356    367    330    373    374    377    370    366    350    341    339    351    351    357    351    351    364    384    376    333    368    360    354    360    369    364    366    373    353    369    357    447    434    776    751    767    778    762    791    770    764    868    859    855    867    873    877    865    856    866    852    380    390    369    372    369    380    367    371    363    380    375    366    393    390    368    345    376    349    390    385    371    382    371    385    363    380    399    363    349    390  
   21     15     18     43     21     22     10     17      0     11     33      8      9     28    995    950    977    983    981    990    960    996    983    974    980    976    971    970    968    978    986    360    374    352    374    372    379    394    370    371    381    344    387    388    390    384    380    364    354    353    365    365    371    365    365    378    398    390    348    382    374    368    374    383    377    380    388    367    383    371    453    439    775    750    766    777    761    790    769    763    876    867    863    875    881    885    874    864    874    860    371    382    361    363    361    372    358    363    355    371    367    359    385    381    359    337    368    341    382    378    363    374    363    378    354    372    391    356    341    381  
   27     23     23     42     24     24     18     22     11      0     39      8      8     25    984    940    967    973    971    980    950    986    973    964    970    966    961    960    958    968    975    357    372    349    372    370    377    391    367    368    378    341    385    386    387    381    378    361    352    350    363    362    368    363    362    377    396    388    345    379    371    365    371    380    374    378    385    364    380    369    463    449    785    760    776    787    771    800    779    773    886    877    873    885    891    895    883    874    884    869    379    390    368    370    369    380    365    371    363    378    374    367    392    388    367    344    376    349    390    386    371    381    371    386    361    380    398    364    349    389  
   13     19     16     25     16     17     24     18     33     39      0     31     31     28   1006    961    988    995    991   1001    971   1007    993    985    990    987    982    982    980    989    997    337    350    330    350    349    355    371    346    347    358    320    362    364    368    361    357    341    331    330    340    341    348    342    341    353    375    366    324    358    350    344    351    361    355    356    363    343    361    348    435    423    770    745    761    771    756    785    764    758    854    844    841    853    859    863    851    843    852    838    382    392    372    375    370    381    370    374    364    383    378    367    396    392    371    347    377    352    393    387    374    385    373    387    366    383    401    365    350    392  
   19     15     15     37     17     17     12     14      8      8     31      0      2     21    989    945    972    978    975    985    954    991    977    968    975    971    966    965    963    972    980    353    368    346    368    366    373    387    363    364    374    337    381    382    384    377    374    358    348    346    359    358    364    359    358    372    392    384    341    375    367    361    367    376    371    374    381    360    376    365    457    443    781    756    772    783    767    796    775    769    879    870    866    878    884    888    876    867    877    863    379    389    368    370    368    379    365    371    362    378    374    366    392    388    367    344    375    349    390    385    370    381    370    385    361    380    398    363    348    388  
   19     16     15     36     16     16     13     14      9      8     31      2      0     19    988    944    970    977    974    984    953    990    976    967    973    969    964    964    962    971    979    352    367    344    366    364    372    386    362    363    373    336    380    381    382    376    373    356    347    345    358    357    363    357    357    371    390    382    340    374    366    360    366    375    369    373    380    359    375    363    458    444    783    757    773    784    769    798    777    770    880    871    867    879    885    889    877    868    878    863    380    391    369    372    370    381    367    372    364    380    376    367    394    390    368    345    377    350    391    387    372    383    372    387    363    381    400    365    350    390  
   22     25     20     19     16     14     26     19     28     25     28     21     19      0    980    935    961    968    965    975    944    981    967    958    964    961    956    955    953    962    971    333    348    326    348    346    353    367    344    344    354    317    361    362    364    358    354    338    328    326    339    338    344    339    338    352    372    364    321    355    347    342    347    356    351    354    361    340    356    345    463    450    794    769    785    796    780    809    788    782    881    872    869    880    886    890    879    870    879    865    397    408    386    389    387    397    384    389    380    397    393    384    411    407    385    362    393    367    408    403    389    400    389    403    380    398    416    381    366    407  
 1001   1002    998    984    995    993   1000    997    995    984   1006    989    988    980      0     49     36     12     54     27     41     36     43     29     42     19     27     27     30     33     11    918    933    908    928    922    933    910    924    924    907    924    945    939    911    922    919    918    917    912    951    922    921    923    927    949    923    940    933    924    921    926    912    900    909    940    942    923    900    923   1437   1426   1764   1737   1754   1766   1750   1778   1757   1751   1830   1818   1818   1830   1835   1840   1828   1822   1829   1818   1310   1324   1298   1297   1310   1317   1293   1305   1305   1302   1307   1311   1316   1315   1296   1282   1314   1285   1324   1326   1303   1310   1304   1326   1287   1315   1331   1305   1291   1316  
  956    958    954    939    950    948    956    952    950    940    961    945    944    935     49      0     29     39     44     41     10     49     38     24     35     33     23     22     19     29     43    870    884    860    880    874    885    862    876    875    859    875    897    891    862    874    871    869    869    863    902    874    872    874    878    900    875    892    884    876    873    878    863    851    860    892    894    875    852    874   1392   1381   1721   1694   1711   1724   1707   1735   1714   1709   1783   1770   1771   1782   1788   1792   1781   1774   1781   1771   1269   1284   1258   1257   1269   1277   1253   1265   1265   1262   1267   1270   1277   1275   1256   1241   1273   1244   1283   1286   1263   1270   1264   1285   1247   1275   1291   1265   1250   1276  
  983    984    980    965    976    974    983    979    977    967    988    972    970    961     36     29      0     33     21     15     21     20     11     12      8     32     21     21     19      5     37    890    904    881    900    894    905    882    896    896    879    896    917    911    882    894    891    890    890    884    923    894    892    895    899    920    895    911    905    896    893    898    884    871    881    912    914    895    872    895   1417   1407   1748   1722   1738   1751   1734   1762   1741   1736   1807   1794   1795   1806   1811   1816   1804   1798   1805   1795   1298   1312   1286   1285   1297   1305   1281   1293   1292   1290   1295   1298   1305   1303   1284   1269   1301   1272   1312   1313   1291   1298   1292   1313   1275   1303   1319   1293   1278   1304  
  989    991    987    973    983    981    989    985    983    973    995    978    977    968     12     39     33      0     53     28     32     40     42     24     40      8     18     19     22     29      5    908    923    898    918    912    923    900    914    914    897    914    935    929    901    912    909    908    907    902    941    912    910    912    917    939    914    930    922    914    911    916    902    890    899    930    932    913    890    913   1426   1415   1752   1725   1742   1755   1739   1766   1745   1740   1819   1807   1808   1819   1824   1829   1817   1811   1818   1807   1298   1313   1287   1285   1299   1306   1281   1294   1294   1290   1296   1299   1305   1303   1284   1270   1302   1273   1312   1315   1292   1298   1293   1315   1276   1304   1319   1294   1280   1305  
  986    988    983    968    980    978    986    982    981    971    991    975    974    965     54     44     21     53      0     28     38     23     12     33     13     52     42     42     39     25     57    887    900    877    896    890    901    877    892    892    875    893    912    906    877    889    887    886    886    880    919    890    888    891    895    916    890    907    901    892    889    894    880    867    876    908    909    891    868    890   1419   1409   1753   1726   1743   1755   1739   1767   1746   1741   1806   1793   1794   1805   1811   1816   1804   1798   1804   1794   1305   1319   1293   1292   1304   1311   1288   1300   1299   1297   1302   1304   1312   1310   1291   1276   1308   1279   1318   1320   1298   1305   1299   1320   1282   1310   1326   1299   1285   1311  
  996    997    993    979    990    988    996    992    990    980   1001    985    984    975     27     41     15     28     28      0     31     12     17     18     17     30     25     25     25     13     31    905    919    895    914    909    920    896    910    910    894    911    931    925    896    908    906    904    904    899    937    908    907    909    913    935    909    926    920    910    907    913    898    886    895    926    928    910    887    909   1431   1420   1761   1734   1751   1764   1747   1775   1754   1749   1821   1808   1809   1820   1825   1830   1819   1812   1819   1809   1310   1324   1299   1297   1310   1317   1293   1305   1305   1302   1307   1310   1317   1315   1296   1281   1314   1285   1324   1326   1303   1310   1304   1326   1287   1315   1331   1305   1291   1316  
  965    967    963    948    959    957    965    962    960    950    971    954    953    944     41     10     21     32     38     31      0     40     31     15     27     26     15     14     11     20     37    878    893    869    888    882    893    870    884    884    867    884    905    899    870    882    879    878    878    872    911    882    881    883    887    909    883    900    893    884    881    886    872    860    869    900    902    883    860    883   1401   1390   1730   1704   1720   1733   1717   1744   1723   1718   1792   1779   1780   1791   1797   1802   1790   1783   1790   1780   1279   1293   1268   1266   1279   1286   1262   1274   1274   1271   1276   1279   1286   1284   1265   1250   1283   1254   1293   1295   1273   1279   1273   1295   1256   1284   1300   1274   1260   1285  
 1002   1003    999    984    996    994   1002    998    996    986   1007    991    990    981     36     49     20     40     23     12     40      0     15     28     17     42     36     36     36     21     42    907    921    897    916    911    921    898    912    912    895    913    933    927    898    910    907    906    906    901    939    911    909    911    915    937    911    928    922    912    909    915    900    888    897    928    930    912    888    911   1436   1426   1768   1741   1758   1770   1754   1782   1761   1755   1825   1812   1813   1824   1829   1834   1822   1816   1823   1813   1317   1332   1306   1304   1317   1324   1300   1313   1312   1310   1315   1318   1324   1323   1304   1289   1321   1292   1331   1333   1311   1318   1312   1333   1295   1322   1338   1312   1298   1324  
  988    990    986    970    982    980    988    984    983    973    993    977    976    967     43     38     11     42     12     17     31     15      0     22      4     41     32     32     30     15     46    892    906    883    902    896    907    883    898    898    881    899    919    912    884    895    893    892    892    886    925    896    894    897    901    922    896    913    907    898    895    900    886    873    882    914    915    897    874    896   1422   1412   1754   1728   1744   1757   1741   1769   1748   1742   1810   1798   1799   1810   1815   1820   1808   1802   1809   1798   1305   1319   1293   1292   1304   1312   1288   1300   1299   1297   1302   1305   1312   1310   1291   1276   1308   1279   1319   1320   1298   1305   1299   1320   1282   1310   1326   1300   1285   1311  
  980    981    977    962    973    971    979    976    974    964    985    968    967    958     29     24     12     24     33     18     15     28     22      0     20     21     10     10      8      8     28    892    906    882    901    895    907    883    897    897    880    897    918    912    883    895    892    891    891    885    924    895    894    896    900    922    896    913    906    897    894    900    885    873    882    913    915    896    874    896   1415   1404   1744   1718   1734   1747   1731   1758   1737   1732   1806   1793   1794   1805   1810   1815   1804   1797   1804   1794   1293   1307   1281   1280   1293   1300   1276   1288   1288   1285   1290   1293   1300   1298   1279   1264   1297   1268   1307   1309   1286   1293   1287   1309   1270   1298   1314   1288   1273   1299  
  985    987    983    968    979    977    986    982    980    970    990    975    973    964     42     35      8     40     13     17     27     17      4     20      0     39     29     29     27     12     44    891    904    881    900    894    905    882    896    896    879    897    917    911    882    894    891    890    890    884    923    894    892    895    899    920    894    911    905    896    893    899    884    871    881    912    914    895    872    895   1420   1409   1752   1725   1742   1754   1738   1766   1745   1739   1808   1795   1796   1808   1813   1818   1806   1800   1807   1796   1302   1316   1291   1289   1301   1309   1285   1297   1296   1294   1299   1302   1309   1307   1288   1273   1305   1276   1316   1318   1295   1302   1296   1317   1279   1307   1323   1297   1282   1308  
  982    983    979    965    976    974    982    978    976    966    987    971    969    961     19     33     32      8     52     30     26     42     41     21     39      0     13     13     17     28     11    901    915    891    911    905    916    893    907    906    890    906    928    922    893    905    902    900    900    894    933    905    903    905    909    931    906    923    915    907    904    909    894    882    892    923    925    906    883    905   1419   1408   1745   1718   1735   1748   1731   1759   1738   1733   1812   1799   1800   1811   1816   1821   1810   1803   1810   1799   1291   1306   1280   1278   1291   1299   1274   1287   1287   1283   1289   1292   1298   1296   1277   1263   1295   1266   1305   1307   1285   1291   1286   1307   1269   1296   1312   1287   1272   1298  
  977    978    974    960    971    969    977    973    971    961    982    966    964    956     27     23     21     18     42     25     15     36     32     10     29     13      0      1      4     18     22    892    906    882    902    896    907    884    898    898    881    898    919    913    884    896    893    892    891    886    925    896    894    896    901    922    897    914    906    898    895    900    886    873    883    914    916    897    874    896   1413   1402   1741   1714   1731   1743   1727   1755   1734   1728   1805   1792   1793   1804   1809   1814   1802   1796   1803   1793   1288   1303   1277   1275   1288   1295   1271   1284   1283   1280   1286   1289   1295   1293   1274   1260   1292   1263   1302   1304   1282   1288   1283   1304   1266   1293   1309   1284   1269   1295  
  976    978    974    959    970    968    976    972    970    960    982    965    964    955     27     22     21     19     42     25     14     36     32     10     29     13      1      0      4     18     23    891    906    882    901    896    907    884    897    897    881    897    919    913    884    895    893    891    891    885    924    895    894    896    900    922    897    913    906    898    894    900    885    873    882    913    915    896    874    896   1412   1402   1740   1714   1730   1743   1727   1754   1733   1728   1804   1792   1792   1804   1809   1814   1802   1796   1803   1792   1288   1303   1277   1275   1288   1295   1271   1283   1283   1280   1285   1289   1295   1293   1274   1260   1292   1263   1302   1304   1282   1288   1282   1304   1265   1293   1309   1283   1269   1294  
  974    976    972    957    968    966    974    970    968    958    980    963    962    953     30     19     19     22     39     25     11     36     30      8     27     17      4      4      0     16     26    889    903    879    898    893    904    881    894    894    878    894    916    910    881    892    890    888    888    882    921    892    891    893    897    919    894    910    903    895    891    897    882    870    879    910    912    893    871    893   1410   1399   1738   1712   1729   1741   1725   1753   1732   1726   1802   1789   1790   1801   1806   1811   1799   1793   1800   1789   1286   1301   1275   1273   1286   1293   1269   1282   1281   1279   1284   1287   1293   1291   1272   1258   1290   1261   1300   1302   1280   1286   1281   1302   1264   1291   1307   1282   1267   1293  
  983    985    981    966    977    975    983    979    978    968    989    972    971    962     33     29      5     29     25     13     20     21     15      8     12     28     18     18     16      0     33    893    907    883    902    896    907    884    898    898    881    899    919    913    884    896    893    892    892    886    925    896    895    897    901    923    897    914    907    898    895    901    886    874    883    914    916    897    874    897   1418   1408   1749   1722   1739   1751   1735   1763   1742   1736   1808   1796   1797   1808   1813   1818   1806   1800   1807   1796   1298   1312   1286   1285   1297   1305   1281   1293   1293   1290   1295   1298   1305   1303   1284   1269   1301   1272   1312   1314   1291   1298   1292   1313   1275   1303   1319   1293   1278   1304  
  992    993    989    975    986    984    991    988    986    975    997    980    979    971     11     43     37      5     57     31     37     42     46     28     44     11     22     23     26     33      0    912    926    902    921    916    927    904    917    917    901    917    939    933    904    916    913    911    911    905    944    915    914    916    920    942    917    934    926    918    915    920    905    893    902    934    936    917    894    916   1429   1418   1754   1727   1744   1757   1741   1768   1747   1742   1822   1810   1811   1822   1827   1832   1820   1814   1821   1810   1300   1315   1289   1287   1300   1307   1283   1296   1296   1292   1298   1301   1307   1305   1286   1272   1304   1275   1314   1316   1294   1300   1295   1316   1277   1305   1321   1296   1281   1306  
  344    351    346    318    341    339    355    346    360    357    337    353    352    333    918    870    890    908    887    905    878    907    892    892    891    901    892    891    889    893    912      0     21     13     18     14     25     36     12     13     24     17     39     36     32     25     21      5      6     10     33      7     12      8     11     36     39     38     19     23     15     12     16     30     20     30     37      9     29     13    618    616   1013    993   1005   1011    997   1029   1009   1001    940    926    930    940    944    950    938    934    939    932    705    713    696    700    690    702    695    696    684    708    700    685    721    717    696    670    698    675    714    705    697    709    696    705    693    704    722    685    671    716  
  358    365    360    332    355    354    370    360    374    372    350    368    367    348    933    884    904    923    900    919    893    921    906    906    904    915    906    906    903    907    926     21      0     33      5     11      6     30     10     10     27     32     18     16     28     15     15     19     26     31     21     15     13     14     12     17     26     18     27     12     12      9     21     34     24     10     16     13     34     11    618    617   1014    995   1007   1012    999   1031   1010   1002    932    917    922    932    936    942    930    926    931    924    715    723    706    711    700    711    706    706    693    719    710    694    731    727    706    680    707    685    724    714    707    719    706    715    703    714    732    694    681    726  
  337    344    339    311    334    332    348    339    352    349    330    346    344    326    908    860    881    898    877    895    869    897    883    882    881    891    882    882    879    883    902     13     33      0     30     25     38     42     24     25     29     18     51     48     39     35     31     16     10      4     45     19     23     20     23     48     49     50     25     34     26     25     22     32     26     43     49     21     32     25    621    618   1014    994   1006   1012    998   1030   1009   1001    947    933    936    947    951    957    945    941    946    938    701    709    691    695    686    697    691    692    679    704    696    681    716    712    691    666    693    671    709    701    692    704    692    701    688    700    718    680    667    712  
  358    365    360    332    355    354    370    360    374    372    350    368    366    348    928    880    900    918    896    914    888    916    902    901    900    911    902    901    898    902    921     18      5     30      0      6      8     27      6      6     22     31     22     18     24     12     11     15     23     28     25     12      9     11     10     22     25     20     27      9      7      7     17     30     20     14     20      9     29      6    621    620   1017    998   1010   1015   1002   1034   1013   1005    937    922    926    936    941    946    934    931    935    928    717    724    707    712    701    713    707    707    695    720    711    696    732    728    707    682    709    687    725    716    708    720    707    716    704    715    733    696    682    727  
  357    363    358    330    353    352    368    358    372    370    349    366    364    346    922    874    894    912    890    909    882    911    896    895    894    905    896    896    893    896    916     14     11     25      6      0     14     25      3      3     18     29     28     24     22     12      9     10     19     23     30      8      3      7      9     27     26     25     27     10      2      7     11     25     15     20     25      6     25      2    624    622   1020   1000   1012   1017   1004   1036   1015   1007    941    926    931    941    945    950    939    935    940    933    716    724    707    711    701    712    707    707    694    720    711    696    732    728    707    681    708    686    725    716    708    720    707    716    704    715    733    695    682    727  
  364    370    365    337    360    359    375    365    379    377    355    373    372    353    933    885    905    923    901    920    893    921    907    907    905    916    907    907    904    907    927     25      6     38      8     14      0     28     14     13     27     37     14     11     26     13     15     22     30     35     23     19     16     18     16     16     22     13     32     10     14     14     23     34     25      7     12     17     34     14    621    620   1018    999   1011   1015   1002   1034   1014   1006    933    918    923    933    937    943    931    928    932    925    720    727    711    715    704    716    711    711    698    724    715    699    736    732    711    685    712    690    728    719    711    724    711    720    708    718    737    699    685    731  
  379    385    380    352    375    374    390    380    394    391    371    387    386    367    910    862    882    900    877    896    870    898    883    883    882    893    884    884    881    884    904     36     30     42     27     25     28      0     28     28     14     52     36     30      4     16     17     31     41     42     51     32     26     32     34     42     14     31     52     19     23     31     21     16     17     34     33     31     16     26    648    646   1044   1025   1037   1041   1028   1060   1040   1032    960    945    950    960    964    970    958    955    959    953    740    748    731    735    725    737    730    731    719    743    735    720    756    752    731    705    733    710    749    740    732    744    731    740    728    739    757    720    706    751  
  354    361    356    328    351    350    365    356    370    367    346    363    362    344    924    876    896    914    892    910    884    912    898    897    896    907    898    897    894    898    917     12     10     24      6      3     14     28      0      1     20     27     28     24     25     15     12      9     17     22     28      6      4      5      6     26     29     26     24     12      5      4     13     28     17     19     25      4     27      2    621    620   1017    997   1010   1014   1001   1033   1013   1005    939    924    928    938    943    948    937    933    937    930    714    721    704    709    698    710    704    704    692    717    708    693    729    725    704    679    706    684    722    713    705    717    704    713    701    712    730    693    679    724  
  355    361    356    329    352    350    366    356    371    368    347    364    363    344    924    875    896    914    892    910    884    912    898    897    896    906    898    897    894    898    917     13     10     25      6      3     13     28      1      0     20     27     27     24     24     14     11      9     18     22     28      7      4      6      7     26     28     25     25     12      5      4     13     27     17     19     25      4     27      2    622    620   1017    998   1010   1015   1002   1033   1013   1005    939    924    928    939    943    948    937    933    938    931    714    722    705    709    698    710    704    705    692    718    709    693    730    725    705    679    706    684    722    713    705    718    705    714    702    713    731    693    680    725  
  366    372    367    339    362    361    376    367    381    378    358    374    373    354    907    859    879    897    875    894    867    895    881    880    879    890    881    881    878    881    901     24     27     29     22     18     27     14     20     20      0     41     39     33     11     16     13     20     28     29     47     22     17     22     25     42     24     34     42     17     16     23      9      8      4     33     36     21      8     18    640    639   1036   1016   1028   1033   1020   1052   1031   1023    958    943    947    958    962    967    956    952    957    950    728    736    719    723    713    725    718    719    707    731    723    708    744    739    718    693    721    698    737    728    719    732    719    728    715    727    745    708    694    739  
  328    335    330    302    325    323    339    330    344    341    320    337    336    317    924    875    896    914    893    911    884    913    899    897    897    906    898    897    894    899    917     17     32     18     31     29     37     52     27     27     41      0     49     48     49     41     37     22     13     15     35     21     28     22     22     43     55     49     10     38     30     25     32     46     37     40     48     24     45     28    604    601    997    977    990    995    982   1013    993    985    930    915    919    930    934    939    928    924    929    921    688    696    679    683    673    685    679    679    667    692    683    668    704    700    679    653    681    658    697    688    680    692    679    689    676    687    705    668    654    699  
  371    378    373    345    368    367    382    373    387    385    362    381    380    361    945    897    917    935    912    931    905    933    919    918    917    928    919    919    916    919    939     39     18     51     22     28     14     36     28     27     39     49      0      7     36     24     27     36     43     48     24     33     30     32     29     10     26      7     42     22     28     27     36     46     38      9      4     30     46     28    618    617   1016    997   1009   1013   1000   1032   1012   1004    925    910    915    925    929    935    923    920    924    917    724    731    715    720    708    720    715    715    702    728    719    703    740    736    715    690    716    695    732    723    716    728    715    723    713    723    741    703    689    735  
  372    379    374    346    369    368    383    374    388    386    364    382    381    362    939    891    911    929    906    925    899    927    912    912    911    922    913    913    910    913    933     36     16     48     18     24     11     30     24     24     33     48      7      0     29     18     22     33     41     45     27     30     26     29     27     15     20      2     42     17     24     24     31     41     33      9      3     27     40     24    623    622   1021   1002   1014   1018   1005   1037   1017   1009    931    916    921    931    935    941    929    926    930    924    727    734    718    722    711    723    718    718    705    731    722    706    743    739    718    692    719    697    735    726    718    731    718    726    715    725    743    706    692    738  
  375    382    377    349    372    370    386    377    390    387    368    384    382    364    911    862    882    901    877    896    870    898    884    883    882    893    884    884    881    884    904     32     28     39     24     22     26      4     25     24     11     49     36     29      0     14     14     28     37     38     49     29     22     28     31     41     16     30     48     17     20     28     17     14     14     32     32     27     13     23    645    644   1041   1022   1034   1039   1025   1057   1037   1029    959    944    948    958    963    968    957    953    958    951    737    744    727    732    721    733    727    727    715    740    732    716    752    748    727    702    729    707    745    736    728    740    727    737    724    735    754    716    702    748  
  369    375    370    342    365    364    379    370    384    381    361    377    376    358    922    874    894    912    889    908    882    910    895    895    894    905    896    895    892    896    916     25     15     35     12     12     13     16     15     14     16     41     24     18     14      0      5     21     31     34     35     20     14     19     20     28     15     19     38      4     11     17     15     23     15     19     21     18     22     13    632    631   1029   1009   1022   1026   1013   1045   1025   1017    946    931    935    945    950    955    944    940    944    938    728    735    718    723    712    724    718    718    706    731    723    707    743    739    718    693    720    698    736    727    719    731    718    727    715    726    744    707    693    739  
  365    371    366    339    362    360    376    366    380    378    357    374    373    354    919    871    891    909    887    906    879    907    893    892    891    902    893    893    890    893    913     21     15     31     11      9     15     17     12     11     13     37     27     22     14      5      0     17     27     29     36     17     10     16     18     30     19     23     36      6      8     15     11     20     11     21     24     15     20     10    632    630   1028   1008   1021   1025   1012   1044   1024   1015    947    932    936    946    951    956    945    941    945    939    725    732    715    720    709    721    715    716    703    728    720    704    741    736    715    690    717    695    733    724    716    728    716    725    712    723    742    704    690    736  
