80

    0   1019   1034   1038   1029   1025    494    483    486    489    508    497    491    497    494    497    495    504    507    493   1275   1281   1264   1266   1276   1268   1264   1274   1272   1266   1263    751    748    750    756    758    744    738    738    733    728    746    747    751    746    726   1032   1019   1029   1154   1179   1168   1162   1155   1174   1156   1166   1154   1171    665    650    660    661    655    656    652    652    655    669    850    868   1561   1177   1181   1184   1171    459    458    467    466  
 1019      0     21     21     12      7    854    849    846    873    848    857    855    856    855    858    854    867    860    864   1354   1367   1352   1352   1365   1360   1354   1350   1358   1357   1346    962    944    960    962    963    969    955    955    947    954    958    943    973    958    604   1058   1045   1051    913    920    901    911    895    917    908    919    917    908    653    661    640    649    654    662    660    644    652    646    587    584    891    179    178    186    165    625    633    624    621  
 1034     21      0      7     10     17    861    856    853    880    855    864    862    863    862    865    861    874    866    871   1349   1362   1347   1347   1360   1356   1350   1344   1353   1352   1341    964    946    961    963    965    971    957    957    949    956    960    945    975    960    624   1054   1041   1047    905    911    893    902    887    908    899    911    908    899    674    682    661    670    674    682    680    664    672    667    585    581    873    174    172    180    157    636    644    634    632  
 1038     21      7      0     10     16    866    861    859    885    860    869    868    868    868    870    866    879    872    876   1355   1368   1353   1353   1366   1362   1356   1350   1359   1358   1347    970    952    967    969    971    977    963    963    954    962    965    951    981    966    623   1060   1047   1053    911    917    898    908    893    914    905    917    914    905    673    681    660    669    674    681    679    664    671    666    591    587    877    168    166    174    152    640    648    639    637  
 1029     12     10     10      0      7    860    855    852    879    854    863    861    862    861    864    860    873    866    870   1353   1367   1352   1352   1365   1360   1354   1349   1358   1357   1345    965    948    963    965    967    973    959    959    950    957    961    947    976    962    614   1059   1045   1051    911    918    899    909    893    914    906    917    914    905    664    672    651    660    665    672    670    655    663    657    589    585    883    174    172    180    158    633    641    631    629  
 1025      7     17     16      7      0    860    855    852    879    854    863    861    861    861    863    860    873    865    869   1357   1370   1355   1356   1369   1364   1358   1353   1361   1360   1349    967    949    964    967    968    974    960    960    952    959    963    948    978    963    608   1062   1048   1055    916    922    904    913    898    919    910    922    919    910    658    666    645    654    658    666    664    649    656    651    591    588    890    174    172    180    159    631    639    630    627  
  494    854    861    866    860    860      0     13     12     20     15      4      4      4      2      5      1     18     15     10    807    815    798    800    810    803    798    805    805    800    795    268    262    267    273    275    263    255    255    248    245    262    260    271    263    895    543    529    539    667    693    684    676    670    688    670    680    667    687    866    857    854    860    857    862    858    848    856    866    430    449   1129   1033   1032   1039   1018    277    265    270    275  
  483    849    856    861    855    855     13      0      4     26     25     17     11     16     13     18     13     29     27     19    819    827    810    812    823    815    810    817    818    813    808    280    274    279    285    287    276    267    267    260    257    275    272    284    275    883    554    540    550    676    702    693    685    679    697    679    689    676    696    854    845    843    849    845    850    846    836    844    854    433    452   1134   1027   1026   1034   1012    267    255    261    265  
  486    846    853    859    852    852     12      4      0     28     22     16     11     16     13     17     12     29     26     20    818    826    808    811    821    814    809    816    816    811    806    279    272    277    283    285    274    265    265    258    256    273    271    282    273    883    552    538    548    673    699    689    682    676    694    676    686    673    692    854    845    842    849    845    850    846    836    844    854    430    449   1130   1025   1024   1031   1010    266    254    259    264  
  489    873    880    885    879    879     20     26     28      0     31     18     18     19     19     18     20     17     22     11    805    812    795    797    808    800    795    803    803    798    793    267    263    266    272    274    262    254    254    248    244    262    261    270    262    907    545    531    541    677    703    694    686    681    698    680    690    676    697    877    867    865    871    868    873    869    859    867    877    447    466   1144   1052   1051   1058   1037    292    280    286    291  
  508    848    855    860    854    854     15     25     22     31      0     14     18     13     15     14     14     20     12     21    797    805    788    790    800    793    788    795    795    790    785    257    251    256    262    264    253    244    244    237    235    252    249    261    252    899    530    516    527    653    679    670    662    656    674    656    666    653    673    871    862    859    865    862    867    863    853    861    871    417    436   1115   1027   1026   1033   1012    278    266    271    276  
  497    857    864    869    863    863      4     17     16     18     14      0      7      2      4      1      4     14     11      8    803    811    794    796    807    800    794    802    802    797    792    265    259    263    269    271    260    251    252    245    242    259    257    268    260    899    539    526    536    665    691    682    674    669    686    668    678    665    685    870    861    858    864    861    866    862    852    860    870    430    449   1128   1036   1034   1042   1020    280    268    274    279  
  491    855    862    868    861    861      4     11     11     18     18      7      0      7      4      7      4     19     17      9    809    817    800    802    813    806    801    808    808    803    798    271    265    269    275    277    266    257    258    251    248    265    263    274    266    894    545    532    542    670    696    687    679    674    691    673    683    670    690    865    855    853    859    855    861    856    847    854    865    433    452   1132   1034   1033   1040   1019    276    264    270    275  
  497    856    863    868    862    861      4     16     16     19     13      2      7      0      3      2      4     15     11      9    804    811    794    796    807    800    795    802    802    797    792    265    259    263    269    271    260    251    252    245    242    259    257    268    260    898    539    526    536    665    690    681    674    668    686    668    678    664    684    869    860    857    864    860    865    861    851    859    869    430    449   1127   1034   1033   1041   1019    280    267    273    278  
  494    855    862    868    861    861      2     13     13     19     15      4      4      3      0      5      2     17     14      9    806    814    797    799    810    803    798    805    805    800    795    268    262    266    272    274    263    254    255    248    245    262    260    271    263    896    542    529    539    667    693    684    676    671    688    670    680    667    687    867    857    855    861    858    863    859    849    857    867    431    450   1129   1034   1033   1040   1019    278    266    271    276  
  497    858    865    870    864    863      5     18     17     18     14      1      7      2      5      0      5     13     10      8    802    810    793    795    806    799    794    801    801    796    791    264    258    262    268    270    259    250    251    244    241    258    256    267    259    900    539    525    535    665    691    682    674    668    686    668    678    665    685    871    862    859    865    862    867    863    853    861    871    431    450   1128   1036   1035   1043   1021    281    269    275    280  
  495    854    861    866    860    860      1     13     12     20     14      4      4      4      2      5      0     18     14     10    807    815    797    799    810    803    798    805    805    800    795    268    262    266    272    274    263    254    255    248    245    262    260    271    263    895    542    528    538    667    692    683    676    670    688    670    679    666    686    866    857    854    860    857    862    858    848    856    866    430    449   1128   1033   1031   1039   1017    277    265    270    275  
  504    867    874    879    873    873     18     29     29     17     20     14     19     15     17     13     18      0      8     13    792    800    783    785    795    788    783    790    791    786    780    254    249    253    259    261    249    241    241    234    231    249    247    257    249    912    530    517    527    661    686    678    670    664    682    664    673    660    681    883    874    871    877    874    879    875    865    873    883    434    453   1128   1046   1045   1052   1031    293    281    287    292  
  507    860    866    872    866    865     15     27     26     22     12     11     17     11     14     10     14      8      0     15    793    801    784    786    796    789    784    791    791    786    781    254    248    253    259    261    249    241    241    234    231    249    247    257    249    907    529    515    525    656    682    673    665    660    677    660    669    656    676    879    870    867    873    870    875    871    861    869    879    426    445   1122   1038   1037   1045   1023    288    276    281    286  
  493    864    871    876    870    869     10     19     20     11     21      8      9      9      9      8     10     13     15      0    805    812    795    797    808    801    796    803    803    798    793    266    261    265    271    273    261    253    253    247    243    261    259    269    261    901    542    529    539    671    697    688    680    674    692    674    684    671    691    872    863    860    867    863    868    864    854    862    872    438    457   1135   1042   1041   1049   1027    285    273    279    283  
 1275   1354   1349   1355   1353   1357    807    819    818    805    797    803    809    804    806    802    807    792    793    805      0     15     14     11     16     18     16      5     10     16     12    540    548    542    536    534    544    553    553    560    562    546    550    536    545   1641    305    320    312    481    488    504    489    503    489    489    481    477    498   1629   1622   1615   1623   1621   1627   1623   1611   1620   1627    774    774    980   1507   1499   1511   1485   1027   1016   1017   1022  
 1281   1367   1362   1368   1367   1370    815    827    826    812    805    811    817    811    814    810    815    800    801    812     15      0     18     16      6     13     17     19     10     15     22    548    557    550    544    542    552    562    561    569    571    554    559    544    554   1652    318    332    324    495    503    518    503    517    503    503    496    492    513   1639   1633   1626   1634   1631   1638   1634   1621   1630   1638    787    787    993   1520   1513   1525   1498   1037   1026   1027   1032  
 1264   1352   1347   1353   1352   1355    798    810    808    795    788    794    800    794    797    793    797    783    784    795     14     18      0      3     14     10      5     16      8      6      8    531    540    533    527    525    535    544    544    552    553    537    541    527    536   1635    301    316    308    483    491    507    492    505    492    491    484    480    501   1622   1616   1609   1616   1614   1620   1616   1604   1613   1620    771    771    987   1506   1498   1510   1483   1020   1009   1010   1015  
 1266   1352   1347   1353   1352   1356    800    812    811    797    790    796    802    796    799    795    799    785    786    797     11     16      3      0     13     10      6     14      6      8      7    533    542    535    529    527    537    546    546    554    555    539    543    529    538   1636    302    317    309    483    491    506    491    505    492    491    484    479    501   1624   1617   1610   1618   1616   1622   1618   1606   1614   1622    772    772    986   1506   1499   1510   1484   1022   1011   1011   1017  
 1276   1365   1360   1366   1365   1369    810    823    821    808    800    807    813    807    810    806    810    795    796    808     16      6     14     13      0      8     13     21      8     10     20    544    553    546    540    538    548    557    557    565    566    550    554    540    549   1649    315    330    322    495    503    518    503    517    504    503    496    492    513   1636   1629   1622   1630   1628   1634   1630   1618   1626   1634    785    785    996   1519   1512   1523   1497   1033   1022   1023   1028  
 1268   1360   1356   1362   1360   1364    803    815    814    800    793    800    806    800    803    799    803    788    789    801     18     13     10     10      8      0      7     22      8      4     17    537    546    539    533    531    540    550    550    557    559    543    547    533    542   1642    309    324    316    492    501    516    501    515    501    501    493    489    511   1629   1623   1616   1623   1621   1627   1623   1611   1620   1627    779    780    996   1515   1507   1519   1492   1027   1016   1016   1022  
 1264   1354   1350   1356   1354   1358    798    810    809    795    788    794    801    795    798    794    798    783    784    796     16     17      5      6     13      7      0     19      9      3     12    532    540    533    527    525    535    545    545    552    554    537    542    528    537   1636    303    318    310    487    495    510    495    509    496    495    488    483    505   1623   1617   1610   1618   1615   1622   1617   1605   1614   1622    773    774    991   1509   1501   1513   1486   1021   1010   1011   1016  
 1274   1350   1344   1350   1349   1353    805    817    816    803    795    802    808    802    805    801    805    790    791    803      5     19     16     14     21     22     19      0     14     20     12    538    546    540    534    532    542    551    551    559    561    544    548    534    543   1638    302    317    309    476    484    499    484    498    484    484    477    473    494   1626   1620   1613   1620   1618   1625   1620   1608   1617   1624    770    770    975   1503   1495   1507   1480   1025   1014   1014   1020  
 1272   1358   1353   1359   1358   1361    805    818    816    803    795    802    808    802    805    801    805    791    791    803     10     10      8      6      8      8      9     14      0      8     13    539    547    541    535    533    543    552    552    559    561    545    549    535    544   1642    308    323    315    488    496    511    496    510    496    496    488    484    506   1630   1623   1616   1624   1622   1628   1624   1612   1620   1628    777    778    989   1512   1504   1516   1489   1028   1017   1017   1022  
 1266   1357   1352   1358   1357   1360    800    813    811    798    790    797    803    797    800    796    800    786    786    798     16     15      6      8     10      4      3     20      8      0     14    534    543    536    530    528    538    547    547    555    556    540    544    530    539   1639    306    320    313    489    497    513    497    511    498    497    490    486    507   1626   1619   1612   1620   1618   1624   1620   1608   1616   1624    776    776    993   1511   1504   1515   1489   1024   1013   1013   1018  
 1263   1346   1341   1347   1345   1349    795    808    806    793    785    792    798    792    795    791    795    780    781    793     12     22      8      7     20     17     12     12     13     14      0    528    537    530    524    522    532    542    541    549    551    534    538    525    534   1631    296    311    303    476    484    500    484    498    485    484    477    473    494   1618   1612   1605   1612   1610   1616   1612   1600   1609   1616    765    765    980   1499   1492   1504   1477   1016   1005   1006   1011  
  751    962    964    970    965    967    268    280    279    267    257    265    271    265    268    264    268    254    254    266    540    548    531    533    544    537    532    538    539    534    528      0     19      3      6      8     13     14     14     21     24      6     19     12      6   1127    283    270    280    467    493    489    477    477    489    472    479    465    490   1107   1099   1094   1101   1098   1104   1100   1088   1097   1106    407    420    998   1136   1132   1142   1117    501    489    492    497  
  748    944    946    952    948    949    262    274    272    263    251    259    265    259    262    258    262    249    248    261    548    557    540    542    553    546    540    546    547    543    537     19      0     16     18     20     28     18     18     18     27     16      2     30     16   1113    284    271    281    458    484    480    469    467    480    463    470    457    481   1094   1086   1081   1088   1085   1092   1087   1076   1084   1093    389    402    985   1118   1114   1124   1099    489    477    479    484  
  750    960    961    967    963    964    267    279    277    266    256    263    269    263    266    262    266    253    253    265    542    550    533    535    546    539    533    540    541    536    530      3     16      0      7      9     14     12     12     19     23      5     17     14      4   1124    283    271    281    466    492    489    477    476    488    471    478    465    490   1104   1097   1092   1099   1096   1102   1098   1086   1095   1103    404    418    997   1134   1130   1139   1115    499    487    489    495  
  756    962    963    969    965    967    273    285    283    272    262    269    275    269    272    268    272    259    259    271    536    544    527    529    540    533    527    534    535    530    524      6     18      7      0      3     18     19     18     25     29     11     19     15     10   1129    277    265    275    461    488    484    472    471    483    467    473    460    485   1110   1102   1097   1104   1101   1107   1103   1091   1100   1109    405    418    993   1136   1132   1141   1117    504    492    494    500  
  758    963    965    971    967    968    275    287    285    274    264    271    277    271    274    270    274    261    261    273    534    542    525    527    538    531    525    532    533    528    522      8     20      9      3      0     18     21     20     27     31     13     21     15     12   1131    276    263    273    460    487    483    471    471    482    466    473    459    484   1112   1104   1099   1106   1103   1109   1105   1093   1102   1111    406    419    993   1137   1133   1143   1118    506    494    496    502  
  744    969    971    977    973    974    263    276    274    262    253    260    266    260    263    259    263    249    249    261    544    552    535    537    548    540    535    542    543    538    532     13     28     14     18     18      0     15     15     23     20     13     29      8     13   1127    291    279    289    478    505    501    489    489    500    484    490    477    502   1107   1099   1094   1101   1098   1104   1099   1088   1097   1106    416    430   1010   1144   1140   1149   1125    501    489    492    497  
  738    955    957    963    959    960    255    267    265    254    244    251    257    251    254    250    254    241    241    253    553    562    544    546    557    550    545    551    552    547    542     14     18     12     19     21     15      0      1      9     11      8     18     20      9   1115    295    283    292    475    501    497    486    485    497    480    487    474    498   1094   1086   1081   1088   1086   1092   1087   1076   1084   1093    404    417   1003   1130   1126   1135   1111    489    477    479    485  
  738    955    957    963    959    960    255    267    265    254    244    252    258    252    255    251    255    241    241    253    553    561    544    546    557    550    545    551    552    547    541     14     18     12     18     20     15      1      0      9     11      8     18     20      9   1115    295    282    292    475    501    497    485    484    497    480    487    473    498   1094   1087   1082   1089   1086   1092   1087   1076   1085   1093    403    417   1003   1130   1126   1135   1111    489    477    480    485  
  733    947    949    954    950    952    248    260    258    248    237    245    251    245    248    244    248    234    234    247    560    569    552    554    565    557    552    559    559    555    549     21     18     19     25     27     23      9      9      0     11     16     17     29     16   1106    300    287    297    475    501    497    486    484    497    480    487    474    498   1086   1078   1073   1080   1077   1083   1079   1068   1076   1085    397    410   1001   1121   1118   1127   1103    480    469    471    476  
  728    954    956    962    957    959    245    257    256    244    235    242    248    242    245    241    245    231    231    243    562    571    553    555    566    559    554    561    561    556    551     24     27     23     29     31     20     11     11     11      0     19     26     27     19   1108    305    293    303    484    510    506    495    494    506    489    496    483    508   1087   1079   1074   1081   1078   1084   1080   1069   1077   1086    406    419   1011   1129   1125   1134   1110    482    470    472    478  
  746    958    960    965    961    963    262    275    273    262    252    259    265    259    262    258    262    249    249    261    546    554    537    539    550    543    537    544    545    540    534      6     16      5     11     13     13      8      8     16     19      0     16     16      1   1121    287    275    285    469    495    491    480    479    491    474    481    468    493   1101   1093   1088   1095   1092   1098   1094   1083   1091   1100    404    417    999   1132   1128   1138   1113    495    484    486    491  
  747    943    945    951    947    948    260    272    271    261    249    257    263    257    260    256    260    247    247    259    550    559    541    543    554    547    542    548    549    544    538     19      2     17     19     21     29     18     18     17     26     16      0     31     16   1112    285    272    282    459    485    481    469    468    481    464    471    458    482   1093   1085   1080   1087   1084   1090   1086   1074   1083   1091    388    402    986   1117   1113   1123   1098    487    475    477    483  
  751    973    975    981    976    978    271    284    282    270    261    268    274    268    271    267    271    257    257    269    536    544    527    529    540    533    528    534    535    530    525     12     30     14     15     15      8     20     20     29     27     16     31      0     15   1134    284    272    281    474    500    496    484    484    495    479    486    472    497   1114   1106   1101   1108   1105   1111   1107   1095   1104   1113    418    431   1007   1147   1143   1153   1128    508    497    499    504  
  746    958    960    966    962    963    263    275    273    262    252    260    266    260    263    259    263    249    249    261    545    554    536    538    549    542    537    543    544    539    534      6     16      4     10     12     13      9      9     16     19      1     16     15      0   1121    287    274    284    469    495    491    479    479    491    474    481    467    492   1101   1094   1089   1096   1093   1099   1094   1083   1091   1100    404    417    999   1132   1128   1138   1114    496    484    486    492  
  726    604    624    623    614    608    895    883    883    907    899    899    894    898    896    900    895    912    907    901   1641   1652   1635   1636   1649   1642   1636   1638   1642   1639   1631   1127   1113   1124   1129   1131   1127   1115   1115   1106   1108   1121   1112   1134   1121      0   1340   1325   1334   1308   1324   1307   1310   1296   1319   1305   1318   1310   1313     73     88     70     74     81     84     86     79     79     66    919    928   1458    673    683    679    681    627    639    636    631  
 1032   1058   1054   1060   1059   1062    543    554    552    545    530    539    545    539    542    539    542    530    529    542    305    318    301    302    315    309    303    302    308    306    296    283    284    283    277    276    291    295    295    300    305    287    285    284    287   1340      0     16      8    274    295    301    285    293    292    282    282    271    299   1330   1324   1316   1324   1322   1329   1325   1312   1321   1328    473    475    837   1217   1211   1222   1196    734    724    723    729  
 1019   1045   1041   1047   1045   1048    529    540    538    531    516    526    532    526    529    525    528    517    515    529    320    332    316    317    330    324    318    317    323    320    311    270    271    271    265    263    279    283    282    287    293    275    272    272    274   1325     16      0     11    271    293    299    283    290    291    279    280    268    297   1315   1309   1301   1309   1307   1314   1309   1297   1306   1313    459    461    835   1204   1198   1209   1183    719    709    708    713  
 1029   1051   1047   1053   1051   1055    539    550    548    541    527    536    542    536    539    535    538    527    525    539    312    324    308    309    322    316    310    309    315    313    303    280    281    281    275    273    289    292    292    297    303    285    282    281    284   1334      8     11      0    269    290    296    280    288    287    277    277    266    294   1324   1318   1310   1318   1316   1323   1319   1306   1315   1322    466    468    832   1210   1203   1214   1188    729    718    718    723  
 1154    913    905    911    911    916    667    676    673    677    653    665    670    665    667    665    667    661    656    671    481    495    483    483    495    492    487    476    488    489    476    467    458    466    461    460    478    475    475    475    484    469    459    474    469   1308    274    271    269      0     27     28     12     23     22      9     13      4     26   1313   1310   1298   1307   1307   1314   1310   1296   1305   1309    389    380    564   1052   1043   1055   1029    769    761    757    762  
 1179    920    911    917    918    922    693    702    699    703    679    691    696    690    693    691    692    686    682    697    488    503    491    491    503    501    495    484    496    497    484    493    484    492    488    487    505    501    501    501    510    495    485    500    495   1324    295    293    290     27      0     19     17     28      6     23     15     28     13   1330   1328   1316   1325   1324   1332   1328   1313   1323   1327    407    396    543   1055   1047   1059   1032    791    784    779    784  
 1168    901    893    898    899    904    684    693    689    694    670    682    687    681    684    682    683    678    673    688    504    518    507    506    518    516    510    499    511    513    500    489    480    489    484    483    501    497    497    497    506    491    481    496    491   1307    301    299    296     28     19      0     17     14     16     20     23     31      7   1313   1311   1299   1307   1307   1315   1311   1296   1305   1310    390    379    537   1037   1028   1040   1013    777    769    765    769  
 1162    911    902    908    909    913    676    685    682    686    662    674    679    674    676    674    676    670    665    680    489    503    492    491    503    501    495    484    496    497    484    477    469    477    472    471    489    486    485    486    495    480    469    484    479   1310    285    283    280     12     17     17      0     16     12      6      9     15     14   1316   1313   1301   1310   1309   1317   1313   1298   1308   1312    392    382    553   1047   1039   1051   1024    774    767    763    767  
 1155    895    887    893    893    898    670    679    676    681    656    669    674    668    671    668    670    664    660    674    503    517    505    505    517    515    509    498    510    511    498    477    467    476    471    471    489    485    484    484    494    479    468    484    479   1296    293    290    288     23     28     14     16      0     24     14     25     26     18   1302   1300   1288   1297   1296   1304   1300   1285   1295   1299    379    368    546   1032   1023   1035   1009    764    757    753    757  
 1174    917    908    914    914    919    688    697    694    698    674    686    691    686    688    686    688    682    677    692    489    503    492    492    504    501    496    484    496    498    485    489    480    488    483    482    500    497    497    497    506    491    481    495    491   1319    292    291    287     22      6     16     12     24      0     18     11     24     10   1326   1323   1311   1320   1319   1327   1323   1309   1318   1322    402    392    545   1052   1044   1056   1029    786    779    774    779  
 1156    908    899    905    906    910    670    679    676    680    656    668    673    668    670    668    670    664    660    674    489    503    491    491    503    501    495    484    496    497    484    472    463    471    467    466    484    480    480    480    489    474    464    479    474   1305    282    279    277      9     23     20      6     14     18      0     13     12     19   1310   1308   1296   1305   1304   1312   1308   1293   1303   1307    387    377    556   1045   1037   1049   1022    769    761    757    762  
 1166    919    911    917    917    922    680    689    686    690    666    678    683    678    680    678    679    673    669    684    481    496    484    484    496    493    488    477    488    490    477    479    470    478    473    473    490    487    487    487    496    481    471    486    481   1318    282    280    277     13     15     23      9     25     11     13      0     14     18   1323   1321   1309   1318   1317   1325   1321   1306   1315   1320    400    390    556   1056   1048   1060   1033    781    773    769    774  
 1154    917    908    914    914    919    667    676    673    676    653    665    670    664    667    665    666    660    656    671    477    492    480    479    492    489    483    473    484    486    473    465    457    465    460    459    477    474    473    474    483    468    458    472    467   1310    271    268    266      4     28     31     15     26     24     12     14      0     29   1315   1312   1300   1309   1308   1316   1312   1298   1307   1311    391    382    567   1055   1046   1058   1032    770    762    758    763  
 1171    908    899    905    905    910    687    696    692    697    673    685    690    684    687    685    686    681    676    691    498    513    501    501    513    511    505    494    506    507    494    490    481    490    485    484    502    498    498    498    508    493    482    497    492   1313    299    297    294     26     13      7     14     18     10     19     18     29      0   1319   1317   1304   1313   1313   1321   1317   1302   1311   1315    395    385    539   1043   1034   1046   1020    781    774    770    774  
  665    653    674    673    664    658    866    854    854    877    871    870    865    869    867    871    866    883    879    872   1629   1639   1622   1624   1636   1629   1623   1626   1630   1626   1618   1107   1094   1104   1110   1112   1107   1094   1094   1086   1087   1101   1093   1114   1101     73   1330   1315   1324   1313   1330   1313   1316   1302   1326   1310   1323   1315   1319      0     16     15      6     11     12     14     19     11      8    924    935   1490    734    743    739    740    606    618    616    610  
  650    661    682    681    672    666    857    845    845    867    862    861    855    860    857    862    857    874    870    863   1622   1633   1616   1617   1629   1623   1617   1620   1623   1619   1612   1099   1086   1097   1102   1104   1099   1086   1087   1078   1079   1093   1085   1106   1094     88   1324   1309   1318   1310   1328   1311   1313   1300   1323   1308   1321   1312   1317     16      0     22     15      9      6      3     18     11     23    922    933   1493    745    754    750    751    598    610    608    603  
  660    640    661    660    651    645    854    843    842    865    859    858    853    857    855    859    854    871    867    860   1615   1626   1609   1610   1622   1616   1610   1613   1616   1612   1605   1094   1081   1092   1097   1099   1094   1081   1082   1073   1074   1088   1080   1101   1089     70   1316   1301   1310   1298   1316   1299   1301   1288   1311   1296   1309   1300   1304     15     22      0     10     14     22     20      9     12     12    909    920   1475    723    733    729    729    593    605    603    598  
  661    649    670    669    660    654    860    849    849    871    865    864    859    864    861    865    860    877    873    867   1623   1634   1616   1618   1630   1623   1618   1620   1624   1620   1612   1101   1088   1099   1104   1106   1101   1088   1089   1080   1081   1095   1087   1108   1096     74   1324   1309   1318   1307   1325   1307   1310   1297   1320   1305   1318   1309   1313      6     15     10      0      8     13     13     13      7      9    918    929   1485    731    741    737    738    600    612    610    605  
  655    654    674    674    665    658    857    845    845    868    862    861    855    860    858    862    857    874    870    863   1621   1631   1614   1616   1628   1621   1615   1618   1622   1618   1610   1098   1085   1096   1101   1103   1098   1086   1086   1077   1078   1092   1084   1105   1093     81   1322   1307   1316   1307   1324   1307   1309   1296   1319   1304   1317   1308   1313     11      9     14      8      0      9      7     12      3     16    918    929   1487    737    746    742    743    597    609    607    602  
  656    662    682    681    672    666    862    850    850    873    867    866    861    865    863    867    862    879    875    868   1627   1638   1620   1622   1634   1627   1622   1625   1628   1624   1616   1104   1092   1102   1107   1109   1104   1092   1092   1083   1084   1098   1090   1111   1099     84   1329   1314   1323   1314   1332   1315   1317   1304   1327   1312   1325   1316   1321     12      6     22     13      9      0      5     20     11     19    926    937   1495    744    753    750    750    604    615    613    608  
  652    660    680    679    670    664    858    846    846    869    863    862    856    861    859    863    858    875    871    864   1623   1634   1616   1618   1630   1623   1617   1620   1624   1620   1612   1100   1087   1098   1103   1105   1099   1087   1087   1079   1080   1094   1086   1107   1094     86   1325   1309   1319   1310   1328   1311   1313   1300   1323   1308   1321   1312   1317     14      3     20     13      7      5      0     17      8     20    922    933   1492    743    752    748    749    599    611    609    604  
  652    644    664    664    655    649    848    836    836    859    853    852    847    851    849    853    848    865    861    854   1611   1621   1604   1606   1618   1611   1605   1608   1612   1608   1600   1088   1076   1086   1091   1093   1088   1076   1076   1068   1069   1083   1074   1095   1083     79   1312   1297   1306   1296   1313   1296   1298   1285   1309   1293   1306   1298   1302     19     18      9     13     12     20     17      0     10     19    907    918   1476    729    738    734    735    588    599    598    592  
  655    652    672    671    663    656    856    844    844    867    861    860    854    859    857    861    856    873    869    862   1620   1630   1613   1614   1626   1620   1614   1617   1620   1616   1609   1097   1084   1095   1100   1102   1097   1084   1085   1076   1077   1091   1083   1104   1091     79   1321   1306   1315   1305   1323   1305   1308   1295   1318   1303   1315   1307   1311     11     11     12      7      3     11      8     10      0     15    916    927   1485    735    744    740    741    596    608    606    601  
  669    646    667    666    657    651    866    854    854    877    871    870    865    869    867    871    866    883    879    872   1627   1638   1620   1622   1634   1627   1622   1624   1628   1624   1616   1106   1093   1103   1109   1111   1106   1093   1093   1085   1086   1100   1091   1113   1100     66   1328   1313   1322   1309   1327   1310   1312   1299   1322   1307   1320   1311   1315      8     23     12      9     16     19     20     19     15      0    921    931   1484    727    736    732    733    605    617    615    609  
  850    587    585    591    589    591    430    433    430    447    417    430    433    430    431    431    430    434    426    438    774    787    771    772    785    779    773    770    777    776    765    407    389    404    405    406    416    404    403    397    406    404    388    418    404    919    473    459    466    389    407    390    392    379    402    387    400    391    395    924    922    909    918    918    926    922    907    916    921      0     20    714    752    746    757    731    412    408    402    405  
  868    584    581    587    585    588    449    452    449    466    436    449    452    449    450    450    449    453    445    457    774    787    771    772    785    780    774    770    778    776    765    420    402    418    418    419    430    417    417    410    419    417    402    431    417    928    475    461    468    380    396    379    382    368    392    377    390    382    385    935    933    920    929    929    937    933    918    927    931     20      0    695    746    740    751    725    430    426    419    423  
