50

    0     15     49     29     18     23     35     20     20     18     18     23     22     16     31     27    471    482    471    495    492    509    518    509    928    915    929    930    924    916    940    913    941    925    947    920    923    942    924    938    178    173    170    773    747    743    802    756    738    751  
   15      0     36     29      5     29     24     10      5      5      7     31      8      5     18     24    472    483    471    496    492    509    519    510    921    908    921    922    917    908    933    905    934    917    940    912    916    935    917    930    192    187    184    762    736    732    791    746    727    741  
   49     36      0     61     33     64     43     41     33     33     32     52     36     34     19     53    454    466    454    480    473    492    502    493    924    912    926    927    921    912    936    908    937    922    944    915    920    938    921    934    217    210    208    755    728    725    783    739    720    735  
   29     29     61      0     33     12     23     21     31     33     36     52     26     34     44      8    500    510    499    524    520    537    546    538    900    887    901    902    896    888    912    885    913    896    919    892    895    914    896    910    195    191    188    748    723    719    778    732    713    726  
   18      5     33     33      0     33     26     13      5      1      3     31     10      2     14     27    468    479    468    493    488    506    515    507    923    910    924    925    919    911    935    907    936    920    942    914    918    937    919    932    193    188    185    763    736    733    792    747    728    742  
   23     29     64     12     33      0     31     24     32     33     35     44     29     32     45     17    494    504    493    517    514    531    540    531    910    898    911    912    906    898    922    895    923    907    929    902    905    925    906    920    183    180    176    760    734    730    789    743    725    738  
   35     24     43     23     26     31      0     15     21     26     28     54     16     27     29     15    492    503    491    517    511    529    539    530    897    885    898    899    893    885    910    882    911    894    917    889    892    912    894    907    211    206    203    739    713    709    768    723    704    718  
   20     10     41     21     13     24     15      0     10     13     16     39      5     14     23     15    481    492    480    505    501    518    528    519    912    899    912    913    908    899    924    896    925    908    931    903    907    926    908    921    197    192    189    754    728    724    783    738    719    733  
   20      5     33     31      5     32     21     10      0      5      8     35      6      7     14     24    473    484    472    497    492    510    519    511    918    906    919    920    914    906    930    902    931    915    937    910    913    932    914    928    197    191    188    758    732    728    787    742    723    737  
   18      5     33     33      1     33     26     13      5      0      3     30     11      2     14     27    468    479    468    493    488    506    515    507    923    910    924    925    919    911    935    907    936    920    942    915    918    937    919    933    193    187    184    763    737    733    792    747    728    742  
   18      7     32     36      3     35     28     16      8      3      0     29     13      3     13     30    466    477    465    490    485    503    513    504    925    913    926    927    921    913    937    910    938    922    945    917    920    939    921    935    192    186    183    765    739    735    794    749    730    744  
   23     31     52     52     31     44     54     39     35     30     29      0     39     29     38     50    450    461    449    474    471    487    496    488    950    937    951    952    946    938    962    935    963    947    969    942    945    964    946    960    165    159    156    793    766    763    822    776    758    771  
   22      8     36     26     10     29     16      5      6     11     13     39      0     12     18     19    478    489    477    502    498    515    525    516    913    901    914    915    909    901    925    898    926    910    932    905    908    927    909    923    199    194    191    754    728    724    783    738    719    733  
   16      5     34     34      2     32     27     14      7      2      3     29     12      0     15     28    468    479    467    492    487    505    515    506    924    912    925    926    920    912    936    909    937    921    944    916    919    938    920    934    191    186    183    765    738    735    793    748    730    743  
   31     18     19     44     14     45     29     23     14     14     13     38     18     15      0     37    463    474    463    488    482    500    510    502    923    910    924    925    919    910    935    907    936    920    942    914    918    936    919    932    203    197    194    759    732    729    787    743    724    738  
   27     24     53      8     27     17     15     15     24     27     30     50     19     28     37      0    495    506    494    519    515    532    542    533    901    888    902    903    897    889    913    886    914    898    920    893    896    915    897    911    199    195    191    747    721    717    776    730    712    725  
  471    472    454    500    468    494    492    481    473    468    466    450    478    468    463    495      0     19      6     30     28     38     50     41   1359   1348   1362   1363   1358   1348   1371   1341   1371   1358   1381   1349   1355   1371   1357   1368    449    437    441   1149   1119   1120   1173   1136   1118   1135  
  482    483    466    510    479    504    503    492    484    479    477    461    489    479    474    506     19      0     16     14     36     30     36     28   1374   1363   1377   1377   1372   1362   1386   1355   1386   1373   1396   1364   1370   1386   1372   1383    453    442    445   1166   1136   1136   1190   1152   1134   1151  
  471    471    454    499    468    493    491    480    472    468    465    449    477    467    463    494      6     16      0     28     32     39     49     40   1360   1349   1363   1364   1359   1349   1372   1341   1372   1359   1382   1350   1356   1372   1358   1369    446    434    438   1151   1121   1122   1175   1137   1119   1137  
  495    496    480    524    493    517    517    505    497    493    490    474    502    492    488    519     30     14     28      0     36     20     23     15   1387   1376   1390   1391   1386   1376   1399   1368   1399   1386   1409   1377   1383   1399   1385   1396    465    454    457   1178   1148   1149   1202   1164   1146   1164  
  492    492    473    520    488    514    511    501    492    488    485    471    498    487    482    515     28     36     32     36      0     29     46     38   1372   1361   1375   1376   1371   1361   1384   1353   1384   1371   1394   1361   1368   1383   1370   1381    475    463    466   1158   1128   1129   1181   1145   1127   1144  
  509    509    492    537    506    531    529    518    510    506    503    487    515    505    500    532     38     30     39     20     29      0     18     11   1396   1384   1398   1399   1394   1384   1407   1377   1408   1395   1417   1385   1391   1407   1393   1404    483    471    474   1184   1153   1154   1207   1170   1152   1170  
  518    519    502    546    515    540    539    528    519    515    513    496    525    515    510    542     50     36     49     23     46     18      0     10   1409   1397   1412   1412   1407   1397   1421   1390   1421   1408   1431   1398   1405   1420   1406   1418    486    474    478   1199   1168   1169   1222   1185   1167   1184  
  509    510    493    538    507    531    530    519    511    507    504    488    516    506    502    533     41     28     40     15     38     11     10      0   1400   1388   1402   1403   1398   1388   1411   1381   1412   1399   1421   1389   1395   1411   1397   1408    480    468    472   1189   1159   1160   1213   1176   1157   1175  
  928    921    924    900    923    910    897    912    918    923    925    950    913    924    923    901   1359   1374   1360   1387   1372   1396   1409   1400      0     14     12     11     17     13     13     28     15     14     26     18      7     23      9     12   1065   1067   1063    301    328    316    305    302    311    291  
  915    908    912    887    910    898    885    899    906    910    913    937    901    912    910    888   1348   1363   1349   1376   1361   1384   1397   1388     14      0     15     16     14      3     26     28     28     13     34     21      8     35     10     25   1052   1054   1050    297    323    311    303    297    305    286  
  929    921    926    901    924    911    898    912    919    924    926    951    914    925    924    902   1362   1377   1363   1390   1375   1398   1412   1402     12     15      0      2      7     16     18     39     22      5     20     29      9     32      6     20   1064   1067   1062    310    337    325    315    310    319    300  
  930    922    927    902    925    912    899    913    920    925    927    952    915    926    925    903   1363   1377   1364   1391   1376   1399   1412   1403     11     16      2      0      9     17     17     38     21      7     19     28      9     31      7     19   1065   1068   1063    310    336    325    315    310    319    300  
  924    917    921    896    919    906    893    908    914    919    921    946    909    920    919    897   1358   1372   1359   1386   1371   1394   1407   1398     17     14      7      9      0     16     25     41     29      3     24     32     12     38      8     27   1059   1061   1057    311    337    325    316    310    319    300  
  916    908    912    888    911    898    885    899    906    911    913    938    901    912    910    889   1348   1362   1349   1376   1361   1384   1397   1388     13      3     16     17     16      0     25     26     27     15     35     19      8     33     11     24   1052   1055   1050    295    321    309    300    295    304    284  
  940    933    936    912    935    922    910    924    930    935    937    962    925    936    935    913   1371   1386   1372   1399   1384   1407   1421   1411     13     26     18     17     25     25      0     35      5     22     21     25     19     16     19      5   1077   1079   1075    307    335    324    311    309    319    299  
  913    905    908    885    907    895    882    896    902    907    910    935    898    909    907    886   1341   1355   1341   1368   1353   1377   1390   1381     28     28     39     38     41     26     35      0     34     39     54     11     30     31     34     31   1052   1055   1050    273    300    289    278    274    284    264  
  941    934    937    913    936    923    911    925    931    936    938    963    926    937    936    914   1371   1386   1372   1399   1384   1408   1421   1412     15     28     22     21     29     27      5     34      0     26     25     24     22     12     23      4   1078   1081   1076    305    332    321    308    306    316    297  
  925    917    922    896    920    907    894    908    915    920    922    947    910    921    920    898   1358   1373   1359   1386   1371   1395   1408   1399     14     13      5      7      3     15     22     39     26      0     23     30     10     36      6     24   1060   1062   1058    309    335    324    315    309    318    299  
  947    940    944    919    942    929    917    931    937    942    945    969    932    944    942    920   1381   1396   1382   1409   1394   1417   1431   1421     26     34     20     19     24     35     21     54     25     23      0     43     28     36     25     26   1081   1084   1080    326    353    342    330    327    337    317  
  920    912    915    892    914    902    889    903    910    915    917    942    905    916    914    893   1349   1364   1350   1377   1361   1385   1398   1389     18     21     29     28     32     19     25     11     24     30     43      0     21     23     25     21   1058   1061   1056    283    310    299    288    284    294    274  
  923    916    920    895    918    905    892    907    913    918    920    945    908    919    918    896   1355   1370   1356   1383   1368   1391   1405   1395      7      8      9      9     12      8     19     30     22     10     28     21      0     30      4     19   1059   1062   1057    301    328    316    306    301    311    291  
  942    935    938    914    937    925    912    926    932    937    939    964    927    938    936    915   1371   1386   1372   1399   1383   1407   1420   1411     23     35     32     31     38     33     16     31     12     36     36     23     30      0     32     12   1081   1083   1079    297    325    315    299    299    310    290  
  924    917    921    896    919    906    894    908    914    919    921    946    909    920    919    897   1357   1372   1358   1385   1370   1393   1406   1397      9     10      6      7      8     11     19     34     23      6     25     25      4     32      0     20   1060   1062   1058    305    331    319    310    305    314    294  
  938    930    934    910    932    920    907    921    928    933    935    960    923    934    932    911   1368   1383   1369   1396   1381   1404   1418   1408     12     25     20     19     27     24      5     31      4     24     26     21     19     12     20      0   1075   1078   1073    303    330    319    306    304    314    294  
  178    192    217    195    193    183    211    197    197    193    192    165    199    191    203    199    449    453    446    465    475    483    486    480   1065   1052   1064   1065   1059   1052   1077   1052   1078   1060   1081   1058   1059   1081   1060   1075      0     13     12    936    911    907    966    919    901    913  
  173    187    210    191    188    180    206    192    191    187    186    159    194    186    197    195    437    442    434    454    463    471    474    468   1067   1054   1067   1068   1061   1055   1079   1055   1081   1062   1084   1061   1062   1083   1062   1078     13      0      5    935    910    906    965    918    900    912  
  170    184    208    188    185    176    203    189    188    184    183    156    191    183    194    191    441    445    438    457    466    474    478    472   1063   1050   1062   1063   1057   1050   1075   1050   1076   1058   1080   1056   1057   1079   1058   1073     12      5      0    931    906    901    961    914    896    908  
  773    762    755    748    763    760    739    754    758    763    765    793    754    765    759    747   1149   1166   1151   1178   1158   1184   1199   1189    301    297    310    310    311    295    307    273    305    309    326    283    301    297    305    303    936    935    931      0     32     30     33     18     36     30  
  747    736    728    723    736    734    713    728    732    737    739    766    728    738    732    721   1119   1136   1121   1148   1128   1153   1168   1159    328    323    337    336    337    321    335    300    332    335    353    310    328    325    331    330    911    910    906     32      0     15     56     27     25     39  
  743    732    725    719    733    730    709    724    728    733    735    763    724    735    729    717   1120   1136   1122   1149   1129   1154   1169   1160    316    311    325    325    325    309    324    289    321    324    342    299    316    315    319    319    907    906    901     30     15      0     60     17     11     26  
  802    791    783    778    792    789    768    783    787    792    794    822    783    793    787    776   1173   1190   1175   1202   1181   1207   1222   1213    305    303    315    315    316    300    311    278    308    315    330    288    306    299    310    306    966    965    961     33     56     60      0     51     68     62  
  756    746    739    732    747    743    723    738    742    747    749    776    738    748    743    730   1136   1152   1137   1164   1145   1170   1185   1176    302    297    310    310    310    295    309    274    306    309    327    284    301    299    305    304    919    918    914     18     27     17     51      0     19     15  
  738    727    720    713    728    725    704    719    723    728    730    758    719    730    724    712   1118   1134   1119   1146   1127   1152   1167   1157    311    305    319    319    319    304    319    284    316    318    337    294    311    310    314    314    901    900    896     36     25     11     68     19      0     21  
  751    741    735    726    742    738    718    733    737    742    744    771    733    743    738    725   1135   1151   1137   1164   1144   1170   1184   1175    291    286    300    300    300    284    299    264    297    299    317    274    291    290    294    294    913    912    908     30     39     26     62     15     21      0  

    0      0    294      0    142      0      0      0      0      0   1307      0      0      0      5      0      0   7550      0      0     34      0      0      0      0      1      0      0      5   4292      0      0      0     29      0     22      0    396      0      0      0     96      0      0      0      0   1439      0      0      0  
    0      0      0      0      0      0      0     14   4192      0      0  19288      0      0      0      0      0   2094      0      0      0      0      0      0    772      0      0      0   1429      0     17      0    634      0  38654      0      0      0      0     30      0      0  29972     13      0      0      0     54      0      0  
    0      0      0      0      0      0      0      0      0  11572      0      0      0      0      0      0      0      0  95982      0    515      0      0      0      0      0      0      0      0      0      0     39      0      0   1534     29      0      0      0      0      0      0      0      0      0      0      0      0      0      5  
    0      0      0      0      0      0      0      0      0      0      0      0      0      0      0      0      0      0   2362      0      0      0      0      0      0      0      0      0      0      0      0      0      0      0      0      0      0      0      0      3      0     86      0      0    303      0   6838      0      0      0  
    0      0      0      0      0      0      0      0      0      0      0   5010      0      0      0    204      0      0      0      0      0      0      0      0      0      0      0      0     35    671      3     19      0      8      0      0      3    212      0      0      0      1      8      0      0      0      0      0    128   4335  
    0      0  49139      0  75527      0      0    454      0      0      0     14      0      0      0      0      0      0    766      3   4092      0    219     99      0      0      0      0      0      0      0      0      0      0      0    142      0      0      0   9814      0      0      0   4654      0    198  49878      7      0      0  
    0      0      0      0      0     26      0   6631      0      0      0      0      0      0      0   1082  59667      0      0      0     30      0      0      0      0      0   1989      1      0      0      0    924      0      0   1021      0      0  81420      0      0      0      0      0   1456      0      0      1      0      0      0  
    0      0      0    386      0  60995      0      0      5      0      0      5      0      0      0    757      0      0     12      0      0      0      0      1      0      0    265      0      0      8      0      3      0      0      0      5      0      0      0      0      0  20470      0      0      0      0     12      3      0      0  
    0      0      0   8098      0    248      0      0      0      0      0      3      0      0      0      0      0      0      0      0      0      0    844      0      0   2142      0      0  58396      0      0      0      0      0      0    319      0      0      0      0      0      0      0      0      0      0   5696      0      2      1  
    0      0   2866  15165      2  63886      0      0      0      0      0      0     38      0    901      0  12554      0     20      0      0      0      0      0      0      0     10      0      1      0      0      0      0      0      8      0  11199      0      0  87493      0      0      0      0      0      0      0      0      0      0  
 8529      0      0      0      3      0     88      0      0      0      0      0      0      0      0   1855      1      0      0      0      0     16      0      0  61633   6708      0      0   1107      0      0      0   6787      0   8836  59361      0      0      0      0      1      0      0      0      0      0      0      0      0      6  
    0      0      0      0  29661      0    149      0      0      0      0      0      0   3134      0      0      0      0      0      0      3      0      0      0      0      0      0      0      0      0      0      0  89693      0      0   3921      0      0      0      0      0     64      0      0      0      1      0  29652     72  12962  
 1160      0   7784      0      0   1202      0      0      0      0      0     92      0      0      0      0      0      0      0      0      0      0      0      0      0    416      0      0      0      0      0     22      0      0      0      0      0      0    571   4419      0      0      0    871      0      0      0      0   3192      0  
    0      0  46973      0      0    100      0      0      0      0      0      3      0      0  50725     76      0      0      0      0      0      7      0      0      0  42681     13      0   8137      0      0      0      0     50      0    340      0      0      0   5209      0      0  58500      0      0    538      0      0      0   1140  
    0      0      0     97      0      0      0      0      0      0      0      0      0      0      0    530      0      0      0      0     43      0     62      0      0    577      0      0      0      0      0      0      0      0  11209      0      0      0      0      0      0      0  31685  86898      0      0      0      0     43      0  
    0  58519      0      5      0      0      0     12      0      0     13      0      0      0      0      0    626      0   1052      0     31      0      0      0      0      0      0      0     67      0      0      0      0      6      0      0      0     61    229      0      0      0      0      0      0     56      0      0      0      0  
    0    597      0      0      0      0      0      0      0      0     24      0      0      0      0   4635      0      0    117  55933      0      0      2      0      0      0   7505      0      0      0      0    264      0      0     59      0      0      0      0      0      0      0      0      0      0      0      0      0   6702      0  
14146     11      0      0      0      0  97758      0      0      0      0      0      0      1      0      0      3      0      0      0      0  13257  18016      0      0      0      3      0    165      0   1824      0    142   1406      0      0      0      0      0      0      0  14325     30      0      0      0      0      0      0      2  
    0      0      0      0      0  45430      0   7879      0      1      0      0      0      0      0      0   2451      0      0      1      0      0      0      0      0      0      0   1543      0     70      0      0      0      0      0      0      0  18507      0   5020      0      0      0      0      0      8      0      0      0     69  
    0      0      0      0      0      0      2      0      0      0      0     50    164      0    977      0      0      0      0      0    106      0      0      0      0      0   1896      0      0      0      0      0      0      0    184      0      1      0      0      0      0   1946      0     73   9891      0     46      0     43      0  
    0      0      0      3      1      0      0      0      0      0      0   5386      0      0      0      0      0      0      0      0      0      0      0      0   1661      0     16      0      0      0      0  32565      0      0      2      0      0     14      0     20      0   1823      0      0      2      0      0    154      0   5508  
    0      0      0      6      0      0      0      0      0      0  53819      0     68      5      0      0      0      0      0      1      0      0      0      0      1  18731  19972      0      0   1222      0      0     13      0      0      0      0      0      0      0      0      0    418      0   1080      0   1265      0  12921      0  
    0      5  44102      0      0      0      0      0      0      0      0      0      0      0      0  22013      0      2      0  14931      0      0      0      0      0      0      0      0      0      0      0      0      0      0      0    171      0      0      2      0   2508      0      0      0      0      0  97698      0      0      0  
    0   1367    159      0      0      0      0      0      0   3327     14    964     18      0      0      0      0      0      0      0      0      0      0      0    569      0      0      0    169      0      0      0      0      0      0      0      0     16  11147      1     53      0   4862    944      0      0      0      1      0      0  
    0      0      0      0      0      0   1457      0      0   4957      0      0      0   6711      0      0   6461      0      0      0      0  81752      0      0      0      0      0      0      0      3      0     39      0      0     55      0      0      0      0      1      0      0      0  59294      0      0      0      0      1      0  
    0      0      0      0      0      0      0  26959      0   2966      0      3      0      0      0      0      0      0      0    182      0      0   2262      0      0      0      0    841      0      0      1     36      0      5      1      0      0      0      0      0      0  97054      0      0      0      0      0      0     14   4925  
    0      1      0      0      0      0      0      0      0      0      6      0  19672    973      0      0      0      0   9096      0      0      0      0  14185      0  15063      0     43      9      0      0      0    213  67510     45      0      0     13     34      0      0      1      0  14279    123      0  19617      0      0    577  
    0      0      0   2518      0      0      0      0      0      0    602      0  29950    567      0      0     78    772      0      0      8      0      0      0      0      0      0      0      5      0      0      0      0     12      0      0  30964      0      0  51777   5178      0    667      0      0   1229      0      0      0      1  
    0      0      0      2      0      0      0      0      0      0      0   1538      0      0     25      0      0      0      0     21      0      0      0      0      0      0      0      0      0      0  18369      0      0    742      0      0      0      0    476      1      6  38453      0      0      0      0      0      0      0      0  
    4    189      0      0      0      0      0      0      0      3      0      0      0      0      0      0      0      0  28064  59724    324      0      0  39183      0     11      0      0      0      0     17    335      0  15743      0      0      0      0      1   7472     48      0      0    426      0   3739      0      0      0      0  
    0      0      0      0      0      0      0      0      0      0      0      0      0      0      0      4      0   1737      0      0      0      0      5      0      0      0     50     95      0      0      0      0      0      0      0     11      0      0      0      4      6      0      6      0     50      0      0     11      0      0  
    0      0  46165      0      1      0      0      0  46520      0      0      0      0      0      0      0      0      0      0      0      0      0      0   1765     46      0      0      0      0      0      0      0   1363      1      0      0      0      0      0      0    745      0      0  30024      0   2338      0      0      0      0  
    0      0      0      0      0      0      0      0      0     27      0     22  32515   6064      0   8693      0      0      0      0      0      0      0   1157      0      0      0      0      0      0  14337   1693      0      0      0      0   6212      0      0      0      0      0      8      0      0      0      0      0      0      0  
   10      0      0      0  10432      0      0      0      0     25  49769    904      0    119      0      0      0      0      0     51      0      0      0      1      0      0      0  57243      0      8      0      0     44      0  26689      0      0      0      0   1077      0      0  13302      0      0      0      0      0     11      0  
    0      0    467   8678      0      0      0      0      2    137      0      0      0      0      0      0      0      0      0      8  80792      0     84      0     21    820      0      0      0      0      0      0    107      0      0      0   2926      0   2504  31643      0      0      0      0      0      0      0      0      0      0  
    0      0      0      0     59    362      0      0      0      0      3   2526      0   5157     55      0      0      0  40569      0      5      0  19744     31      0      0      0      0      0      0      0      0      0      0     72      0      0     13      0      0      0      0  61746      0      0     14      0      0      0     28  
 6590      0      0      0      0      0      0      0      0      0      0      0      0      0      0      0      0      0      0      0  71129      0      0      0      0      0      0  29091      0      0   9337      0      0      1      0     60      0      0      0    966      0      2      0      0     78     47      0      0      0      0  
    0      0      0      0  63664      0      0      0     56    262      0   5771      0      0      0      0      0      0      0      0      0    481      0      0      0   3944      0    195      0      0  12755     36      0      0      0   2570     34      0      0      0      0      0      0      0      0      0      0      0    128   1253  
    0      0      0      0    574      0      0      0      0      0      0      0      0      0      0      0      0      0      0  29542      0      0      0      0  69081      0     83      0      0      0      0   3667      0      1      0      0      0      0      0      0      0      0      0      0    164      0      0      0      0      0  
    0     29      0      0      0      0      0      6      0      0      0     58      0     21      0      0      0      0      0      0      0  25021      0      1  41836     74      0      0      0      0   2179      0     11      0      0      0      0      0      0      0    181      0      0      3      0      0      0      0      2      0  
    0      0      0      0      0      0      2      0      0      0      0      1      0      1      0      0      0      0      0    126      0     97      0      0      0      0      0      0      0      0      0      0      0   6391      0      0      0    906   4251      0      0      0      4      0    161      0      0      0     91   6590  
    0      0      0     58     41      0      0      0      1      0      0      0     10  28425    188      0      6   5678      0      0      0      0      0      0      1      0      2      0    117      0    113  34235      0      0      0      0    158      0      0      0      0      0      0      0      0      0   3719      0      0      0  
    0      0      0      0      0      0      4      2      0      0      0  39435      0    234      0      0      0      0      0      0      1      6    573     64    171      0      0      0      0      0      0      0      0      0      0      0      0      0      0      0      0      0      0      0      0      0      0      0    427      0  
    0      0      0      0      0      0      0      0      0      0  84250      0      0      0      0      0      0      0      0      0   9135     25      0      0   4311      0      0  70549      0      0      0      0      0   3977      0      0      0    322      0      2      0      0      0      0      0      0      0      0    690    208  
 3284     41      0      0      0      0     42   5216      0     85  27764      0      0      6      0      0      0      0      0      0      0      0      0    155      0   5795      0      0      0      0     36      0    180      0      0      0      0      0      0      0      0      0      0    201      0    344      0  42038    986      0  
    0      0     32      0      0   5369      0      0  14661      0    635      0      0   2134      0      0      0      0      0      0      0      0     15    604      0  18468      0  81391      0      0      0      0      0      0      0      0      0      1      0      0      0      0  10621      0   6303      0      0      0      0      0  
40539      0  24715      0      0    185      0      0      0  14956      0      0    430      0    670    231      0      0      0      0  77362      0  42824      0      0   6994      0      0      0      0      0   1035      0     12      0      0    472      0      0      0      0      0      0      0      0      0      0      0  15356      0  
    0     15      0      0      0      0      0      0      2   3464      0      0      0   1143      0   1658   1214      0      0      0  18708      0      0      0      1      0      0      0      0    239      0      0      0      0      0      0      0      0      0   2477    674    190      0      0      0      0      0      0      0     26  
    0      0      0      0      0      0      0      0      0      0      0      0     13      0      0      0      0      2      0      0      0      0      0      0      0      0   1425  18345      0     28      0      0      0      0    316     16      0      0    110    649   1097      0      0      0      0      0      0      0      0    471  
    0      0      0      0      0      0      0      0      0      0      0      0      0      2     30      0      0      0  27538      0      0      0      0      0     56      2      0      0      0      0      0      0  20351      0   1429      0  40375      0      0      0     26    167      1      0      0      0    626      0      0      0  
