100

    0     29     19     56     61     44     35     80     35     35    679    715    685    676    662    678    684    666    700    691    666    681    684    676    672    674    673    678    676    690   1462   1465   1455   1474   1454   1459   1450   1439   1455   1416   1456   1456   1457   1456   1450   1480   1491   1428   1423   1423   1490    449    459    472    465    467    443    454    496    461    478    443    643    683    672    662    682    704    669    638    635    893    891    701    663    691    631    661    675    671    654    622    690    661    667    633    684    627    637    666    658    676    596    640    611    612    621    658    583    621  
   29      0     14     29     36     30     39     61     18     19    687    725    695    685    670    686    694    675    710    701    675    690    693    683    679    681    679    684    682    696   1469   1472   1462   1481   1460   1466   1457   1445   1462   1423   1463   1463   1464   1463   1456   1486   1498   1435   1429   1430   1497    470    479    493    485    487    465    474    517    481    499    463    650    690    678    670    688    710    675    644    642    888    887    711    673    702    641    672    685    682    666    632    702    672    678    645    696    638    648    677    670    685    585    629    600    600    609    646    571    609  
   19     14      0     38     42     27     27     62     29     17    676    713    683    674    659    675    683    664    699    689    664    679    681    673    668    670    669    673    671    686   1458   1461   1451   1471   1450   1456   1446   1435   1452   1412   1452   1452   1453   1453   1446   1476   1487   1424   1419   1420   1486    456    465    479    471    474    451    460    503    467    485    449    639    680    668    659    678    700    665    634    631    882    881    699    661    690    629    660    673    670    654    621    690    660    666    633    684    626    636    665    657    674    582    626    597    597    606    643    568    607  
   56     29     38      0      9     27     50     39     40     26    683    723    692    683    667    683    693    673    708    699    673    688    690    679    674    676    673    678    676    692   1464   1467   1456   1476   1454   1461   1452   1439   1457   1417   1458   1457   1458   1458   1450   1480   1492   1429   1423   1425   1491    482    489    504    495    499    478    485    530    490    511    473    647    686    672    666    683    705    670    639    638    872    871    710    671    701    640    671    683    682    666    632    702    671    678    645    696    637    647    676    670    683    563    607    579    579    587    625    550    588  
   61     36     42      9      0     26     50     30     48     28    676    717    686    677    660    676    686    666    702    693    667    681    684    672    667    669    666    671    669    685   1457   1459   1449   1469   1447   1453   1445   1432   1450   1409   1450   1450   1451   1451   1443   1473   1485   1422   1416   1418   1484    479    486    501    491    496    475    482    527    487    508    470    640    679    665    659    676    698    663    632    631    864    863    704    664    695    634    665    677    676    660    625    696    665    672    640    690    631    641    670    665    677    555    599    570    570    578    616    541    579  
   44     30     27     27     26      0     25     36     47     12    661    700    669    660    644    661    669    650    685    676    650    665    667    657    653    654    652    657    655    670   1443   1445   1435   1455   1433   1439   1431   1419   1435   1396   1436   1436   1437   1437   1429   1459   1471   1408   1402   1404   1470    455    463    478    468    473    451    459    503    464    484    447    624    664    651    644    661    683    649    618    616    859    858    686    648    677    616    647    660    658    642    608    678    648    654    621    672    613    624    652    646    660    556    600    571    572    581    618    543    581  
   35     39     27     50     50     25      0     56     55     26    649    687    657    647    632    649    656    637    672    663    637    652    655    646    642    643    642    647    645    659   1432   1435   1425   1444   1423   1429   1420   1409   1425   1385   1426   1426   1427   1426   1419   1449   1461   1398   1392   1393   1460    434    442    456    448    451    429    437    481    443    463    426    613    653    641    632    651    673    638    607    605    858    857    673    635    663    603    633    647    644    627    594    663    634    640    606    658    600    609    638    631    647    563    606    577    578    587    624    549    587  
   80     61     62     39     30     36     56      0     76     46    651    692    661    651    635    650    662    641    677    669    642    656    658    646    641    642    639    644    642    658   1430   1432   1422   1442   1420   1426   1418   1405   1423   1382   1423   1423   1424   1425   1416   1446   1458   1394   1389   1391   1457    466    471    487    476    482    463    468    514    472    495    455    614    653    637    634    649    671    637    606    605    834    833    679    639    671    610    641    652    652    637    601    673    641    648    616    667    606    617    646    642    652    526    570    541    541    549    587    512    550  
   35     18     29     40     48     47     55     76      0     37    704    742    712    702    687    703    711    692    727    717    692    707    710    701    696    698    697    701    699    714   1486   1489   1479   1499   1478   1484   1474   1463   1479   1440   1480   1480   1481   1481   1473   1504   1515   1452   1446   1448   1514    482    492    506    498    500    477    487    529    494    512    476    668    708    695    687    705    728    693    662    659    906    904    728    690    718    658    688    702    699    682    649    718    689    695    661    712    654    664    693    686    702    601    645    616    616    625    662    587    625  
   35     19     17     26     28     12     26     46     37      0    670    708    678    669    653    669    678    658    693    684    658    673    676    666    662    663    662    666    664    679   1452   1455   1444   1464   1443   1449   1440   1428   1445   1405   1446   1445   1447   1446   1438   1469   1480   1417   1411   1413   1479    459    467    482    473    476    455    463    507    468    488    451    633    673    660    653    671    693    658    627    625    870    869    695    656    685    625    655    668    666    650    616    686    656    662    629    680    621    631    660    654    669    567    611    583    583    592    629    554    592  
  679    687    676    683    676    661    649    651    704    670      0     60     30     28     18      3     48     26     49     58     35     30     26     21     33     30     53     51     49     32    784    788    778    797    778    782    772    763    778    739    779    780    780    778    773    803    814    752    746    746    813    374    345    360    336    365    394    362    375    340    367    355     37     21     65     18     42     51     41     56     49    404    399     63     35     75     74     72     47     76     98     83     99     70     81    106     94     75     83     73    105     35    457    462    444    456    474    462    444    456  
  715    725    713    723    717    700    687    692    742    708     60      0     35     43     67     58     31     54     16     27     52     38     38     78     90     87    109    106    105     81    752    758    748    766    749    752    740    735    748    711    749    751    750    746    745    775    784    723    718    714    782    377    348    360    339    366    397    365    370    343    365    360     90     75    120     74     95     93     98    115    104    440    436     20     54     38     86     61     41     54     81     95     60     59     60     98     59     89     84     57     84     41    516    520    503    515    532    520    503    515  
  685    695    683    692    686    669    657    661    712    678     30     35      0     10     33     28     19     21     21     28     20      5      5     51     63     60     83     80     79     59    779    784    775    793    775    779    767    761    774    736    775    777    776    773    770    801    810    749    744    741    809    362    333    346    324    352    382    350    359    328    352    344     56     50     95     41     71     76     70     82     71    430    425     34     23     46     62     49     21     49     74     72     70     46     55     86     66     64     66     48     80     12    486    491    473    485    502    491    472    485  
  676    685    674    683    677    660    647    651    702    669     28     43     10      0     26     26     22     12     29     32     12      6      8     48     60     57     80     78     76     59    788    793    783    802    784    788    776    769    783    745    784    786    785    782    779    809    819    758    753    750    818    355    326    340    318    346    376    343    354    321    346    337     48     49     92     35     69     77     67     76     63    431    426     40     14     49     55     46     19     48     72     64     72     43     53     82     67     57     60     46     78      8    480    486    467    479    497    486    466    479  
  662    670    659    667    660    644    632    635    687    653     18     67     33     26      0     18     47     17     54     57     27     31     29     30     40     37     60     59     56     45    801    805    795    814    795    800    789    781    795    757    796    797    797    795    791    821    831    769    764    763    830    357    328    343    319    349    377    345    359    323    350    337     23     34     71     11     51     65     46     50     38    415    411     65     25     73     59     63     42     69     88     66     95     61     73     93     90     59     69     65     96     32    454    461    442    454    472    461    441    454  
  678    686    675    683    676    661    649    650    703    669      3     58     28     26     18      0     46     24     47     56     33     28     24     23     35     32     55     53     51     34    784    789    779    797    778    783    772    764    779    740    780    780    781    779    774    804    814    752    747    746    813    372    343    358    335    364    393    360    373    338    365    353     37     23     67     18     44     53     42     57     49    406    401     61     33     73     72     70     44     74     96     81     97     68     79    104     92     74     81     71    103     33    459    464    446    458    475    464    446    458  
  684    694    683    693    686    669    656    662    711    678     48     31     19     22     47     46      0     31     17     11     24     18     23     68     80     77    101     98     97     78    783    789    779    797    780    783    771    766    779    741    780    781    781    777    775    805    815    754    749    745    813    350    321    334    313    340    370    338    346    317    340    333     67     68    112     56     89     94     88     96     83    448    443     20     27     28     55     34     10     32     58     65     52     31     38     72     47     58     54     32     63     16    501    507    488    500    518    507    487    501  
  666    675    664    673    666    650    637    641    692    658     26     54     21     12     17     24     31      0     40     41     10     17     18     44     55     52     75     74     72     57    797    802    793    811    793    797    785    778    792    754    793    795    794    792    788    818    828    767    761    759    827    350    321    336    313    341    371    338    350    317    342    332     37     46     86     28     66     76     61     66     53    429    424     50      9     57     50     48     25     53     73     58     79     45     57     81     73     51     57     49     81     16    470    478    459    470    488    478    457    471  
  700    710    699    708    702    685    672    677    727    693     49     16     21     29     54     47     17     40      0     17     36     24     25     68     81     78    101     97     96     74    766    772    762    780    763    766    754    749    762    725    763    765    764    760    758    789    798    737    732    728    796    366    337    349    328    355    386    354    361    332    355    349     76     66    112     61     88     89     89    102     91    440    435     16     39     33     72     49     26     45     72     81     58     47     51     88     55     75     71     46     76     26    505    511    493    505    522    510    492    504  
  691    701    689    699    693    676    663    669    717    684     58     27     28     32     57     56     11     41     17      0     34     28     32     78     90     87    110    108    106     86    778    784    775    792    776    779    766    762    774    737    775    777    776    772    771    801    810    750    745    741    809    350    322    334    313    340    371    338    344    317    339    334     78     77    122     67     98    102     98    107     93    455    450     11     37     19     60     34     19     28     55     69     43     32     35     72     39     64     57     31     59     26    511    518    499    511    528    518    497    511  
  666    675    664    673    667    650    637    642    692    658     35     52     20     12     27     33     24     10     36     34      0     16     20     54     65     62     85     84     82     66    799    804    795    813    795    799    787    781    794    756    795    797    796    793    790    820    830    769    764    761    829    344    315    329    306    335    364    332    343    310    335    325     45     56     96     37     75     85     71     75     61    438    434     44      3     48     43     38     17     43     64     52     69     35     47     72     64     45     49     39     71     11    479    486    467    479    497    487    465    479  
  681    690    679    688    681    665    652    656    707    673     30     38      5      6     31     28     18     17     24     28     16      0      6     51     63     60     83     81     79     60    784    789    779    797    780    783    772    765    779    741    780    781    781    778    775    805    815    754    748    746    813    358    329    342    320    348    378    345    355    324    348    340     53     51     95     39     72     78     70     80     68    432    427     35     18     45     58     46     18     47     71     67     69     43     52     83     65     60     62     45     78      8    484    490    472    484    501    490    471    484  
  684    693    681    690    684    667    655    658    710    676     26     38      5      8     29     24     23     18     25     32     20      6      0     46     58     55     79     76     75     55    781    786    776    794    776    780    769    762    776    738    777    778    778    775    771    802    812    750    745    743    810    363    333    347    325    353    383    350    361    329    354    344     52     46     90     37     67     73     66     78     67    426    422     38     22     50     62     51     23     53     77     72     74     49     58     88     69     64     67     51     83     13    481    487    469    481    498    487    468    481  
  676    683    673    679    672    657    646    646    701    666     21     78     51     48     30     23     68     44     68     78     54     51     46      0     13     10     33     31     29     17    786    790    780    799    779    784    774    764    780    741    781    781    782    781    774    805    815    753    747    748    814    384    355    371    347    377    405    372    388    351    378    365     37      8     45     21     22     36     21     43     42    386    381     83     53     95     88     91     66     96    117     96    119     88    100    123    114     89     99     92    124     55    439    443    425    438    455    442    426    437  
  672    679    668    674    667    653    642    641    696    662     33     90     63     60     40     35     80     55     81     90     65     63     58     13      0      4     21     20     17     18    790    794    783    803    782    788    778    767    784    744    785    785    785    785    778    808    819    756    751    752    818    389    360    377    352    382    410    377    394    355    384    369     39     17     32     29     14     34      8     36     40    376    372     96     64    108     96    102     78    107    127    103    131     99    111    132    126     97    108    103    135     67    426    431    413    425    442    430    414    425  
  674    681    670    676    669    654    643    642    698    663     30     87     60     57     37     32     77     52     78     87     62     60     55     10      4      0     24     22     20     16    789    792    782    801    781    786    777    766    782    743    783    783    784    783    776    807    818    755    750    750    817    388    359    376    351    381    409    376    392    354    383    368     38     14     35     27     15     34     12     38     40    378    374     92     61    105     94     99     75    104    125    101    128     97    108    130    123     95    106    101    132     64    430    434    416    428    446    433    417    428  
  673    679    669    673    666    652    642    639    697    662     53    109     83     80     60     55    101     75    101    110     85     83     79     33     21     24      0      5      5     30    791    794    783    803    782    788    779    767    784    744    785    784    786    786    777    808    819    756    750    752    818    403    374    391    366    396    424    391    409    369    399    382     55     35     12     49     15     33     15     38     50    357    353    116     84    128    115    122     99    127    147    121    152    120    132    151    147    115    127    124    155     87    409    412    395    407    424    411    396    407  
  678    684    673    678    671    657    647    644    701    666     51    106     80     78     59     53     98     74     97    108     84     81     76     31     20     22      5      0      3     25    787    789    779    799    777    783    775    762    779    739    780    780    781    781    773    803    815    752    746    748    814    405    376    393    368    398    425    393    410    371    400    384     56     31     15     48     11     28     15     42     52    357    353    113     82    126    115    121     97    126    146    121    150    118    130    151    145    115    127    122    154     85    413    416    399    411    428    415    401    411  
  676    682    671    676    669    655    645    642    699    664     49    105     79     76     56     51     97     72     96    106     82     79     75     29     17     20      5      3      0     25    789    791    781    800    779    785    777    764    781    741    782    782    783    783    775    805    817    753    748    750    816    402    373    390    365    395    423    390    408    368    398    381     53     30     16     46     10     29     12     39     49    360    355    111     80    124    112    119     95    124    144    119    148    116    128    149    143    112    124    120    152     84    413    417    400    412    429    416    401    411  
  690    696    686    692    685    670    659    658    714    679     32     81     59     59     45     34     78     57     74     86     66     60     55     17     18     16     30     25     25      0    773    776    766    785    765    770    761    750    766    727    767    767    768    767    761    791    802    739    734    734    801    400    371    387    363    393    421    388    403    367    394    381     52     11     40     37     15     21     24     53     56    373    368     90     66    104    103    103     77    107    129    111    129    101    112    137    124    104    113    104    136     66    438    441    424    436    453    439    425    435  
 1462   1469   1458   1464   1457   1443   1432   1430   1486   1452    784    752    779    788    801    784    783    797    766    778    799    784    781    786    790    789    791    787    789    773      0     30     34     22     55     32     13     61     28     64     29     45     31      6     51     53     44     59     66     40     39   1107   1081   1086   1072   1092   1125   1096   1085   1077   1088   1096    820    779    794    800    782    760    794    825    828    747    743    768    801    782    837    810    792    801    823    847    789    809    806    844    793    840    834    806    822    789   1079   1054   1058   1069   1078   1041   1077   1062  
 1465   1472   1461   1467   1459   1445   1435   1432   1489   1455    788    758    784    793    805    789    789    802    772    784    804    789    786    790    794    792    794    789    791    776     30      0     11     15     28      7     33     39     11     52     10     18      9     31     26     25     26     42     49     47     26   1117   1090   1096   1082   1103   1135   1105   1096   1086   1098   1105    824    783    795    804    784    762    797    828    831    736    732    775    806    789    843    817    798    808    831    853    797    816    813    851    801    846    841    813    830    795   1072   1046   1051   1061   1070   1033   1070   1055  
 1455   1462   1451   1456   1449   1435   1425   1422   1479   1444    778    748    775    783    795    779    779    793    762    775    795    779    776    780    783    782    783    779    781    766     34     11      0     25     22      5     33     29      7     42      5     12      4     33     18     30     36     32     38     40     36   1108   1081   1087   1073   1094   1126   1096   1087   1077   1089   1096    814    773    785    794    774    752    787    818    821    725    722    765    797    779    834    807    788    798    821    843    787    806    804    842    791    837    831    803    820    785   1062   1036   1040   1051   1060   1022   1060   1044  
 1474   1481   1471   1476   1469   1455   1444   1442   1499   1464    797    766    793    802    814    797    797    811    780    792    813    797    794    799    803    801    803    799    800    785     22     15     25      0     42     21     30     53     22     65     22     33     22     26     41     33     22     56     63     52     18   1123   1097   1102   1088   1109   1141   1112   1102   1093   1104   1111    832    792    805    813    794    772    807    837    840    749    746    783    815    796    851    825    806    816    838    861    804    823    821    859    808    854    848    820    837    803   1085   1059   1064   1074   1083   1046   1083   1067  
 1454   1460   1450   1454   1447   1433   1423   1420   1478   1443    778    749    775    784    795    778    780    793    763    776    795    780    776    779    782    781    782    777    779    765     55     28     22     42      0     24     54     16     28     39     26     10     25     54      7     27     44     27     32     54     47   1111   1085   1091   1076   1097   1130   1100   1092   1080   1093   1099    813    772    783    794    773    751    786    817    820    714    711    767    797    781    835    809    789    800    823    844    790    807    805    844    793    837    832    804    822    785   1053   1026   1032   1042   1051   1013   1051   1035  
 1459   1466   1456   1461   1453   1439   1429   1426   1484   1449    782    752    779    788    800    783    783    797    766    779    799    783    780    784    788    786    788    783    785    770     32      7      5     21     24      0     32     33      7     46      5     14      3     32     21     28     32     36     43     42     32   1111   1085   1090   1076   1097   1130   1100   1091   1081   1093   1099    818    777    789    799    779    757    791    822    825    729    726    769    801    783    838    811    792    802    825    847    791    810    808    846    795    841    835    807    824    789   1066   1040   1045   1055   1064   1027   1064   1048  
 1450   1457   1446   1452   1445   1431   1420   1418   1474   1440    772    740    767    776    789    772    771    785    754    766    787    772    769    774    778    777    779    775    777    761     13     33     33     30     54     32      0     57     27     56     29     45     31      7     49     58     52     53     58     29     48   1095   1069   1074   1061   1081   1114   1084   1074   1065   1076   1084    808    767    782    788    770    748    782    813    816    736    733    757    789    770    825    798    780    789    811    835    777    797    794    832    781    828    822    794    810    777   1068   1043   1047   1057   1067   1030   1065   1051  
 1439   1445   1435   1439   1432   1419   1409   1405   1463   1428    763    735    761    769    781    764    766    778    749    762    781    765    762    764    767    766    767    762    764    750     61     39     29     53     16     33     57      0     35     26     34     22     33     59     13     42     58     14     18     49     60   1097   1071   1077   1062   1084   1116   1086   1078   1067   1080   1085    798    757    768    779    758    736    771    802    805    699    696    752    783    767    820    794    774    786    809    830    776    793    791    829    779    823    818    790    808    771   1038   1012   1017   1027   1036    998   1036   1020  
 1455   1462   1452   1457   1450   1435   1425   1423   1479   1445    778    748    774    783    795    779    779    792    762    774    794    779    776    780    784    782    784    779    781    766     28     11      7     22     28      7     27     35      0     44      3     19      5     27     24     34     37     35     42     36     35   1106   1080   1085   1071   1092   1125   1095   1086   1076   1088   1095    814    773    786    794    775    753    787    818    821    728    725    765    796    778    833    807    787    798    820    843    787    805    803    841    790    836    830    802    819    785   1064   1038   1043   1053   1062   1025   1062   1046  
 1416   1423   1412   1417   1409   1396   1385   1382   1440   1405    739    711    736    745    757    740    741    754    725    737    756    741    738    741    744    743    744    739    741    727     64     52     42     65     39     46     56     26     44      0     44     41     44     60     34     65     77     13     10     36     77   1072   1046   1052   1037   1058   1091   1061   1053   1041   1054   1060    775    734    745    756    735    713    748    779    782    685    682    728    759    742    796    770    750    761    784    805    751    769    767    805    755    799    794    766    784    747   1021    995    999   1010   1019    981   1019   1003  
 1456   1463   1452   1458   1450   1436   1426   1423   1480   1446    779    749    775    784    796    780    780    793    763    775    795    780    777    781    785    783    785    780    782    767     29     10      5     22     26      5     29     34      3     44      0     17      2     29     22     32     35     35     42     38     34   1108   1081   1087   1073   1094   1126   1096   1087   1077   1089   1096    815    774    786    795    775    753    788    819    822    728    725    766    797    780    834    808    789    799    822    844    788    807    804    842    792    837    832    804    821    786   1064   1038   1043   1053   1062   1025   1062   1046  
 1456   1463   1452   1457   1450   1436   1426   1423   1480   1445    780    751    777    786    797    780    781    795    765    777    797    781    778    781    785    783    784    780    782    767     45     18     12     33     10     14     45     22     19     41     17      0     15     45      9     24     38     29     35     48     39   1111   1085   1091   1076   1097   1130   1100   1092   1081   1093   1099    815    774    786    796    775    753    788    819    822    720    717    768    799    782    836    810    790    801    824    845    791    809    806    845    794    839    834    806    823    787   1059   1032   1037   1048   1056   1019   1057   1041  
 1457   1464   1453   1458   1451   1437   1427   1424   1481   1447    780    750    776    785    797    781    781    794    764    776    796    781    778    782    785    784    786    781    783    768     31      9      4     22     25      3     31     33      5     44      2     15      0     31     21     30     34     35     42     40     34   1109   1083   1088   1074   1095   1128   1098   1089   1079   1091   1097    816    775    787    796    776    754    789    820    823    728    725    767    799    781    835    809    790    800    823    845    789    808    805    843    793    838    833    805    822    787   1065   1039   1043   1053   1063   1025   1063   1047  
 1456   1463   1453   1458   1451   1437   1426   1425   1481   1446    778    746    773    782    795    779    777    792    760    772    793    778    775    781    785    783    786    781    783    767      6     31     33     26     54     32      7     59     27     60     29     45     31      0     50     55     48     56     62     35     43   1101   1075   1080   1067   1087   1120   1090   1080   1071   1082   1090    814    773    788    795    776    754    789    820    822    742    738    763    795    776    832    805    786    795    818    841    783    803    801    838    787    835    829    800    816    784   1074   1049   1053   1063   1073   1036   1072   1057  
 1450   1456   1446   1450   1443   1429   1419   1416   1473   1438    773    745    770    779    791    774    775    788    758    771    790    775    771    774    778    776    777    773    775    761     51     26     18     41      7     21     49     13     24     34     22      9     21     50      0     31     46     22     28     47     47   1106   1079   1085   1071   1092   1125   1094   1086   1075   1088   1094    808    767    779    789    768    746    781    812    816    712    709    762    792    776    830    804    784    795    818    839    785    802    800    838    788    833    827    799    817    781   1051   1024   1029   1039   1048   1011   1049   1033  
 1480   1486   1476   1480   1473   1459   1449   1446   1504   1469    803    775    801    809    821    804    805    818    789    801    820    805    802    805    808    807    808    803    805    791     53     25     30     33     27     28     58     42     34     65     32     24     30     55     31      0     22     52     58     69     27   1135   1109   1115   1100   1121   1154   1124   1115   1105   1117   1123    839    798    809    820    799    777    812    843    846    739    736    792    823    806    860    834    814    825    848    869    814    832    830    868    818    863    858    830    847    811   1079   1052   1058   1068   1077   1039   1077   1061  
 1491   1498   1487   1492   1485   1471   1461   1458   1515   1480    814    784    810    819    831    814    815    828    798    810    830    815    812    815    819    818    819    815    817    802     44     26     36     22     44     32     52     58     37     77     35     38     34     48     46     22      0     66     72     72      6   1142   1116   1121   1107   1128   1161   1131   1122   1112   1124   1131    849    808    821    830    810    788    823    854    857    757    754    801    832    814    869    843    823    834    856    879    823    841    839    877    827    872    867    838    855    821   1096   1069   1074   1085   1094   1056   1094   1078  
 1428   1435   1424   1429   1422   1408   1398   1394   1452   1417    752    723    749    758    769    752    754    767    737    750    769    754    750    753    756    755    756    752    753    739     59     42     32     56     27     36     53     14     35     13     35     29     35     56     22     52     66      0      7     39     67   1085   1058   1064   1050   1071   1104   1074   1066   1054   1067   1073    787    746    758    768    747    725    760    791    794    694    691    740    771    755    808    783    763    774    797    818    763    781    779    817    767    811    806    778    796    759   1031   1005   1010   1020   1029    991   1029   1013  
 1423   1429   1419   1423   1416   1402   1392   1389   1446   1411    746    718    744    753    764    747    749    761    732    745    764    748    745    747    751    750    750    746    748    734     66     49     38     63     32     43     58     18     42     10     42     35     42     62     28     58     72      7      0     42     73   1080   1054   1060   1045   1067   1099   1069   1061   1049   1063   1068    782    740    752    763    742    719    754    785    789    687    684    735    766    750    803    778    757    769    792    813    759    776    774    812    762    806    801    773    791    754   1024    998   1003   1013   1022    985   1022   1006  
 1423   1430   1420   1425   1418   1404   1393   1391   1448   1413    746    714    741    750    763    746    745    759    728    741    761    746    743    748    752    750    752    748    750    734     40     47     40     52     54     42     29     49     36     36     38     48     40     35     47     69     72     39     42      0     69   1071   1045   1050   1037   1057   1090   1060   1051   1041   1053   1060    781    741    754    762    743    721    756    787    789    708    705    731    763    745    800    773    754    764    786    809    752    772    769    807    756    803    797    769    785    751   1040   1015   1019   1029   1039   1002   1037   1023  
 1490   1497   1486   1491   1484   1470   1460   1457   1514   1479    813    782    809    818    830    813    813    827    796    809    829    813    810    814    818    817    818    814    816    801     39     26     36     18     47     32     48     60     35     77     34     39     34     43     47     27      6     67     73     69      0   1140   1114   1119   1105   1126   1159   1129   1119   1110   1121   1128    848    807    820    829    809    787    822    853    856    759    756    799    831    813    868    841    822    832    855    877    821    840    837    875    825    871    865    837    854    819   1097   1071   1076   1086   1095   1057   1095   1079  
  449    470    456    482    479    455    434    466    482    459    374    377    362    355    357    372    350    350    366    350    344    358    363    384    389    388    403    405    402    400   1107   1117   1108   1123   1111   1111   1095   1097   1106   1072   1108   1111   1109   1101   1106   1135   1142   1085   1080   1071   1140      0     30     25     38     18     21     13     49     34     30     25    350    390    410    364    402    420    391    368    354    745    741    357    343    340    301    317    343    323    297    292    326    319    317    279    324    300    297    320    295    351    628    658    628    637    654    667    611    642  
  459    479    465    489    486    463    442    471    492    467    345    348    333    326    328    343    321    321    337    322    315    329    333    355    360    359    374    376    373    371   1081   1090   1081   1097   1085   1085   1069   1071   1080   1046   1081   1085   1083   1075   1079   1109   1116   1058   1054   1045   1114     30      0     25      9     27     50     18     57      5     36     17    321    361    381    335    373    391    362    339    325    716    713    329    314    312    272    288    314    294    268    263    298    290    288    250    296    270    268    291    267    322    608    636    607    616    633    645    590    621  
  472    493    479    504    501    478    456    487    506    482    360    360    346    340    343    358    334    336    349    334    329    342    347    371    377    376    391    393    390    387   1086   1096   1087   1102   1091   1090   1074   1077   1085   1052   1087   1091   1088   1080   1085   1115   1121   1064   1060   1050   1119     25     25      0     29      7     40     20     33     29     11     35    338    377    399    351    390    407    379    357    342    737    733    340    328    323    287    301    327    306    280    278    308    303    300    262    306    285    281    304    278    335    633    661    632    641    658    670    615    646  
  465    485    471    495    491    468    448    476    498    473    336    339    324    318    319    335    313    313    328    313    306    320    325    347    352    351    366    368    365    363   1072   1082   1073   1088   1076   1076   1061   1062   1071   1037   1073   1076   1074   1067   1071   1100   1107   1050   1045   1037   1105     38      9     29      0     32     59     26     59      5     40     25    313    353    373    326    365    383    354    331    317    709    706    320    305    303    264    280    306    286    260    255    290    282    280    241    287    262    259    283    258    313    604    632    603    612    630    641    587    617  
  467    487    474    499    496    473    451    482    500    476    365    366    352    346    349    364    340    341    355    340    335    348    353    377    382    381    396    398    395    393   1092   1103   1094   1109   1097   1097   1081   1084   1092   1058   1094   1097   1095   1087   1092   1121   1128   1071   1067   1057   1126     18     27      7     32      0     33     16     35     31     13     33    343    382    403    356    395    413    384    362    347    741    737    346    334    329    292    307    333    312    286    284    314    309    306    268    312    291    287    310    284    341    634    662    633    642    659    671    616    647  
  443    465    451    478    475    451    429    463    477    455    394    397    382    376    377    393    370    371    386    371    364    378    383    405    410    409    424    425    423    421   1125   1135   1126   1141   1130   1130   1114   1116   1125   1091   1126   1130   1128   1120   1125   1154   1161   1104   1099   1090   1159     21     50     40     59     33      0     33     53     55     40     44    371    411    430    384    423    441    412    388    374    765    761    378    363    360    322    338    364    343    317    313    346    340    337    299    344    320    317    340    315    371    644    674    644    653    670    684    626    658  
