60

    0     13     49     27     29      7      7     33      5      2     27     36     19    692    710    739    674    701    660    734    697    687    657    694    696    690    660    699    676    698    736    888    916    891    894    925    591    604    635    635    583    649    631    581    655    601    605    611    599    584    629    636    611    617    616    572   1469   1491   1444   1484  
   13      0     44     31     31     20     19     38     16     12     40     27     32    704    721    750    686    712    672    746    709    699    669    705    708    702    671    710    687    710    747    897    925    900    904    934    603    616    647    647    595    661    643    593    667    612    616    623    611    597    641    648    623    629    627    584   1475   1498   1451   1491  
   49     44      0     32     28     51     53     34     47     50     65     22     63    733    750    780    714    742    702    774    738    729    697    736    737    730    700    739    717    738    776    879    905    882    886    915    603    618    647    648    596    662    643    596    667    613    616    623    610    601    643    646    622    630    627    586   1447   1468   1423   1462  
   27     31     32      0      4     26     27      8     23     28     35     32     34    702    719    749    683    711    671    743    707    698    666    705    706    699    669    708    686    707    745    868    896    872    875    906    581    595    625    626    574    639    621    573    645    591    594    601    589    577    620    625    601    608    605    563   1445   1468   1421   1461  
   29     31     28      4      0     29     30      9     26     30     38     30     37    706    723    753    686    715    674    747    710    701    670    708    709    703    672    712    689    710    749    869    896    872    876    906    583    597    627    628    576    641    623    575    647    593    596    603    591    579    622    627    602    610    607    565   1445   1467   1421   1460  
    7     20     51     26     29      0      2     31      5      8     21     41     13    687    705    734    669    696    655    729    692    682    652    689    691    685    655    694    671    693    730    882    910    885    889    920    585    598    628    629    576    642    625    575    649    594    598    604    593    578    623    630    604    611    609    565   1464   1487   1440   1480  
    7     19     53     27     30      2      0     33      6      7     21     41     13    687    704    733    668    695    655    728    692    682    652    689    691    685    654    693    670    693    730    884    912    887    890    921    586    599    629    629    577    643    626    575    649    595    599    605    594    579    623    631    605    611    610    566   1466   1488   1441   1481  
   33     38     34      8      9     31     33      0     29     34     36     38     37    700    717    747    681    709    669    741    705    696    664    703    704    697    667    706    684    704    744    861    889    864    868    898    575    589    619    620    568    633    615    567    639    584    588    594    582    571    614    619    594    602    599    557   1438   1460   1414   1453  
    5     16     47     23     26      5      6     29      0      6     25     36     18    692    709    738    674    701    660    734    697    687    657    694    696    690    659    698    675    698    735    884    912    887    890    921    588    601    632    632    579    646    628    578    652    597    601    608    596    581    626    633    608    614    612    569   1464   1487   1440   1480  
    2     12     50     28     30      8      7     34      6      0     28     36     20    692    710    739    674    701    661    734    697    688    658    694    696    690    660    699    676    699    736    889    917    892    895    926    592    605    636    636    583    650    632    582    656    601    605    612    600    585    630    637    612    618    616    573   1470   1492   1445   1485  
   27     40     65     35     38     21     21     36     25     28      0     59     10    670    687    716    651    678    638    711    674    665    634    672    673    667    636    676    653    675    713    867    895    870    873    904    565    578    609    609    556    623    605    555    629    574    579    585    573    558    603    610    585    591    589    545   1452   1476   1428   1468  
   36     27     22     32     30     41     41     38     36     36     59      0     53    727    745    774    709    736    696    769    732    723    692    729    731    725    695    734    711    733    771    895    922    898    902    932    613    626    657    657    605    671    652    604    677    622    625    632    620    608    651    656    632    639    637    595   1467   1488   1443   1482  
   19     32     63     34     37     13     13     37     18     20     10     53      0    674    692    721    656    683    643    716    679    670    639    676    678    672    642    681    658    680    718    876    905    879    882    914    574    587    618    618    565    632    615    564    638    584    588    594    582    567    612    620    594    600    599    554   1461   1484   1437   1477  
  692    704    733    702    706    687    687    700    692    692    670    727    674      0     23     48     46     10     34     51     19     10     47     14     21     25     46     27     17     50     44    912    953    917    907    946    497    483    500    493    472    498    513    460    506    498    509    503    510    442    482    530    512    484    507    462   1556   1594   1533   1576  
  710    721    750    719    723    705    704    717    709    710    687    745    692     23      0     40     46     20     55     29     14     32     56     32     15     23     54     16     38     38     28    906    947    912    902    940    495    481    496    489    471    494    510    458    501    496    507    500    508    440    478    527    509    481    504    461   1549   1588   1526   1569  
  739    750    780    749    753    734    733    747    738    739    716    774    721     48     40      0     86     39     79     43     52     52     93     45     54     62     91     56     64     75     17    943    984    949    938    976    533    519    533    526    510    531    548    497    539    534    545    538    546    478    516    565    548    519    542    500   1584   1623   1562   1604  
  674    686    714    683    686    669    668    681    674    674    651    709    656     46     46     86      0     53     53     62     34     52     21     59     32     24     18     31     44     25     73    866    907    872    862    900    451    438    454    447    427    452    467    414    460    452    464    457    464    396    436    485    466    438    461    417   1510   1549   1488   1530  
  701    712    742    711    715    696    695    709    701    701    678    736    683     10     20     39     53      0     42     47     22     15     55     13     24     30     55     29     26     53     36    918    959    924    914    952    504    491    506    499    480    505    520    467    513    505    517    510    517    449    489    537    519    491    514    470   1562   1600   1539   1582  
  660    672    702    671    674    655    655    669    660    661    638    696    643     34     55     79     53     42      0     84     46     28     40     34     47     46     42     52     18     70     77    908    949    914    904    943    488    476    494    488    464    494    507    451    502    490    502    496    502    434    477    525    505    478    500    453   1554   1592   1532   1575  
  734    746    774    743    747    729    728    741    734    734    711    769    716     51     29     43     62     47     84      0     39     60     77     59     39     44     75     36     66     42     26    903    944    909    898    936    497    482    495    488    474    492    510    461    500    497    509    501    510    442    478    527    510    482    505    465   1543   1582   1521   1564  
  697    709    738    707    710    692    692    705    697    697    674    732    679     19     14     52     34     22     46     39      0     28     42     32      3     11     41      8     29     32     41    898    938    903    893    931    484    471    486    479    461    484    500    448    492    485    497    490    498    429    469    517    499    471    494    451   1541   1579   1518   1561  
  687    699    729    698    701    682    682    696    687    688    665    723    670     10     32     52     52     15     28     60     28      0     49      9     30     34     49     36     14     59     50    917    958    923    913    951    501    488    505    498    477    503    518    464    511    502    514    507    514    446    487    535    516    489    512    466   1562   1600   1539   1582  
  657    669    697    666    670    652    652    664    657    658    634    692    639     47     56     93     21     55     40     77     42     49      0     57     41     34      3     42     37     45     83    870    911    876    866    905    452    440    457    450    428    456    470    415    464    454    466    459    466    398    439    487    468    441    464    418   1516   1554   1493   1536  
  694    705    736    705    708    689    689    703    694    694    672    729    676     14     32     45     59     13     34     59     32      9     57      0     34     39     57     39     22     63     45    924    965    930    920    959    509    496    512    505    484    511    526    472    519    510    521    515    522    454    494    543    524    496    519    474   1569   1607   1546   1589  
  696    708    737    706    709    691    691    704    696    696    673    731    678     21     15     54     32     24     47     39      3     30     41     34      0      8     39      7     30     30     43    895    936    901    891    929    482    469    484    477    458    482    498    445    490    483    495    488    495    427    466    515    497    469    492    449   1539   1577   1516   1559  
  690    702    730    699    703    685    685    697    690    690    667    725    672     25     23     62     24     30     46     44     11     34     34     39      8      0     32      9     30     26     51    888    929    894    884    922    475    461    477    470    451    475    490    438    483    476    487    480    488    420    459    508    489    461    484    441   1532   1570   1509   1552  
  660    671    700    669    672    655    654    667    659    660    636    695    642     46     54     91     18     55     42     75     41     49      3     57     39     32      0     40     37     42     82    869    910    875    865    904    452    439    456    449    428    455    470    415    463    454    465    459    465    397    439    487    468    440    463    418   1515   1553   1492   1535  
  699    710    739    708    712    694    693    706    698    699    676    734    681     27     16     56     31     29     52     36      8     36     42     39      7      9     40      0     36     24     43    891    932    897    887    925    479    465    480    473    455    478    494    442    486    480    491    485    492    424    463    511    494    466    489    446   1534   1573   1512   1555  
  676    687    717    686    689    671    670    684    675    676    653    711    658     17     38     64     44     26     18     66     29     14     37     22     30     30     37     36      0     55     61    906    947    912    902    941    489    476    493    486    465    492    507    452    500    490    502    496    502    434    476    524    505    477    500    454   1552   1590   1529   1572  
  698    710    738    707    710    693    693    704    698    699    675    733    680     50     38     75     25     53     70     42     32     59     45     63     30     26     42     24     55      0     60    869    910    875    864    903    459    445    459    452    435    457    473    422    464    460    471    464    472    404    442    490    473    445    468    426   1511   1550   1489   1532  
  736    747    776    745    749    730    730    744    735    736    713    771    718     44     28     17     73     36     77     26     41     50     83     45     43     51     82     43     61     60      0    927    968    933    922    960    518    504    518    511    495    515    532    482    523    519    530    523    531    463    500    549    532    504    527    485   1567   1607   1545   1588  
  888    897    879    868    869    882    884    861    884    889    867    895    876    912    906    943    866    918    908    903    898    917    870    924    895    888    869    891    906    869    927      0     41      6     15     39    428    436    415    422    452    415    403    464    407    424    413    417    414    480    433    386    409    433    412    465    651    687    627    670  
  916    925    905    896    896    910    912    889    912    917    895    922    905    953    947    984    907    959    949    944    938    958    911    965    936    929    910    932    947    910    968     41      0     36     48     22    468    476    456    462    492    456    443    505    447    464    453    457    454    520    473    426    449    473    452    505    611    646    587    630  
  891    900    882    872    872    885    887    864    887    892    870    898    879    917    912    949    872    924    914    909    903    923    876    930    901    894    875    897    912    875    933      6     36      0     19     35    434    442    421    427    458    421    408    470    412    430    418    422    419    486    438    391    414    438    417    470    645    681    622    665  
  894    904    886    875    876    889    890    868    890    895    873    902    882    907    902    938    862    914    904    898    893    913    866    920    891    884    865    887    902    864    922     15     48     19      0     39    426    434    412    418    450    411    400    462    403    422    411    414    412    478    429    383    406    430    409    463    653    689    630    673  
  925    934    915    906    906    920    921    898    921    926    904    932    914    946    940    976    900    952    943    936    931    951    905    959    929    922    904    925    941    903    960     39     22     35     39      0    465    472    450    457    489    450    439    501    441    461    449    453    451    516    468    422    445    468    448    502    614    651    591    634  
  591    603    603    581    583    585    586    575    588    592    565    613    574    497    495    533    451    504    488    497    484    501    452    509    482    475    452    479    489    459    518    428    468    434    426    465      0     21     45     47     25     59     41     38     65     10     17     20     15     56     45     51     23     32     25     37   1078   1114   1055   1098  
  604    616    618    595    597    598    599    589    601    605    578    626    587    483    481    519    438    491    476    482    471    488    440    496    469    461    439    465    476    445    504    436    476    442    434    472     21      0     32     31     23     45     37     31     52     16     27     20     29     44     26     52     29     14     25     37   1086   1122   1063   1106  
  635    647    647    625    627    628    629    619    632    636    609    657    618    500    496    533    454    506    494    495    486    505    457    512    484    477    456    480    493    459    518    415    456    421    412    450     45     32      0      8     55     15     16     62     21     36     36     27     41     71     18     32     31     22     24     68   1064   1100   1041   1084  
  635    647    648    626    628    629    629    620    632    636    609    657    618    493    489    526    447    499    488    488    479    498    450    505    477    470    449    473    486    452    511    422    462    427    418    457     47     31      8      0     54     14     23     59     22     38     40     30     46     66     12     40     36     19     29     66   1070   1107   1047   1090  
  583    595    596    574    576    576    577    568    579    583    556    605    565    472    471    510    427    480    464    474    461    477    428    484    458    451    428    455    465    435    495    452    492    458    450    489     25     23     55     54      0     68     58     13     75     29     40     38     39     32     47     72     45     35     44     14   1102   1138   1079   1122  
  649    661    662    639    641    642    643    633    646    650    623    671    632    498    494    531    452    505    494    492    484    503    456    511    482    475    455    478    492    457    515    415    456    421    411    450     59     45     15     14     68      0     28     72     10     50     51     41     56     79     23     40     46     33     39     80   1063   1100   1040   1083  
  631    643    643    621    623    625    626    615    628    632    605    652    615    513    510    548    467    520    507    510    500    518    470    526    498    490    470    494    507    473    532    403    443    408    400    439     41     37     16     23     58     28      0     67     28     32     28     22     33     80     32     18     21     30     17     72   1052   1089   1029   1072  
  581    593    596    573    575    575    575    567    578    582    555    604    564    460    458    497    414    467    451    461    448    464    415    472    445    438    415    442    452    422    482    464    505    470    462    501     38     31     62     59     13     72     67      0     81     41     52     49     52     19     50     82     56     41     54     11   1115   1150   1091   1134  
  655    667    667    645    647    649    649    639    652    656    629    677    638    506    501    539    460    513    502    500    492    511    464    519    490    483    463    486    500    464    523    407    447    412    403    441     65     52     21     22     75     10     28     81      0     55     54     46     60     87     32     37     49     40     42     88   1054   1091   1031   1074  
  601    612    613    591    593    594    595    584    597    601    574    622    584    498    496    534    452    505    490    497    485    502    454    510    483    476    454    480    490    460    519    424    464    430    422    461     10     16     36     38     29     50     32     41     55      0     12     11     13     57     37     43     16     25     17     43   1074   1110   1051   1094  
  605    616    616    594    596    598    599    588    601    605    579    625    588    509    507    545    464    517    502    509    497    514    466    521    495    487    465    491    502    471    530    413    453    418    411    449     17     27     36     40     40     51     28     52     54     12      0     11      6     69     43     35      7     32     13     54   1063   1099   1040   1082  
  611    623    623    601    603    604    605    594    608    612    585    632    594    503    500    538    457    510    496    501    490    507    459    515    488    480    459    485    496    464    523    417    457    422    414    453     20     20     27     30     38     41     22     49     46     11     11      0     16     64     32     34     10     22      6     52   1067   1103   1043   1086  
  599    611    610    589    591    593    594    582    596    600    573    620    582    510    508    546    464    517    502    510    498    514    466    522    495    488    465    492    502    472    531    414    454    419    412    451     15     29     41     46     39     56     33     52     60     13      6     16      0     69     47     39     12     36     18     52   1064   1100   1041   1084  
  584    597    601    577    579    578    579    571    581    585    558    608    567    442    440    478    396    449    434    442    429    446    398    454    427    420    397    424    434    404    463    480    520    486    478    516     56     44     71     66     32     79     80     19     87     57     69     64     69      0     56     95     72     50     69     26   1130   1166   1107   1150  
  629    641    643    620    622    623    623    614    626    630    603    651    612    482    478    516    436    489    477    478    469    487    439    494    466    459    439    463    476    442    500    433    473    438    429    468     45     26     18     12     47     23     32     50     32     37     43     32     47     56      0     49     40     14     33     58   1081   1118   1058   1101  
  636    648    646    625    627    630    631    619    633    637    610    656    620    530    527    565    485    537    525    527    517    535    487    543    515    508    487    511    524    490    549    386    426    391    383    422     51     52     32     40     72     40     18     82     37     43     35     34     39     95     49      0     28     47     28     85   1035   1072   1012   1055  
  611    623    622    601    602    604    605    594    608    612    585    632    594    512    509    548    466    519    505    510    499    516    468    524    497    489    468    494    505    473    532    409    449    414    406    445     23     29     31     36     45     46     21     56     49     16      7     10     12     72     40     28      0     31      8     58   1059   1095   1035   1078  
  617    629    630    608    610    611    611    602    614    618    591    639    600    484    481    519    438    491    478    482    471    489    441    496    469    461    440    466    477    445    504    433    473    438    430    468     32     14     22     19     35     33     30     41     40     25     32     22     36     50     14     47     31      0     24     48   1082   1118   1059   1102  
  616    627    627    605    607    609    610    599    612    616    589    637    599    507    504    542    461    514    500    505    494    512    464    519    492    484    463    489    500    468    527    412    452    417    409    448     25     25     24     29     44     39     17     54     42     17     13      6     18     69     33     28      8     24      0     58   1062   1098   1039   1081  
  572    584    586    563    565    565    566    557    569    573    545    595    554    462    461    500    417    470    453    465    451    466    418    474    449    441    418    446    454    426    485    465    505    470    463    502     37     37     68     66     14     80     72     11     88     43     54     52     52     26     58     85     58     48     58      0   1115   1151   1092   1135  
 1469   1475   1447   1445   1445   1464   1466   1438   1464   1470   1452   1467   1461   1556   1549   1584   1510   1562   1554   1543   1541   1562   1516   1569   1539   1532   1515   1534   1552   1511   1567    651    611    645    653    614   1078   1086   1064   1070   1102   1063   1052   1115   1054   1074   1063   1067   1064   1130   1081   1035   1059   1082   1062   1115      0     48     25     22  
 1491   1498   1468   1468   1467   1487   1488   1460   1487   1492   1476   1488   1484   1594   1588   1623   1549   1600   1592   1582   1579   1600   1554   1607   1577   1570   1553   1573   1590   1550   1607    687    646    681    689    651   1114   1122   1100   1107   1138   1100   1089   1150   1091   1110   1099   1103   1100   1166   1118   1072   1095   1118   1098   1151     48      0     64     28  
 1444   1451   1423   1421   1421   1440   1441   1414   1440   1445   1428   1443   1437   1533   1526   1562   1488   1539   1532   1521   1518   1539   1493   1546   1516   1509   1492   1512   1529   1489   1545    627    587    622    630    591   1055   1063   1041   1047   1079   1040   1029   1091   1031   1051   1040   1043   1041   1107   1058   1012   1035   1059   1039   1092     25     64      0     43  
 1484   1491   1462   1461   1460   1480   1481   1453   1480   1485   1468   1482   1477   1576   1569   1604   1530   1582   1575   1564   1561   1582   1536   1589   1559   1552   1535   1555   1572   1532   1588    670    630    665    673    634   1098   1106   1084   1090   1122   1083   1072   1134   1074   1094   1082   1086   1084   1150   1101   1055   1078   1102   1081   1135     22     28     43      0  

    0      0     22      0      0      0      0      0      0      0      0      0  12704      2      0      0      0      0      0     13   1587     39      0      0      0      0      0      0      2      0      0      0      0   1666      0      0      0    354      0     25      0      0      0     22      7      0      0      0  60760      0      0      0  10431      0      0      0      0      0      0    265  
    0      0      0      0      0      0      0   1321      0      0   1066      0      0      0      0      0      0  73611      0      1    238      0      0      0      0  79284      0      0      0      0      0      0      0      0      0      0      0      0      0      0      0      0    363      0      0      0    316      0      0      0      0      0      0      0   2331      0      0     28      0      0  
    0      0      0  29848      0      0      0      0      0      0    429      0      0      0    886     97      0      0  39149      0      0      0      0      0  76291      0      0      0      0      0      0      0      0      0     17   1147      0      0    218      0    101      0      0      0     14      0      0      0      0      0      0      0      0   3065      0     35      7      0      0      0  
    0    482      0      0      0      0      0   4404   1551   4167      0      0      0      0      7      4   1003      0      1      0      0      0      0      0      1      0      0      0      0     21      0      0      0      0      0    954      0     18      0   5872      0      0      0      0   4447      0      0      0    997      0  77285  21724      0      0      0      0      0      0      0      0  
 5562      0      0      0      0      0      3      0      0  22579      0      0  16175    804      0      0      0      0      0      0      0      0     18      2      0      0      0      0      0      0      3      8      1      0      5      0      5  13704   1840      0      0      0      0      0      0      0      0  94127      0      0   4184      0      0      0     55      0      0      0      0      0  
    0      0   2194      0      0      0      4      0   3090   5488   1666      0    130      0      0      0      0      0  67383      0    309  14572    474      0    292      0      0      8     38      0      2      0      0      0      0      0      0      0      0      0      0     52     38      0      0      0      0      0      0   1121      0      0      0      0      0      0      0     24   1129      0  
    0      0      0      0      0      0      0      0      0      0     77      0      0     54  10488      0      0      0      0     70      0    293      0      0   1675      0      0      0      0      0    262      0      0      0     83      0      0     79      0      0      0  58813    177    435      0      0      0     13      0      0      0      0      0      0      0   2002      0      0      0      0  
  111   1960      0   9048      0      0      0      0   1649      0      0      0      0     28      0     44      0      0    116  31823      0      0   4956      0      0      0      0      2      0      0      0    118      0     12   2429      0    883      0      0      0      0      0      0      0      0      0      0  13709      0      0      0   2509      0      0    392      0      0      0      0      0  
  101      0      0      0      0  62117     29      4      0  13410      0      0  17480      0      0      0      0      0     13      0      0      0      0      0      0   4215      0      0    178   4070      0      0   3906      0      0   3806     20      0      0      0      0      0      0     16      0      0      0      0      0      0      0      0      4      0      0     10      0      0      0      0  
    0      0      0      0   5228      0  33825   1192      2      0    110   9171      0     10      0      0      0      0      1      0      0      0      0      0      0      0      0      3      0   8786      0  13171      0      7      0      0      0      0      0      0      0      4      0      0      0      0      0      0      0      0      0      0      0      0      0      0      0      0      0      0  
    0      0      0      0      0      0      0      0      0      1      0      0      0      0      0    241  32681  61260      0      0      2      0      0      0      0      0  27238  52106      3      0      0      0      0   9153      0      0  92315   5318      0   5996    635      0      0      0      0      0      0      0   5777      0   1534      0      0      0      0      0      0      0     78  30261  
    0      0      0      1     67      0      0      0      0   3150      0      0      0      0      0      0      0      0     44     10      0      0      0      0      0      0      0      0     73      0      0      0      0      3   6998      0      0      0      0      0      0      0      0      0      1      0      0  30023      0      0      0      0      0    272      0      0      0      0      0    211  
    2      0      0      0      0      0      0      0      0      0      0      0      0      0  18876      0      0      0      0  13077     89      0      0    190      0   1525     10      0      0  36616      0      0      0      0    401      0      0      0   1807      0  13827    106      0      0      0      0      0      0      0      0      0      0      0      0      0      0    132      0    244  79797  
    0      0      0      0      0      0      3      0     94      0      0      0      0      0      0      0      0      0      5      0      2      0      0      0      0  81759      0      0      0      0      0      0      0      0      0     68      0      0     29      0      0      0     88      0      0      0      0      0      0      0    329      0      0      0      0      0      0      0      0      0  
    0      0      0      0      0      0      0   2461      0      0    408      0     48      0      0      0      0      0      0      0      0      0      0     13     48      0      0      0      0   1505      0      0      0      0      0   5420      0      0      0      0   4282      0      0      0      0      0     23      0      0      0     19      0      0   4556      0      0  60387      1     15      0  
20441      7      0      0      0      0      0      0      0      0      0    926      0      0      0      0      0      0      0    178      0      0      0  10636      7      0      0      0      3      0     84      0      0      0      0      0      0      0      0      0     22      0      2      0      0      0      0      0      0      0      0      0      0      0      0      0  77504      0    635     50  
    0      0      0      0  25748      0      0      0      0      0  14261      0      0      2     28     77      0   3237    383      0   2213      0      0      0      8      0      0      0      0      0    133      0      0      0      0      0    250    207   1132  21371      0      0      1      0      0   6593   6931  59520      0      0      0      0      0      0      0     12      0      0  76443      0  
    0      0      0      0      0      0      0  12920     60      0      0      0      0  24074      0  13364      0      0      0      0      0     24  39718      7      0      0    223      0      0      0      0      0   4140      0      0   1947      0   7198      0     86      0      0    463      0      0      0      0     38      0      0  26986      0    728      0      0      0      0      8    104      0  
    0      0      0    995      0      0      0   6089      0      0      0      0      0      0      0      0      0     73      0     44    240  84288      0      0      0      0      0    177  16464      0      0      0      1      0      0      0      0      0      0      0      0   1383      0     28    534      0      0  15910      0      0    321      0      0      0     14      0      0      0      0      0  
   31    839    283      0      0   1683      0      0      0      0      0      0      0      0      0   5277      0    565      0      0      0      3      0      0      0      0      0      0      0      0      0      0      0  85870     12      0      0      0      0      0      0      0     72      0     89    103      0      0   5041      0      0      0      0      0      0   6632      1      0      0      0  
    0      0     51      3      0      0      0      8      0      0      0  54992      0      0      0      0      0    153      0      0      0      0      0      0      0      0  28726      0      0      0      1    658     15      0  22334      0    221      0      1    159  10725      0      0      0  47447    385      0  18822  11788      0      0      0      0      0     13      0      0      0      0      1  
    0   2573   7982      2      0      0      4  17219      0      0      0  27635      0      1     19      0      0      0      0      0      0      0      1  14857      0      0      0      0      0      0   9996      1      0      0    131      0      0  23836      0      0     94      0      0      0      0      0      0      0      0      0   4932      0      0      0      0      0      0     73      0      0  
    0      0  15770      0      0    298      0      0      0    938   1531   1241   9766      0      0      0   3146      0      0  12594      0      0      0      0      0      0      0      0      0      1  29222      0      0      0      0      0   4970      0      0      0      0  22648      0      3     47      0      0   6085     14      0    945      0      0      0     48      0      0      0      0      0  
    0      0      0      0      0      0    766      0      0   7129      0      0      0      0      0  84790      0     28    833      0      1      0     26      0      0      0      1      0   4641      0      0     19      0      3      0      1      0      0      0      0      0   4605      0      0      0      0      0      0      0      0      0   5079      0      1      0      0      0      0      0     61  
    0      0      5  70053    710      0      0     18     41      0    104      0      0      0      0  63354      0   2653      9      0     19      0      0   5848      0      0      0      0      0      0      0     75     10      0      0      0      0      0    111      0      0      0  74809      0      0      0      0      0      0      0      1      0      0      0      0      0      0      0      0      0  
12442      0      0      0      0      0   2047      0      0      0   6147     15      0      0      0      0      0      0      0     22     66      0     20      0     25      0      0      0      0      0      9   3851      0      0      0      0     31    318      0      0    235    119      0      0      0      0      0      0      0      0   1368      0      0     16     16   3176      0      0      0      0  
    0      0     31      0      0      0      6      0      0      0      0      0      0      0  94122      1      0      0      0      0      0      0      0      0      0      0      0  64370      0      0      0     22      0      0   7922      0  76355   1322      0  12176      0      4      0      0      0      0      0    497      0      0      0      2      0      0      0      0      0   1637      0  12419  
    0      0      0  56758      0      0      0      0      0      0      0      0      0   2264      0    439      0     37      0      0     10      0      0      0      0    520      0      0    773      0      0      0      0      0      0      2      0    102      0      0    490      0  51615      0      0      0      0      0      0      0      0      0      0      0      0      0      0      0      0     52  
    0   4324    961      0      0      0      0      0      0      0      0      0      0      0      0      0      0      0  52540      0      0      0    365      0      0      0      0      0      0      0      0      0      0      0      0      0      0   4392  15414  17834      0      0      0      0     85      0      0      0   2151      0      0      0   2182      0      0  10781  15496      0      0      0  
    0      0      0    238    207    471      0      0      0      0      0      0      0      0      0      0      0      5   1744      0      0      0      0      0      0      0      0      0      0      0    464      0      0      0      0      0      0      0      8      0      0      0      0   5343      0      0      0      0      0    172      0      0      0  39682      0      0      0      0      0      0  
    0      0      0      2  35820      0      0      0      0      0      0      0      0      0   2005      0      0     51    864      0      0      0      1      0    974      0      1      0      0      0      0      0      0  19040      0      0    589      0      0   4049  77282      0      0      0      0  16810     17      0      0      0    448      0    229      0      0      0      0      0      0      0  
  327      7      0      0   6240      0      0      5      0      0     20      0    456      0      0    306      0    281      0      0      0      0      0      0      6      0      0   7105      0      0      0      0      0  23060      0      0      0      0      0      0      4      0      0      0   2224      0  46263      0  70887      1      1      0    611  11099      0      0      0      0      0      0  
    0   5336      0      0      0      0      1      0      0      0      0  14398      0      0      0      0      0      0      0      4     22      0      0      0      0      0      0    558      5      0      0      0      0      0      1      0    590     29      0   6047      0      0   8355      8      0      0      0      0      0      0    584      0     18     32      0      0      0      0      2      0  
    0      0      0      0      0      0      0      0      0      0      0      0     51      0      0      0      0      0      0      0      0      0      0      0      0      0      5     25      0    134      0      0      0      0      0      0      0      0   3309      0      7      0      0      0      0      0      0      0      7      0      0   2546   2710   4416      0      0      0      0    271      0  
    0      0      0      0      1      0      0      0      0    539      0  33311      0      0     17      0      0     61      0      0      0      0      0      0   5333      0      0      0     10      0      0      0      0      0      0      0      0      0      0      0     67      0      3      0      0      0      0      0      0      0      0      0      0      0      0      0      1     49  41894      0  
