50

  0   13   26   29   22   21   28   29    8  176  176  182  163  185  193  166  200  211  143  108  141  127  136  141  130  127  138  138  110  145  144  126  125  138  137  126  103  122  145  142  110  131  114  134  170  184  185  164  187  203  
 13    0   23   29   36   34   38   42    8  181  181  187  171  190  200  172  205  218  138  106  136  126  133  137  127  125  134  137  105  145  139  120  123  136  135  124  101  120  143  137  105  130  110  143  183  197  198  177  200  216  
 26   23    0    9   41   43   31   43   28  202  202  208  190  211  219  192  226  237  159  128  158  149  156  159  149  147  156  160  127  168  160  141  145  158  157  147  123  143  166  158  127  153  132  160  184  197  199  181  203  217  
 29   29    9    0   38   43   25   39   33  205  205  211  191  214  221  195  229  239  167  135  166  155  162  166  156  154  163  166  134  173  168  149  152  165  164  153  130  149  172  166  134  159  139  160  177  190  193  176  197  211  
 22   36   41   38    0    9   20    8   30  173  172  179  156  182  186  161  196  203  156  119  153  135  146  153  139  137  149  145  123  152  158  141  133  147  146  134  112  130  154  156  124  138  126  123  148  161  163  142  165  180  
 21   34   43   43    9    0   27   17   27  165  165  171  149  175  179  154  188  196  148  110  145  127  137  144  131  128  140  136  114  143  149  133  125  138  137  126  104  121  146  147  116  129  118  117  150  165  165  144  166  183  
 28   38   31   25   20   27    0   16   36  192  192  199  175  202  206  180  215  222  170  134  168  152  162  168  155  153  164  162  137  170  172  154  150  163  162  151  128  147  171  169  138  155  141  141  153  166  169  151  172  186  
 29   42   43   39    8   17   16    0   37  178  178  184  160  188  190  165  201  207  164  127  162  143  154  161  147  145  157  152  131  160  166  149  141  155  154  142  120  138  162  164  132  145  135  125  142  156  157  138  160  175  
  8    8   28   33   30   27   36   37    0  174  173  180  163  183  192  165  198  210  135  102  134  122  129  134  123  121  131  132  102  140  137  119  119  132  131  120   97  116  139  135  103  125  107  135  177  191  192  170  193  210  
176  181  202  205  173  165  192  178  174    0    3    7   32   11   30   18   24   48  128  107  121   89  101  116  102  101  111   81  123   79  129  137   95   96   95   92  106   93   94  130  127   82  118   72  204  217  206  180  196  220  
176  181  202  205  172  165  192  178  173    3    0    7   34   10   32   20   24   50  125  105  118   87   98  113   99   99  109   78  121   76  126  135   92   94   93   90  104   91   92  128  125   80  116   73  206  219  208  181  198  221  
182  187  208  211  179  171  199  184  180    7    7    0   39    4   31   25   19   48  128  109  121   91  101  116  103  103  111   81  125   79  129  138   96   97   96   93  109   95   95  130  129   84  120   79  211  224  213  187  203  226  
163  171  190  191  156  149  175  160  163   32   34   39    0   42   30   14   47   47  144  115  137  102  117  132  116  115  127   97  132   97  146  150  107  113  112  105  112  104  113  146  136   96  128   42  173  185  174  148  164  187  
185  190  211  214  182  175  202  188  183   11   10    4   42    0   32   29   16   48  129  111  122   92  102  117  104  104  112   83  127   80  130  140   98   98   97   95  111   96   95  131  130   85  122   82  215  228  216  190  206  229  
193  200  219  221  186  179  206  190  192   30   32   31   30   32    0   28   25   19  157  134  150  118  130  145  131  130  140  110  151  108  158  166  123  126  125  121  133  121  124  160  155  111  146   71  195  207  194  170  184  206  
166  172  192  195  161  154  180  165  165   18   20   25   14   29   28    0   37   47  134  108  127   93  107  122  107  106  117   87  125   86  136  141   99  103  102   96  106   96  102  137  129   87  121   54  186  199  188  161  178  201  
200  205  226  229  196  188  215  201  198   24   24   19   47   16   25   37    0   35  144  127  137  108  118  132  120  120  128   98  143   95  145  155  114  113  113  111  127  113  111  147  147  101  138   89  218  231  218  193  208  231  
211  218  237  239  203  196  222  207  210   48   50   48   47   48   19   47   35    0  175  154  169  137  148  163  149  149  159  128  170  126  176  185  142  144  143  139  152  140  142  178  174  130  165   84  200  211  198  175  187  209  
143  138  159  167  156  148  170  164  135  128  125  128  144  129  157  134  144  175    0   42    7   43   28   12   29   31   17   48   34   49    2   20   39   32   33   41   48   42   34    3   33   48   30  154  269  284  277  251  273  295  
108  106  128  135  119  110  134  127  102  107  105  109  115  111  134  108  127  154   42    0   37   23   27   35   21   19   31   35   17   42   43   37   18   30   29   20    7   17   37   42   21   29   14  117  227  242  236  209  232  254  
141  136  158  166  153  145  168  162  134  121  118  121  137  122  150  127  137  169    7   37    0   36   21    5   23   24   10   41   31   42    8   23   32   25   26   34   44   36   27    9   31   41   27  147  263  278  272  245  267  289  
127  126  149  155  135  127  152  143  122   89   87   91  102   92  118   93  108  137   43   23   36    0   16   31   14   13   26   12   36   19   44   48    6   14   13    3   26    6   20   45   39    7   30  111  231  246  239  212  234  256  
136  133  156  162  146  137  162  154  129  101   98  101  117  102  130  107  118  148   28   27   21   16    0   16    6    9   10   20   32   23   29   38   14    5    5   15   33   18   11   30   35   21   26  127  247  262  255  228  249  272  
141  137  159  166  153  144  168  161  134  116  113  116  132  117  145  122  132  163   12   35    5   31   16    0   18   20    6   35   32   37   13   27   28   20   21   29   42   32   22   15   33   36   27  143  260  275  268  242  264  286  
130  127  149  156  139  131  155  147  123  102   99  103  116  104  131  107  120  149   29   21   23   14    6   18    0    2   13   22   27   26   31   36   10    9    9   11   27   14   17   31   30   20   21  125  242  257  250  223  245  268  
127  125  147  154  137  128  153  145  121  101   99  103  115  104  130  106  120  149   31   19   24   13    9   20    2    0   15   22   26   27   32   36    8   11   11   10   25   12   19   32   29   19   20  123  240  255  248  221  243  266  
138  134  156  163  149  140  164  157  131  111  109  111  127  112  140  117  128  159   17   31   10   26   10    6   13   15    0   30   30   33   19   29   22   15   16   24   37   26   18   19   31   31   24  137  255  270  263  236  258  280  
138  137  160  166  145  136  162  152  132   81   78   81   97   83  110   87   98  128   48   35   41   12   20   35   22   22   30    0   47    8   49   57   17   16   15   15   38   18   17   50   50    7   41  110  234  249  241  214  235  258  
110  105  127  134  123  114  137  131  102  123  121  125  132  127  151  125  143  170   34   17   31   36   32   32   27   26   30   47    0   53   35   22   30   37   36   33   21   31   43   33    4   42    6  133  239  254  249  223  245  267  
145  145  168  173  152  143  170  160  140   79   76   79   97   80  108   86   95  126   49   42   42   19   23   37   26   27   33    8   53    0   50   61   24   18   18   21   45   25   16   52   56   15   47  114  239  254  246  219  240  263  
144  139  160  168  158  149  172  166  137  129  126  129  146  130  158  136  145  176    2   43    8   44   29   13   31   32   19   49   35   50    0   21   40   33   34   42   50   44   34    3   34   50   32  155  270  285  279  252  275  297  
126  120  141  149  141  133  154  149  119  137  135  138  150  140  166  141  155  185   20   37   23   48   38   27   36   36   29   57   22   61   21    0   43   42   43   45   42   45   47   18   19   55   23  154  261  276  271  245  267  289  
125  123  145  152  133  125  150  141  119   95   92   96  107   98  123   99  114  142   39   18   32    6   14   28   10    8   22   17   30   24   40   43    0   14   13    3   22    4   21   40   33   13   24  115  233  248  241  214  236  258  
138  136  158  165  147  138  163  155  132   96   94   97  113   98  126  103  113  144   32   30   25   14    5   20    9   11   15   16   37   18   33   42   14    0    1   14   35   18    7   34   39   17   30  125  245  260  253  226  248  270  
137  135  157  164  146  137  162  154  131   95   93   96  112   97  125  102  113  143   33   29   26   13    5   21    9   11   16   15   36   18   34   43   13    1    0   13   34   17    8   35   39   16   30  123  244  259  252  225  246  269  
126  124  147  153  134  126  151  142  120   92   90   93  105   95  121   96  111  139   41   20   34    3   15   29   11   10   24   15   33   21   42   45    3   14   13    0   24    4   20   42   36   10   27  113  232  247  240  213  235  257  
103  101  123  130  112  104  128  120   97  106  104  109  112  111  133  106  127  152   48    7   44   26   33   42   27   25   37   38   21   45   50   42   22   35   34   24    0   20   43   49   25   31   20  112  220  235  230  203  226  247  
122  120  143  149  130  121  147  138  116   93   91   95  104   96  121   96  113  140   42   17   36    6   18   32   14   12   26   18   31   25   44   45    4   18   17    4   20    0   24   44   34   12   25  111  229  244  237  210  232  254  
145  143  166  172  154  146  171  162  139   94   92   95  113   95  124  102  111  142   34   37   27   20   11   22   17   19   18   17   43   16   34   47   21    7    8   20   43   24    0   36   46   21   37  127  250  265  257  230  252  274  
142  137  158  166  156  147  169  164  135  130  128  130  146  131  160  137  147  178    3   42    9   45   30   15   31   32   19   50   33   52    3   18   40   34   35   42   49   44   36    0   32   50   30  155  269  284  278  252  274  296  
110  105  127  134  124  116  138  132  103  127  125  129  136  130  155  129  147  174   33   21   31   39   35   33   30   29   31   50    4   56   34   19   33   39   39   36   25   34   46   32    0   46    9  137  242  257  252  226  249  270  
131  130  153  159  138  129  155  145  125   82   80   84   96   85  111   87  101  130   48   29   41    7   21   36   20   19   31    7   42   15   50   55   13   17   16   10   31   12   21   50   46    0   37  107  229  244  236  209  231  253  
114  110  132  139  126  118  141  135  107  118  116  120  128  122  146  121  138  165   30   14   27   30   26   27   21   20   24   41    6   47   32   23   24   30   30   27   20   25   37   30    9   37    0  131  240  255  249  223  245  267  
134  143  160  160  123  117  141  125  135   72   73   79   42   82   71   54   89   84  154  117  147  111  127  143  125  123  137  110  133  114  155  154  115  125  123  113  112  111  127  155  137  107  131    0  134  148  137  110  129  152  
170  183  184  177  148  150  153  142  177  204  206  211  173  215  195  186  218  200  269  227  263  231  247  260  242  240  255  234  239  239  270  261  233  245  244  232  220  229  250  269  242  229  240  134    0   15   17   26   27   33  
184  197  197  190  161  165  166  156  191  217  219  224  185  228  207  199  231  211  284  242  278  246  262  275  257  255  270  249  254  254  285  276  248  260  259  247  235  244  265  284  257  244  255  148   15    0   16   38   29   23  
185  198  199  193  163  165  169  157  192  206  208  213  174  216  194  188  218  198  277  236  272  239  255  268  250  248  263  241  249  246  279  271  241  253  252  240  230  237  257  278  252  236  249  137   17   16    0   27   13   18  
164  177  181  176  142  144  151  138  170  180  181  187  148  190  170  161  193  175  251  209  245  212  228  242  223  221  236  214  223  219  252  245  214  226  225  213  203  210  230  252  226  209  223  110   26   38   27    0   23   44  
187  200  203  197  165  166  172  160  193  196  198  203  164  206  184  178  208  187  273  232  267  234  249  264  245  243  258  235  245  240  275  267  236  248  246  235  226  232  252  274  249  231  245  129   27   29   13   23    0   23  
203  216  217  211  180  183  186  175  210  220  221  226  187  229  206  201  231  209  295  254  289  256  272  286  268  266  280  258  267  263  297  289  258  270  269  257  247  254  274  296  270  253  267  152   33   23   18   44   23    0  

  0    0   69   22   85    0   23   16   14    0   19   36    0   84   47    0   52   43   89   49    1   21   33    0   71   94   43    0    0    0   28   71   44   88   98    0   68    0    0    0    0   85    9    6    0   41   27   86    0   40  
 17    0    1   43   10    0   92    0   20    0    0   44    0   38   77   94   17   29   66   11   36   19   94   60    1    0   48    0    2   43   56   57   59    1    0    0   62    0   10   17    0   84    0   57   66    0   35    0    0   60  
 35   36    0   49    0    7   74    1   39    0   99   81   33   37    0    0   46   82   35    0    0   49   42    0   50   55    0   28   27   51   48    0   27   69   59    0    0    0   80   41   11    0    0   77   99    5    0   68   84   76  
 39    0   21    0    0    0   37    0    1   28    0   45   38    0    0   51   46   38    0    0    5    0    0    0   53   61    9   97    0    0    0    0    0    4    0   26    6    0   61   14   67   24   42   89   54    9   54    9   64   43  
 19   98   32    0    0    0   90   27    0   41   92   15    0   49   53   48    0   48    0    0    0    0   40   46    0   55    8   33   30   79    9   34    0    0   56    0    0   51   90   49   49   82   20    3    0   20   10    0   91    0  
  0   88   69   93   47    0   71    0   48   89    1    0   61    2    1   75   77   31   16   86    0    1   38   55   56   50   19    9   36   97    0    4   33    0   51    0   80    0   11   10    0   91    0   49   82   64   50   54   87   78  
  3   87   70   43   98   24    0   59    0   51   17    1   58    0    0    0   13    4    0   83    0   30   88    0   73   84   86   22    0    0   50   83    3   75   49    0   16   15    0    6   94    0   13    0   89    0    1    0   59   86  
 14    0   41    0    0    0   31    0    0   99   60   35   82    0    6    0    9   83   62   82    5    0   56    0    0    0   37   12   23   30    0   32    0   21   42    8   47    0    0    1    0   50   16   29   97   72   79   34    0   23  
 42   84   94   11   64    0   31   12    0    0   97   55   55    0   66   90   76    0   59   72    6    0   77    0   21   29   37   38   32    0    7   83   77   17   88    2    0    0   70    0   57   25   80   83   57    4   63    0   88    0  
 62    0    8    0   86    0   28    0   76    0    9   46    0   82    0   96    0   76    0   15   54   83   26   83    0   61   65   74    0    0   41   21   72   15    9   17   14   75   83    0    0    0    0   97   55   32   17   23   24    5  
  0   77    0   54    0   42   57   84   15   17    0    4   53   73   61   89   57   87   74   67   13   48   74   15   80   44    0   31   32   90    0   70   95   86    0   77    0    0   22   45    0    0   86    0    0   41    1    1   89   23  
 57   87    0    3   88   26    0   91    0   53   96    0   36   65    0    0    0    0    1   97   50    0   70   59    0   66    0   14   33   61   88   55   54   16    0    0    0    0   73    0    0   72   28    0   51    4   83   41    0    0  
  3   28   77   25    2   63   50   56   75    0   84    0    0   47    0   96    0    0    0   38   14   94   41   32    0   31   43   39    0   50    0   62   25   32   98   39   55   78   69    0    0    0    0   80   14    0    0   44    0   96  
  0   87   46   31   34   71   16   33   62   92    0   59   17    0   69    0   37   60   36    0    0   23    0   98   50    0   31    0   70   58    4   27    0   34   76    0   27   45   78   48    0   66   20   68   74    4   69   46    0   82  
 11   72    0   68   74   87   22    0    7    7   50    0    9   31    0    0   35   40   92   41   87   45   77   63    0    0    0   28   74    0    0    0    0   93   42   87   49   48    0   49    1   82   75    0    0   27   49    0   72   66  
 49    0   49   73   96    0    0    9   48   42   74    0   10    0    9    0   66   15   62    0    0   25    0    0    0   53   29    0   61   46    8    0   25    0    1   80   39   48    0   42    0   43   28   44   58   22   34   90    0    0  
  0    0   64   22   85   60   44    0   99   52    1   24   39   41   14   38    0    0   12   85   35   31    0   66   40   33   87   10   38    5   77   88   90   64   53    0    0   98   92   45   62   33   62   42    0   78   95   12   89    0  
 46    0   42    0    0   28   79   57   35    0   33   77   12    7   94    6    0    0   94    0   68    0   60   58   41   65    3   40    0   68    0   94   27   41   17    0   13    0    0    0    0    0   69   86    0    9    7   65   47    0  
 81   32   13   60    6   73    0    7    0   11    0    0   96    0    0   21    0    0    0   43   18   79    0    0   50    0    0   95    0    0    0    0    0   50   57    7    0   56   46   45    0    0    0   92   65    0    0    0   73    0  
  0   62    0    0   13    9   36   47   28    0    0   25    0   18   54    0   51   15    0    0   43    0    0   50   37   64    1    0   50   76    0    0   97   13   74   30    0    0    0    0   14   19   22   42    0    0   31   67   41   68  
 88   96   59   80   26    0   70   36   74    0    0   18   93   58   43    0   83   66   12   55    0   55    0   38    0    0    0    0   79    0   23   93   40    3   92    0   81    0   20   75    0   74    0    0   56    9   67   64   17    0  
 72   83   28    0    6   63   35   53    0    0   13   18   62   86   92    0   86    0   90    0    0    0    2   91    0   85   41   32    0   97   26    0   69   60   84    0   85    0    0   77   59    0   74   38    0   17   68    0   61    2  
  9   76   14    6    2    0    0    9    0    0   59    0   90    0   19    5   24   15   55    0   73    0    0    0   32   10   76   67   21   25   39    0    0    0   37    0    0   66    0   74    0   38    0   57   52    0   44   54   22    0  
 94    0    1    0   31   80    0    0    1   55    0   62    9   70   76   59    0   21    0   30   48   14   40    0   69    0    0    0   54    0    0    0   35   34   11   27    0   16    6   75    0    9    0   73    0   37   82   46   62   77  
 16   41   11   91    0    0   54    0   53    8    0   62   11   78    8   99    0   60    0   70    4    0   77    0    0   42   36    0   10   24   62   78   15   27    0   11    0    0   15   12   90   23    0   78   80    0    0    0   15   33  
 15   38   95   37   66    0   12   90   53   11    0   71   60   58   99   92    8    0    0    0   39    8   38   79    0    0   87   78    0    0    0    0   38    0   10   93   16    0   67   15   81    0    6   23   65   41    0    0    0    0  
 16   22    0    1    0   87    0   51   19    0   29   62    0    1    0   18   67   76    0    0   85    0   50   14    0    7    0   58   65   97   12   73    9   38   56    0    0    9    0   26    3   72    0   41    0   93    0   36   61   12  
 76   61    0   87   29   41   76   40   16    0   82   48    0    0   80   50   76   64    0    0   62   17   55   59   87   44    0    0   82    0   85    0   95   32    0   78   95    0   75   48    8   39   98   65    0   10    0   16   13   41  
  0   90   81   90   65   93    0   90   35    0    0    0   17   15   76    0    0   51   48   74   62   69   74   96   16   41    0    0    0   10   87    0   45   19   53   30    7   51   16    0    0    0   66    0    0   74   35   40   56    0  
  0   52    2   49    0   93   65    0   63    0    0    0    0    1    0   13    0    0    0    0   56   84    2    0    0   36    0   21    0    0    0   70   59    0   34   41   64   25    0   79    0   20   19    0   10    0   33   47   62    0  
 48    0   90   34    8   92   19   27   55   85    0   72   20    0   29   55   98   74   99    0   13    0   94   56    0   41   98    0   14    8    0   25    0    0   39    0    0   27   97   47    0   69   24   55   66   65    0    0   32   98  
  0   29   11   79   37    0   98   81    0    1   41   88   76   80   82    0   13   13    7   77    0   55   11   66   93   82    0    0    0   80   97    0    9    0    0   83   35   26   55   89   91   11   66   13   67    5   48   91   88    0  
  0    0    0   66   21   22   66    0   89   41   94   56    0    0    0   56   90   88   12    0    0   81   80    0    0   30    0    0   48    0   64   66    0    0    7    0   20   56    0   29   40   65    0   48    0    0   80   23   70    0  
  6   59   59   15   66   11   49    0   14    0   97    0   79   91   97    0   48   32   27   69    0   38   16   31   49   29    0   19   38   39   16    0    0    0   71    0   22   36   10    0    0    0   78   45   89   22   45   94    0   35  
  0    0   78    9   91   12    0   83   94    0   69   57    0   75    0   35    0   53    0   73   33    0   58   27    0   53   26   96   87   16    0   34   12   20    0   69   66    0   36    0   48    0   48   13    0   40   18   94    7    0  
 20   32   45   69   11    0   93    0    0   73    0   59   41    0   85   87   19    8   56   82   76    8   30   50    0   65   89    0    0   50   47   95   51   22   71    0   11   87    6   98   23   12    0   74   85   67    9   44    0   29  
  8    0    0   47    0    0   75    0   45   70    0   53   41   67   56    0   16   98   40   43   44   65    0   23   18   69    0   57   25    0    0    0   94    3    0   21    0   30   45   37   24    0    0   81   55   32   66    0   69   42  
  0   77    7   43   74   37    0   17    1    0    4   76    0   58   20    0   48    0    0    0    0   73   95   63   24   16   99   65    0   63   74    0   37   18    0   68   71    0   31   11   47   60    8    0    0   21   19   68   96    1  
 51   72    0   76    0   70   83   97    6   50    0    0    6   91   83   10   97    0   27    0   79   20    0   67   31   96   35    0    0   91    0   59   83    0   32    0   84   79    0   80   62    0   16    0   88    0    0   89    0   45  
 64    0    0    0   87    3   32   70   43   54   51    0    0   56    0   89    0   48   99    5   90    0    0   50    1   44   88   58   31    0    0   59   49   27    5   95    0   31    0    0    0   18   84   51   71    0   89   39   77   60  
  0   71   38   77    0    2   29   41   63   45   37   15   14   33   24   12   36   37   42    0    0   83   93   71   48   53    4   80    0   75    4   59    0    0   31   16    2   48   53   35    0   13    0   45   98   40    0   80   86   32  
 51   64   37   55   70   18   23    0    0   42   55   37    6   11    0   50   63   64   36   57    0    6   55   21    0   90    0   92   67   21   58    0   41    4   29    0    0    2    0   41   52    0   95   32   83    0   77   82   53    0  
 47   68    9   29    0   90   27   54   70   70   71   29   97   41    0   90   85    0   52   27   86    0    0   78   38   44   83   75   12    0   73   62   48   81   56   86   28    5   50   84   93    0    0    0    0   75    0   62   58    0  
  0   86   55   53   73   77    0   28   56   40   83   84   93    0    0   47    0    0    0   97   52   36    0    0   18   26    0   19   45   18    0    0   49   14   52   51    0   44    3   80   48   84    0    0    0   81   87   11    0    0  
 84   17   84   61   42    0   26    0   20   12   65   95   84   83   36   76   61    0   19   95   78   49    0   85    0   19   11   94   42   14    0   48   51   66    0   22   92   72    0   77   94   24    0    0    0    0    0   40   62    0  
  0   91   88    0    0   35   29   83   66   28   93    0   22   37   57   64   21   18   87   44   17   87    0   41   46   10   41    0   32    0    2    0   11    0   37    0   40   32   44    0   13   95   79   14   82    0    0   53    0    0  
  0   28   12   20    0   75   68   16    0   36   78    4   82   97   94   98   69   25    0   70    0   90   25    0    0   47   28   51   47   89   54    0   85    0    5   33    4    0    0    0   18   25   56    0    0   27    0   64   97   76  
 96   54   20   18   43   83   76    1   81    5   29   99   62   93    0    0    0    7    0   20   95    4   80   12   61    0   49   98   78   85   78    9    0   47   14    0   33   61   25   53    0   78    0    0    0   50   26    0   62   62  
 47    0    0    0   43    9    0   16    0    8   52    0    0    0    0    7   85   80   70   70    8    0   86   68   19   32   80   30    0   86   98   18   38    0   35   33    0    0   77    0    0   15    0   72   88   27   37   80    0   67  
  0    0   89    0   12   94   61    1   24    0   49    5   26   64   78    0    0   54   48    0   34   47    6    0   29   50   49    0    0   65   93   66   86   39    0   73   49   25   55   92    7   37    0    0   69    0   72   65    1    0  
