100

    0     30     26     30     16     13     21     13     20     29     23     43   1024   1020   1032   1051   1008   1031   1027   1007   1034   1030   1016    697    657    702    745    729    708    693    740    720    725    731    713    741    734    719    728    685    696    722    721    721    715   1100   1103   1121   1111    625    618    662    644    622    629    551    560    587    583    590    569    568    567    824    813    792    816    792    835    905    892    866    881    898    739    729    724    722    748    711    732    709   1167   1165   1174   1166   1180   1194   1139   1144   1184    755    748    756    761    759    798    802    869    876  
   30      0     25     26     23     32     29     36     34     43     36     65   1034   1030   1042   1061   1018   1041   1036   1017   1045   1040   1027    681    641    685    717    701    680    665    712    692    697    704    685    714    706    720    728    685    696    722    721    719    714   1080   1084   1101   1091    619    610    655    637    615    622    522    530    557    553    561    540    538    537    810    799    779    802    778    822    890    877    849    865    882    725    713    710    708    732    697    717    693   1152   1150   1159   1151   1164   1179   1125   1128   1169    729    722    730    736    734    783    787    843    851  
   26     25      0      5     11     18      8     38     14     20     14     44   1010   1006   1017   1036    993   1017   1012    993   1021   1016   1002    672    632    676    724    708    688    672    719    699    705    710    692    720    713    699    707    664    675    701    700    699    694   1074   1078   1095   1085    601    594    638    620    598    606    538    546    573    569    577    556    553    553    798    788    766    790    766    810    880    867    840    855    873    714    703    699    697    722    686    706    683   1141   1139   1148   1141   1154   1168   1114   1118   1159    732    725    732    738    735    772    776    845    853  
   30     26      5      0     15     22     11     42     17     23     17     47   1009   1005   1016   1035    992   1016   1011    992   1020   1015   1001    668    628    672    720    704    684    668    716    695    701    706    688    716    710    696    705    662    673    699    698    697    691   1070   1074   1091   1081    598    591    635    617    595    602    535    543    570    566    574    553    550    550    795    784    763    786    763    806    876    863    836    851    869    710    699    695    693    719    682    703    679   1138   1135   1145   1137   1150   1165   1110   1115   1155    728    721    728    734    731    768    773    841    849  
   16     23     11     15      0     10      8     27     12     22     14     43   1017   1013   1024   1043   1000   1023   1019   1000   1027   1022   1009    682    642    686    731    715    695    679    727    707    712    718    700    728    721    708    716    674    684    711    709    709    703   1085   1088   1105   1095    611    604    648    630    608    616    542    550    577    573    581    560    558    557    809    798    777    801    777    821    890    877    850    865    883    724    714    709    707    733    696    717    693   1152   1149   1159   1151   1164   1179   1124   1129   1169    740    734    741    747    744    783    787    854    861  
   13     32     18     22     10      0     11     25      8     16     11     34   1013   1008   1021   1039    996   1019   1015    996   1023   1018   1005    687    647    692    741    725    704    689    736    716    721    727    709    737    730    707    715    673    683    710    708    708    702   1091   1094   1112   1101    613    606    650    632    610    617    552    560    587    583    591    570    567    567    813    802    781    805    781    824    895    882    855    870    888    729    719    713    712    738    701    721    698   1156   1154   1163   1156   1169   1183   1129   1133   1173    749    742    750    755    752    787    791    862    870  
   21     29      8     11      8     11      0     33      7     15      8     38   1010   1005   1017   1036    993   1016   1012    992   1020   1015   1002    677    637    682    731    715    695    679    727    706    712    717    699    727    721    701    709    667    677    704    702    702    696   1081   1084   1101   1091    605    597    642    624    602    609    545    553    580    575    584    562    560    559    803    793    771    795    771    815    885    872    845    860    878    719    709    704    702    728    691    711    688   1147   1144   1154   1146   1159   1173   1119   1124   1164    739    732    739    745    742    777    782    852    860  
   13     36     38     42     27     25     33      0     32     40     35     50   1034   1029   1042   1061   1017   1040   1037   1017   1043   1039   1025    709    669    713    752    736    716    700    748    728    733    739    720    749    741    731    739    697    707    734    732    732    726   1111   1114   1132   1122    637    630    674    656    634    641    555    563    590    586    593    572    571    570    836    825    804    827    804    847    917    904    877    892    910    751    741    736    734    760    723    744    720   1179   1176   1186   1178   1191   1206   1151   1156   1196    763    757    764    770    768    809    814    878    885  
   20     34     14     17     12      8      7     32      0     11      3     32   1007   1003   1014   1033    990   1013   1009    989   1017   1012    999    680    640    685    737    721    701    684    732    712    717    722    705    733    726    700    708    666    676    703    701    701    695   1084   1087   1105   1095    605    598    642    624    603    610    551    559    586    582    590    568    566    565    806    795    773    797    774    817    888    875    848    863    881    722    712    706    704    731    694    714    691   1149   1147   1156   1149   1162   1176   1122   1126   1166    744    738    745    750    747    780    784    857    865  
   29     43     20     23     22     16     15     40     11      0      8     24    997    993   1005   1024    980   1003   1000    980   1007   1002    989    677    636    682    740    723    704    687    735    714    721    725    708    735    730    692    700    658    668    695    693    693    687   1082   1085   1103   1093    599    592    636    618    596    604    557    566    592    588    597    575    572    572    802    791    769    793    769    813    884    871    845    859    877    718    708    702    700    727    690    710    687   1145   1143   1152   1145   1158   1172   1117   1123   1162    745    739    746    751    748    775    780    858    866  
   23     36     14     17     14     11      8     35      3      8      0     31   1004   1000   1012   1030    987   1010   1006    987   1014   1009    996    678    638    683    736    720    700    684    732    711    717    722    704    732    726    697    705    663    673    700    698    698    692   1082   1085   1103   1093    603    595    640    622    600    607    551    560    586    582    591    569    566    566    803    793    771    795    771    815    885    872    846    861    879    719    709    704    702    729    691    712    689   1147   1144   1154   1146   1159   1174   1119   1124   1164    743    737    743    749    746    777    782    855    863  
   43     65     44     47     43     34     38     50     32     24     31      0    984    980    993   1011    968    991    987    967    994    990    976    686    646    692    760    744    725    708    756    735    741    745    729    755    750    687    695    653    663    691    689    690    683   1095   1097   1116   1106    600    593    637    619    597    605    581    589    615    611    620    598    595    595    809    799    775    800    777    820    893    879    854    868    886    726    717    710    708    737    698    718    696   1153   1150   1160   1153   1166   1180   1125   1131   1170    764    758    764    769    766    783    788    875    884  
 1024   1034   1010   1009   1017   1013   1010   1034   1007    997   1004    984      0      5     32     34     21      7     25     23     33      6     21    831    825    855   1279   1259   1265   1238   1275   1250   1271   1240   1271   1248   1282    427    414    457    434    440    435    461    441   1111   1090   1120   1121    605    625    602    610    614    620   1340   1346   1358   1356   1373   1355   1329   1341    791    799    753    773    779    771    858    840    863    856    864    799    834    779    787    837    797    791    816    943    941    956    958    962    956    919    955    961   1184   1194   1175   1159   1155    786    794   1206   1225  
 1020   1030   1006   1005   1013   1008   1005   1029   1003    993   1000    980      5      0     35     39     19     11     28     21     32     11     17    829    823    853   1277   1257   1262   1235   1273   1248   1269   1237   1269   1246   1280    425    411    454    431    438    432    459    439   1111   1090   1120   1120    603    622    600    608    612    617   1336   1343   1355   1353   1370   1352   1326   1338    791    798    752    772    778    770    857    839    862    856    863    797    832    778    786    836    795    790    815    944    941    957    958    962    956    920    956    961   1182   1192   1173   1157   1153    785    793   1205   1223  
 1032   1042   1017   1016   1024   1021   1017   1042   1014   1005   1012    993     32     35      0     22     30     31      8     30     62     31     52    817    812    841   1268   1248   1254   1227   1264   1239   1260   1228   1261   1236   1271    417    403    448    425    429    424    449    431   1088   1067   1097   1097    595    614    590    599    604    609   1335   1342   1353   1351   1369   1351   1324   1337    773    781    735    754    761    752    837    819    843    836    843    783    818    764    772    821    782    776    801    916    914    930    931    935    929    893    930    934   1171   1182   1162   1146   1142    768    776   1190   1209  
 1051   1061   1036   1035   1043   1039   1036   1061   1033   1024   1030   1011     34     39     22      0     44     30     25     45     55     30     53    837    832    861   1289   1269   1275   1248   1285   1260   1281   1249   1282   1257   1292    438    424    469    446    450    445    470    452   1105   1084   1114   1115    616    636    611    620    625    630   1356   1363   1375   1372   1390   1372   1345   1358    792    800    755    774    781    771    856    838    862    855    862    803    839    784    792    841    802    796    822    931    929    944    946    950    943    908    945    949   1192   1202   1183   1167   1163    787    796   1211   1230  
 1008   1018    993    992   1000    996    993   1017    990    980    987    968     21     19     30     44      0     27     23      2     51     26     32    811    804    835   1258   1238   1244   1217   1254   1229   1250   1219   1250   1227   1261    407    393    436    413    419    414    440    421   1092   1072   1102   1102    584    604    581    589    594    599   1320   1326   1338   1336   1353   1335   1309   1321    772    779    733    753    759    751    839    821    843    837    844    778    814    759    767    817    776    771    796    926    924    939    941    945    939    902    938    944   1163   1174   1155   1139   1135    766    774   1186   1205  
 1031   1041   1017   1016   1023   1019   1016   1040   1013   1003   1010    991      7     11     31     30     27      0     25     28     31      1     24    836    830    860   1285   1264   1270   1243   1281   1256   1277   1245   1277   1253   1287    433    419    462    440    445    440    466    447   1114   1094   1123   1124    611    630    607    616    620    625   1346   1352   1364   1362   1380   1361   1335   1347    796    803    757    777    783    775    862    844    867    860    868    803    839    784    792    842    802    796    821    945    943    958    960    964    958    922    958    963   1189   1199   1181   1165   1161    790    799   1211   1230  
 1027   1036   1012   1011   1019   1015   1012   1037   1009   1000   1006    987     25     28      8     25     23     25      0     23     56     25     45    817    812    841   1267   1247   1253   1226   1263   1238   1260   1228   1260   1236   1270    416    402    446    424    428    423    448    430   1091   1070   1100   1100    594    613    589    598    603    608   1333   1339   1351   1349   1366   1348   1322   1334    774    782    736    756    762    753    839    822    845    838    845    783    819    764    772    822    782    776    802    921    919    934    936    939    933    897    934    938   1171   1181   1162   1146   1142    769    777   1191   1210  
 1007   1017    993    992   1000    996    992   1017    989    980    987    967     23     21     30     45      2     28     23      0     53     27     34    809    803    833   1257   1237   1242   1216   1253   1228   1249   1217   1249   1226   1260    405    391    435    412    418    412    439    419   1090   1070   1100   1100    583    602    579    588    592    598   1318   1325   1337   1335   1352   1334   1308   1320    770    777    731    751    757    749    837    819    841    835    843    776    812    757    765    815    775    769    794    924    922    937    939    943    937    901    936    942   1162   1172   1153   1137   1133    764    772   1184   1203  
 1034   1045   1021   1020   1027   1023   1020   1043   1017   1007   1014    994     33     32     62     55     51     31     56     53      0     32     22    859    852    883   1305   1285   1290   1263   1301   1276   1297   1266   1296   1274   1307    453    440    482    459    466    461    488    467   1142   1122   1152   1152    631    650    628    636    640    646   1360   1367   1379   1377   1394   1376   1350   1362    822    829    783    803    809    801    889    871    893    887    895    827    862    808    816    866    825    820    844    975    973    988    990    994    988    952    988    993   1211   1221   1202   1187   1183    816    824   1235   1253  
 1030   1040   1016   1015   1022   1018   1015   1039   1012   1002   1009    990      6     11     31     30     26      1     25     27     32      0     24    835    829    859   1284   1263   1269   1242   1280   1255   1276   1244   1276   1252   1287    432    418    461    439    444    439    465    446   1114   1093   1123   1123    610    629    606    615    619    624   1345   1351   1363   1361   1379   1360   1334   1346    795    803    757    777    783    774    861    843    866    860    867    802    838    783    791    841    801    795    820    945    942    958    959    963    957    921    957    962   1188   1199   1180   1164   1160    789    798   1210   1229  
 1016   1027   1002   1001   1009   1005   1002   1025    999    989    996    976     21     17     52     53     32     24     45     34     22     24      0    838    831    862   1283   1263   1268   1241   1279   1254   1275   1244   1275   1252   1286    432    418    460    437    445    439    466    446   1123   1103   1133   1133    609    628    607    615    618    624   1339   1346   1358   1356   1373   1354   1329   1341    801    808    762    783    788    781    869    851    873    867    875    806    841    787    795    845    804    799    823    958    956    971    973    977    971    934    970    976   1189   1199   1181   1165   1161    795    803   1213   1232  
  697    681    672    668    682    687    677    709    680    677    678    686    831    829    817    837    811    836    817    809    859    835    838      0     41     24    466    447    460    434    462    440    462    425    466    431    472    411    425    390    413    396    403    374    397    427    423    446    438    249    232    237    235    241    231    631    634    634    633    652    640    607    623    140    127    130    140    115    161    209    198    169    184    202     57     32     61     53     51     39     56     20    473    471    479    471    484    500    446    448    489    358    371    349    331    327    117    117    378    396  
  657    641    632    628    642    647    637    669    640    636    638    646    825    823    812    832    804    830    812    803    852    829    831     41      0     52    461    442    452    426    457    434    456    420    458    428    466    401    414    377    400    387    393    365    386    465    462    484    476    231    213    225    220    222    214    607    611    612    611    630    617    584    601    176    163    159    173    148    194    249    237    209    224    242     89     72     84     78     91     63     85     53    512    510    519    511    524    539    486    488    529    360    371    351    335    331    151    153    392    410  
  702    685    676    672    686    692    682    713    685    682    683    692    855    853    841    861    835    860    841    833    883    859    862     24     52      0    444    425    439    413    440    418    441    403    445    409    450    435    448    414    437    420    427    398    421    414    412    434    425    272    255    261    258    263    254    616    619    618    617    636    625    591    608    149    135    146    152    128    172    209    200    167    184    201     73     38     82     74     53     61     75     41    473    471    479    470    484    500    447    447    489    335    348    326    308    304    128    127    354    372  
  745    717    724    720    731    741    731    752    737    740    736    760   1279   1277   1268   1289   1258   1285   1267   1257   1305   1284   1283    466    461    444      0     21     38     54      5     31     20     42     35     37     16    852    866    824    847    840    845    820    838    568    587    586    573    675    655    679    670    665    660    310    307    287    289    303    307    276    292    567    553    582    578    558    593    570    575    533    551    559    514    475    525    517    481    504    517    484    775    774    774    763    776    798    760    738    782    122    105    133    155    158    556    551    215    207  
  729    701    708    704    715    725    715    736    721    723    720    744   1259   1257   1248   1269   1238   1264   1247   1237   1285   1263   1263    447    442    425     21      0     30     37     17     10     18     26     32     26     26    832    846    804    827    820    825    799    818    562    581    581    568    655    635    659    649    645    640    308    305    287    289    303    305    274    290    550    537    565    561    541    576    556    560    518    536    545    496    457    507    499    464    485    499    466    765    764    764    754    766    788    750    729    773    110     93    120    143    145    539    534    212    206  
  708    680    688    684    695    704    695    716    701    704    700    725   1265   1262   1254   1275   1244   1270   1253   1242   1290   1269   1268    460    452    439     38     30      0     27     34     29     18     52      7     56     26    838    852    809    832    826    831    806    824    591    609    610    597    660    641    666    656    651    646    278    276    257    259    273    275    244    260    568    554    580    578    557    594    577    580    539    557    566    510    472    520    512    479    498    513    479    791    789    790    780    792    814    775    754    799    136    118    146    168    170    555    551    242    236  
  693    665    672    668    679    689    679    700    684    687    684    708   1238   1235   1227   1248   1217   1243   1226   1216   1263   1242   1241    434    426    413     54     37     27      0     49     28     38     46     34     53     49    811    825    782    805    799    804    779    797    578    596    598    585    633    614    639    629    624    619    283    282    265    267    283    283    250    267    544    530    555    554    533    570    555    558    516    535    544    485    447    495    487    454    473    487    453    773    772    773    762    775    797    757    737    782    121    104    130    151    153    531    526    234    231  
  740    712    719    716    727    736    727    748    732    735    732    756   1275   1273   1264   1285   1254   1281   1263   1253   1301   1280   1279    462    457    440      5     17     34     49      0     26     17     39     32     35     15    848    862    820    843    836    841    816    834    568    587    586    574    671    651    675    666    661    656    308    305    285    288    301    305    274    290    564    550    579    575    555    590    568    572    531    548    557    510    472    522    514    478    501    514    481    774    773    773    762    775    797    759    738    781    121    104    131    154    156    553    548    216    208  
  720    692    699    695    707    716    706    728    712    714    711    735   1250   1248   1239   1260   1229   1256   1238   1228   1276   1255   1254    440    434    418     31     10     29     28     26      0     23     24     32     28     33    823    837    795    818    811    816    791    809    562    581    581    568    646    626    650    641    636    631    305    303    285    287    301    303    271    287    544    530    558    555    535    570    551    555    513    531    540    489    450    500    492    457    478    492    458    762    761    762    751    764    786    747    726    770    107     90    118    140    142    532    527    214    209  
  725    697    705    701    712    721    712    733    717    721    717    741   1271   1269   1260   1281   1250   1277   1260   1249   1297   1276   1275    462    456    441     20     18     18     38     17     23      0     44     16     44     12    844    858    815    838    832    837    812    830    580    598    598    586    667    647    672    662    657    652    293    290    271    273    287    290    259    275    567    553    580    577    557    593    573    577    535    553    562    511    473    522    514    480    500    514    481    783    782    782    772    784    806    768    747    791    128    111    138    161    163    555    550    229    222  
  731    704    710    706    718    727    717    739    722    725    722    745   1240   1237   1228   1249   1219   1245   1228   1217   1266   1244   1244    425    420    403     42     26     52     46     39     24     44      0     55     11     51    813    827    785    808    800    805    780    799    539    557    558    545    636    616    639    630    626    621    327    325    308    309    324    326    293    310    526    512    541    537    517    552    530    535    493    511    519    473    434    484    476    440    463    476    443    740    739    739    729    742    763    725    704    748     85     68     95    118    120    515    510    191    186  
  713    685    692    688    700    709    699    720    705    708    704    729   1271   1269   1261   1282   1250   1277   1260   1249   1296   1276   1275    466    458    445     35     32      7     34     32     32     16     55      0     57     22    844    858    815    838    832    837    813    831    593    612    612    599    666    647    672    662    657    652    277    275    256    258    272    275    243    260    573    559    586    584    563    599    582    586    544    562    571    516    478    526    518    485    504    519    485    794    793    794    783    796    818    779    758    802    139    122    150    172    174    561    556    243    237  
  741    714    720    716    728    737    727    749    733    735    732    755   1248   1246   1236   1257   1227   1253   1236   1226   1274   1252   1252    431    428    409     37     26     56     53     35     28     44     11     57      0     49    821    835    793    816    808    814    788    807    536    555    555    542    644    625    647    638    635    629    332    330    312    314    329    330    298    315    531    517    546    542    523    557    533    538    497    514    522    478    440    491    482    446    469    482    449    740    739    739    729    742    763    725    704    748     86     69     97    119    122    520    515    187    181  
  734    706    713    710    721    730    721    741    726    730    726    750   1282   1280   1271   1292   1261   1287   1270   1260   1307   1287   1286    472    466    450     16     26     26     49     15     33     12     51     22     49      0    855    869    826    849    843    848    823    841    583    602    601    588    677    658    682    673    668    663    295    292    271    274    287    291    260    276    576    562    590    586    567    602    581    585    543    561    570    521    482    532    524    489    510    524    491    788    787    787    777    790    811    774    752    796    134    117    145    167    170    564    559    230    223  
  719    720    699    696    708    707    701    731    700    692    697    687    427    425    417    438    407    433    416    405    453    432    432    411    401    435    852    832    838    811    848    823    844    813    844    821    855      0     14     36     26     18     10     41     15    754    738    767    765    178    198    176    183    188    193    929    935    944    942    960    943    915    928    402    406    357    383    381    388    486    467    478    477    489    387    419    365    373    425    380    378    398    657    654    669    666    675    678    628    655    677    758    768    750    735    731    389    398    788    807  
  728    728    707    705    716    715    709    739    708    700    705    695    414    411    403    424    393    419    402    391    440    418    418    425    414    448    866    846    852    825    862    837    858    827    858    835    869     14      0     48     33     29     22     52     28    764    748    777    775    192    212    190    197    202    207    942    948    958    956    974    956    928    942    413    417    369    394    393    398    496    477    489    487    499    399    432    378    385    438    393    391    411    663    661    675    673    682    684    635    662    683    772    782    764    749    745    401    410    802    820  
  685    685    664    662    674    673    667    697    666    658    663    653    457    454    448    469    436    462    446    435    482    461    460    390    377    414    824    804    809    782    820    795    815    785    815    793    826     36     48      0     24     38     36     45     30    747    733    762    758    150    169    153    158    159    165    895    901    911    908    927    909    881    894    392    395    346    373    369    380    479    460    468    468    481    370    400    348    354    408    361    361    378    662    660    674    671    681    685    634    658    682    733    742    725    710    706    377    386    767    785  
  696    696    675    673    684    683    677    707    676    668    673    663    434    431    425    446    413    440    424    412    459    439    437    413    400    437    847    827    832    805    843    818    838    808    838    816    849     26     33     24      0     38     32     56     30    766    752    780    777    173    192    176    181    182    189    915    921    932    930    948    930    903    916    412    415    367    393    390    399    498    479    488    488    500    392    422    370    377    430    383    383    401    676    673    688    685    694    698    647    673    696    756    765    748    733    729    398    407    790    808  
  722    722    701    699    711    710    704    734    703    695    700    691    440    438    429    450    419    445    428    418    466    444    445    396    387    420    840    820    826    799    836    811    832    800    832    808    843     18     29     38     38      0      8     24      9    737    721    750    748    167    187    163    171    177    181    921    927    936    934    952    935    907    920    385    389    341    366    365    371    469    450    461    460    472    371    403    350    357    409    365    363    383    640    638    652    650    659    662    612    638    660    745    755    737    721    717    372    381    774    792  
  721    721    700    698    709    708    702    732    701    693    698    689    435    432    424    445    414    440    423    412    461    439    439    403    393    427    845    825    831    804    841    816    837    805    837    814    848     10     22     36     32      8      0     31      8    744    729    758    755    172    191    168    176    181    186    924    930    939    937    955    938    910    924    392    396    348    373    372    378    476    457    468    467    479    378    410    356    364    416    371    369    390    647    645    660    657    666    669    619    645    667    751    761    742    727    723    379    388    780    798  
  721    719    699    697    709    708    702    732    701    693    698    690    461    459    449    470    440    466    448    439    488    465    466    374    365    398    820    799    806    779    816    791    812    780    813    788    823     41     52     45     56     24     31      0     27    714    699    728    725    149    168    141    151    158    162    906    911    920    918    937    920    891    905    362    366    317    343    341    348    446    427    438    437    449    348    380    327    334    386    342    340    360    621    618    633    630    639    643    592    618    641    724    734    715    700    696    349    358    751    770  
  715    714    694    691    703    702    696    726    695    687    692    683    441    439    431    452    421    447    430    419    467    446    446    397    386    421    838    818    824    797    834    809    830    799    831    807    841     15     28     30     30      9      8     27      0    741    726    755    752    165    184    162    169    174    179    917    923    932    930    948    931    903    916    389    392    344    370    367    374    473    454    464    463    476    372    404    351    358    411    366    364    384    647    644    659    656    665    668    618    644    667    744    754    736    721    717    375    384    774    793  
 1100   1080   1074   1070   1085   1091   1081   1111   1084   1082   1082   1095   1111   1111   1088   1105   1092   1114   1091   1090   1142   1114   1123    427    465    414    568    562    591    578    568    562    580    539    593    536    583    754    764    747    766    737    744    714    741      0     28     22     12    640    629    613    620    634    623    858    857    843    844    860    859    825    842    358    358    404    376    385    368    268    288    284    281    267    409    399    431    428    382    431    418    424    256    256    248    239    248    269    257    220    253    458    475    450    430    429    377    368    355    366  
 1103   1084   1078   1074   1088   1094   1084   1114   1087   1085   1085   1097   1090   1090   1067   1084   1072   1094   1070   1070   1122   1093   1103    423    462    412    587    581    609    596    587    581    598    557    612    555    602    738    748    733    752    721    729    699    726     28      0     30     33    630    619    602    609    624    613    874    874    860    861    878    876    841    859    346    348    393    364    375    355    255    274    274    269    254    402    394    424    421    377    426    412    419    228    229    221    212    220    242    230    193    226    476    493    467    446    445    367    358    375    387  
 1121   1101   1095   1091   1105   1112   1101   1132   1105   1103   1103   1116   1120   1120   1097   1114   1102   1123   1100   1100   1152   1123   1133    446    484    434    586    581    610    598    586    581    598    558    612    555    601    767    777    762    780    750    758    728    755     22     30      0     13    657    646    629    636    651    640    878    877    862    864    880    879    845    862    374    375    420    392    402    383    283    303    301    297    282    427    418    449    446    401    450    437    443    250    250    242    233    240    262    254    216    246    478    494    469    449    449    394    385    373    383  
 1111   1091   1085   1081   1095   1101   1091   1122   1095   1093   1093   1106   1121   1120   1097   1115   1102   1124   1100   1100   1152   1123   1133    438    476    425    573    568    597    585    574    568    586    545    599    542    588    765    775    758    777    748    755    725    752     12     33     13      0    652    640    624    631    646    634    865    864    850    851    867    866    832    850    369    370    416    387    397    379    279    299    296    292    278    420    410    443    440    393    443    430    436    259    259    251    242    250    271    261    224    255    465    482    456    437    436    388    380    360    371  
  625    619    601    598    611    613    605    637    605    599    603    600    605    603    595    616    584    611    594    583    631    610    609    249    231    272    675    655    660    633    671    646    667    636    666    644    677    178    192    150    173    167    172    149    165    640    630    657    652      0     20     39     23     10     19    758    764    772    770    789    772    743    757    285    283    238    268    256    280    378    359    356    362    377    240    264    216    222    275    225    230    240    601    599    612    607    618    626    572    589    621    584    593    576    562    558    264    272    622    640  
  618    610    594    591    604    606    597    630    598    592    595    593    625    622    614    636    604    630    613    602    650    629    628    232    213    255    655    635    641    614    651    626    647    616    647    625    658    198    212    169    192    187    191    168    184    629    619    646    640     20      0     46     27     11     12    740    746    754    752    770    754    725    739    275    272    229    259    245    272    369    350    346    351    367    226    248    202    207    260    209    216    224    597    595    607    602    614    623    568    584    617    565    574    557    543    539    253    262    604    622  
  662    655    638    635    648    650    642    674    642    636    640    637    602    600    590    611    581    607    589    579    628    606    607    237    225    261    679    659    666    639    675    650    672    639    672    647    682    176    190    153    176    163    168    141    162    613    602    629    624     39     46      0     19     40     34    777    783    790    788    807    791    761    775    256    255    209    238    228    249    348    329    329    333    348    220    248    197    203    257    209    211    226    565    563    576    571    582    590    536    554    585    583    593    575    559    555    237    245    614    632  
  644    637    620    617    630    632    624    656    624    618    622    619    610    608    599    620    589    616    598    588    636    615    615    235    220    258    670    649    656    629    666    641    662    630    662    638    673    183    197    158    181    171    176    151    169    620    609    636    631     23     27     19      0     23     16    763    768    775    774    792    776    746    761    263    262    217    246    235    258    357    338    336    340    356    222    248    198    204    258    208    212    225    578    576    589    584    595    603    549    567    598    576    585    568    553    549    243    252    610    628  
  622    615    598    595    608    610    602    634    603    596    600    597    614    612    604    625    594    620    603    592    640    619    618    241    222    263    665    645    651    624    661    636    657    626    657    635    668    188    202    159    182    177    181    158    174    634    624    651    646     10     11     40     23      0     12    750    756    763    762    780    764    734    748    279    277    233    262    250    276    373    354    350    356    372    232    256    209    214    267    217    223    232    599    596    609    604    615    624    569    586    618    574    584    567    552    548    258    266    613    631  
  629    622    606    602    616    617    609    641    610    604    607    605    620    617    609    630    599    625    608    598    646    624    624    231    214    254    660    640    646    619    656    631    652    621    652    629    663    193    207    165    189    181    186    162    179    623    613    640    634     19     12     34     16     12      0    749    754    762    760    779    762    733    747    268    266    222    251    239    264    362    343    339    345    360    222    246    198    204    257    207    212    222    588    585    598    593    604    613    558    575    607    568    577    560    545    541    247    255    605    623  
  551    522    538    535    542    552    545    555    551    557    551    581   1340   1336   1335   1356   1320   1346   1333   1318   1360   1345   1339    631    607    616    310    308    278    283    308    305    293    327    277    332    295    929    942    895    915    921    924    906    917    858    874    878    865    758    740    777    763    750    749      0      9     37     33     40     18     35     20    762    748    760    767    743    786    797    795    754    773    786    687    653    689    682    666    666    686    650   1036   1034   1037   1027   1040   1061   1017   1002   1046    401    385    409    429    430    743    741    517    513  
  560    530    546    543    550    560    553    563    559    566    560    589   1346   1343   1342   1363   1326   1352   1339   1325   1367   1351   1346    634    611    619    307    305    276    282    305    303    290    325    275    330    292    935    948    901    921    927    930    911    923    857    874    877    864    764    746    783    768    756    754      9      0     29     25     32     10     33     16    765    751    764    770    746    789    799    797    756    775    788    690    656    692    685    669    670    689    653   1037   1035   1038   1028   1041   1062   1018   1003   1047    400    384    409    428    429    746    744    516    511  
