60

    0    804    787    793    793    780    857    853    878    594     89     58    112     93     72    691    720    710    672   1422   1437   1385   1089   1086   1079   1074   1067    400    360    383    397    371    376    456    437    434    398    628    612   1092    486    478    471    458    845    828    880    850    867   1204   1163   1197    666    679    530    551    564    535    668    678  
  804      0     34     12     34     27    394    428    440    434    884    856    916    894    876    842    864    848    829    661    666    619    585    603    594    577    586    740    714    710    699    728    753   1197   1178   1171   1144    217    231    417    346    347    358    377    138    100    169    156    147   1124   1099   1130    140    131    302    262    279    283    440    417  
  787     34      0     29     61     22    364    397    410    401    868    839    898    877    858    809    830    814    795    664    671    623    617    634    626    609    618    740    712    709    698    726    751   1174   1155   1147   1121    219    231    404    339    339    350    369    170    132    202    189    181   1092   1066   1097    122    125    276    240    252    260    455    432  
  793     12     29      0     33     15    392    425    438    425    872    844    904    882    864    834    856    839    820    671    676    629    588    606    598    580    589    731    704    700    689    718    743   1186   1167   1159   1132    207    221    423    335    336    347    366    142    103    174    160    153   1120   1094   1126    128    120    290    251    268    272    434    411  
  793     34     61     33      0     42    424    457    470    449    871    843    905    882    864    859    881    865    845    687    691    644    557    574    566    549    558    715    690    685    673    703    728   1193   1174   1167   1139    192    206    450    326    328    339    357    111     73    146    129    124   1151   1126   1157    135    115    302    259    283    281    407    384  
  780     27     22     15     42      0    384    416    430    411    860    831    891    870    851    820    842    826    806    679    685    637    598    616    607    590    599    723    696    693    682    711    735   1172   1153   1145   1118    201    214    424    325    326    337    356    153    115    187    171    165   1110   1084   1115    115    110    275    237    253    257    434    411  
  857    394    364    392    424    384      0     38     46    269    945    915    954    947    921    563    574    560    556    631    658    606    977    996    987    970    980    967    928    933    928    945    969   1128   1111   1100   1085    522    526    278    572    563    575    593    530    493    558    549    538    737    715    745    389    433    380    399    346    396    783    764  
  853    428    397    425    457    416     38      0     26    261    942    911    947    943    916    530    541    527    524    656    685    633   1011   1030   1021   1004   1013    979    939    945    940    956    980   1110   1094   1082   1069    547    550    305    589    580    591    609    564    527    593    583    572    701    678    708    415    460    392    415    360    411    808    790  
  878    440    410    438    470    430     46     26      0    286    967    936    973    968    941    543    553    539    538    639    668    617   1022   1041   1033   1015   1025   1003    963    969    964    980   1004   1132   1117   1105   1092    566    570    290    612    602    614    632    576    538    603    595    583    694    672    702    434    478    416    438    383    434    827    808  
  594    434    401    425    449    411    269    261    286      0    683    652    687    683    656    411    433    417    396    883    906    853    980    992    984    970    974    761    718    727    726    736    758    865    849    838    821    438    434    533    417    404    413    427    556    519    593    572    572    774    741    775    339    387    215    262    202    245    680    668  
   89    884    868    872    871    860    945    942    967    683      0     31     61     21     42    761    789    780    743   1508   1522   1470   1136   1131   1125   1121   1113    403    370    393    409    377    377    428    410    410    371    700    683   1180    557    550    541    527    917    902    951    921    939   1276   1236   1269    746    756    615    634    649    619    714    727  
   58    856    839    844    843    831    915    911    936    652     31      0     71     39     35    737    765    756    718   1477   1492   1440   1119   1114   1108   1103   1096    399    363    386    402    372    373    437    418    417    379    674    658   1149    531    524    516    502    891    876    926    895    913   1251   1211   1244    717    729    585    605    619    589    697    708  
  112    916    898    904    905    891    954    947    973    687     61     71      0     40     42    732    760    752    714   1529   1545   1493   1190   1184   1178   1174   1166    463    430    452    469    437    437    368    350    350    311    739    723   1196    597    589    581    568    956    940    991    961    978   1249   1208   1241    777    791    638    661    672    645    767    779  
   93    894    877    882    882    870    947    943    968    683     21     39     40      0     30    750    778    770    732   1514   1529   1477   1154   1149   1143   1139   1131    424    390    413    430    398    397    407    389    389    350    712    696   1184    570    563    554    540    930    915    964    934    952   1266   1225   1259    756    767    622    643    656    627    732    744  
   72    876    858    864    864    851    921    916    941    656     42     35     42     30      0    721    749    741    703   1492   1507   1455   1150   1145   1139   1135   1127    433    397    420    436    406    407    403    384    383    345    698    682   1160    556    548    540    527    915    899    950    920    937   1237   1196   1230    737    750    600    622    634    606    728    739  
  691    842    809    834    859    820    563    530    543    411    761    737    732    750    721      0     31     20     20   1177   1208   1157   1385   1395   1387   1373   1377   1011    965    981    987    981    998    716    706    692    695    833    825    832    775    761    766    773    966    929   1003    982    982    517    476    509    747    794    602    654    601    633   1050   1042  
  720    864    830    856    881    842    574    541    553    433    789    765    760    778    749     31      0     17     51   1183   1215   1165   1410   1421   1413   1399   1402   1042    995   1012   1018   1012   1028    734    724    711    715    859    852    841    803    789    794    802    988    952   1026   1005   1004    489    448    481    771    818    628    680    626    659   1078   1070  
  710    848    814    839    865    826    560    527    539    417    780    756    752    770    741     20     17      0     39   1171   1202   1152   1393   1404   1396   1382   1386   1029    982    998   1004    999   1015    734    724    710    714    843    836    828    787    773    779    786    972    936   1009    988    988    497    456    489    755    802    612    664    610    643   1062   1054  
  672    829    795    820    845    806    556    524    538    396    743    718    714    732    703     20     51     39      0   1173   1204   1153   1368   1379   1371   1357   1360    992    945    962    968    962    978    704    694    680    683    816    808    827    756    742    747    754    951    915    988    967    967    535    494    527    732    778    585    637    584    616   1031   1024  
 1422    661    664    671    687    679    631    656    639    883   1508   1477   1529   1514   1492   1177   1183   1171   1173      0     41     46    995   1023   1017    998   1017   1401   1375   1371   1359   1389   1414   1747   1730   1720   1702    878    892    354   1002   1002   1014   1033    710    698    701    721    696   1165   1162   1179    781    789    893    878    859    891   1069   1044  
 1437    666    671    676    691    685    658    685    668    906   1522   1492   1545   1529   1507   1208   1215   1202   1204     41      0     53    976   1004    999    980    999   1405   1380   1375   1363   1394   1418   1770   1752   1742   1723    882    896    381   1009   1009   1021   1040    707    697    696    718    693   1204   1201   1219    790    795    908    890    874    904   1066   1041  
 1385    619    623    629    644    637    606    633    617    853   1470   1440   1493   1477   1455   1157   1165   1152   1153     46     53      0    952    980    974    955    973   1358   1333   1328   1317   1347   1371   1717   1699   1689   1670    835    849    329    961    961    973    992    666    654    656    677    652   1165   1161   1179    740    747    856    839    822    853   1025   1000  
 1089    585    617    588    557    598    977   1011   1022    980   1136   1119   1190   1154   1150   1385   1410   1393   1368    995    976    952      0     29     26     16     33    794    802    784    765    805    820   1543   1523   1520   1485    556    565    924    652    665    666    669    448    486    419    429    440   1708   1682   1713    642    594    785    732    785    755    423    412  
 1086    603    634    606    574    616    996   1030   1041    992   1131   1114   1184   1149   1145   1395   1421   1404   1379   1023   1004    980     29      0      9     27     20    782    792    773    754    794    809   1540   1521   1517   1482    565    573    948    655    669    669    671    466    504    439    447    459   1725   1698   1730    655    606    794    742    795    764    418    410  
 1079    594    626    598    566    607    987   1021   1033    984   1125   1108   1178   1143   1139   1387   1413   1396   1371   1017    999    974     26      9      0     20     13    777    787    768    750    789    804   1534   1514   1511   1475    556    565    941    648    661    661    664    458    495    431    439    451   1716   1690   1722    647    598    786    734    787    756    412    403  
 1074    577    609    580    549    590    970   1004   1015    970   1121   1103   1174   1139   1135   1373   1399   1382   1357    998    980    955     16     27     20      0     21    778    787    768    749    789    804   1528   1508   1505   1469    544    553    921    638    651    652    655    440    478    413    421    433   1699   1673   1705    632    583    773    721    773    743    407    397  
 1067    586    618    589    558    599    980   1013   1025    974   1113   1096   1166   1131   1127   1377   1402   1386   1360   1017    999    973     33     20     13     21      0    766    775    756    738    777    792   1521   1502   1499   1463    546    554    936    636    649    650    652    450    487    423    431    443   1708   1681   1713    637    588    776    723    777    745    400    391  
  400    740    740    731    715    723    967    979   1003    761    403    399    463    424    433   1011   1042   1029    992   1401   1405   1358    794    782    777    778    766      0     47     35     42     31     29    830    812    813    773    524    510   1128    410    415    402    383    713    714    735    708    731   1496   1458   1493    632    615    588    572    621    572    398    419  
  360    714    712    704    690    696    928    939    963    718    370    363    430    390    397    965    995    982    945   1375   1380   1333    802    792    787    787    775     47      0     23     41     18     42    797    779    779    740    499    484   1096    378    381    369    350    694    693    719    691    714   1450   1412   1447    601    587    549    536    583    534    396    415  
  383    710    709    700    685    693    933    945    969    727    393    386    452    413    420    981   1012    998    962   1371   1375   1328    784    773    768    768    756     35     23      0     19     22     44    820    802    802    763    494    480   1096    377    382    369    350    686    686    710    682    705   1464   1426   1461    600    584    554    539    587    538    381    400  
  397    699    698    689    673    682    928    940    964    726    409    402    469    430    436    987   1018   1004    968   1359   1363   1317    765    754    750    749    738     42     41     19      0     40     60    837    818    818    779    482    468   1087    369    374    361    342    672    673    695    667    691   1467   1429   1464    591    573    549    532    582    532    363    383  
  371    728    726    718    703    711    945    956    980    736    377    372    437    398    406    981   1012    999    962   1389   1394   1347    805    794    789    789    777     31     18     22     40      0     25    804    786    787    747    512    498   1111    393    397    385    365    706    706    730    702    725   1467   1429   1464    617    602    566    552    600    551    402    422  
  376    753    751    743    728    735    969    980   1004    758    377    373    437    397    407    998   1028   1015    978   1414   1418   1371    820    809    804    804    792     29     42     44     60     25      0    803    785    786    746    537    523   1136    418    422    410    390    730    730    753    725    749   1486   1448   1483    641    626    590    577    624    575    422    442  
  456   1197   1174   1186   1193   1172   1128   1110   1132    865    428    437    368    407    403    716    734    734    704   1747   1770   1717   1543   1540   1534   1528   1521    830    797    820    837    804    803      0     20     28     59   1053   1037   1397    918    908    903    893   1264   1241   1301   1271   1285   1193   1152   1180   1059   1084    898    936    926    915   1122   1131  
  437   1178   1155   1167   1174   1153   1111   1094   1117    849    410    418    350    389    384    706    724    724    694   1730   1752   1699   1523   1521   1514   1508   1502    812    779    802    818    786    785     20      0     14     40   1033   1018   1381    899    889    883    874   1244   1222   1282   1252   1266   1186   1146   1174   1040   1065    880    917    907    896   1103   1112  
  434   1171   1147   1159   1167   1145   1100   1082   1105    838    410    417    350    389    383    692    711    710    680   1720   1742   1689   1520   1517   1511   1505   1499    813    779    802    818    787    786     28     14      0     40   1027   1012   1370    893    883    878    869   1238   1215   1275   1245   1259   1173   1132   1160   1032   1057    871    909    898    888   1100   1108  
  398   1144   1121   1132   1139   1118   1085   1069   1092    821    371    379    311    350    345    695    715    714    683   1702   1723   1670   1485   1482   1475   1469   1463    773    740    763    779    747    746     59     40     40      0    996    981   1353    861    851    846    836   1208   1186   1245   1216   1230   1183   1143   1172   1005   1029    846    882    874    861   1064   1073  
  628    217    219    207    192    201    522    547    566    438    700    674    739    712    698    833    859    843    816    878    882    835    556    565    556    544    546    524    499    494    482    512    537   1053   1033   1027    996      0     17    619    144    150    159    174    218    205    253    222    240   1201   1170   1204    134     98    231    179    237    201    262    244  
  612    231    231    221    206    214    526    550    570    434    683    658    723    696    682    825    852    836    808    892    896    849    565    573    565    553    554    510    484    480    468    498    523   1037   1018   1012    981     17      0    630    127    134    143    158    234    222    269    238    256   1199   1168   1202    140    109    224    173    232    194    259    242  
 1092    417    404    423    450    424    278    305    290    533   1180   1149   1196   1184   1160    832    841    828    827    354    381    329    924    948    941    921    936   1128   1096   1096   1087   1111   1136   1397   1381   1370   1353    619    630      0    719    715    727    747    521    493    531    538    517    904    892    915    498    522    572    568    536    576    856    833  
  486    346    339    335    326    325    572    589    612    417    557    531    597    570    556    775    803    787    756   1002   1009    961    652    655    648    638    636    410    378    377    369    393    418    918    899    893    861    144    127    719      0     15     16     32    361    348    395    365    383   1190   1157   1191    224    215    208    174    233    182    275    269  
  478    347    339    336    328    326    563    580    602    404    550    524    589    563    548    761    789    773    742   1002   1009    961    665    669    661    651    649    415    381    382    374    397    422    908    889    883    851    150    134    715     15      0     13     32    368    353    402    372    389   1177   1143   1178    222    216    196    165    222    171    290    284  
  471    358    350    347    339    337    575    591    614    413    541    516    581    554    540    766    794    779    747   1014   1021    973    666    669    661    652    650    402    369    369    361    385    410    903    883    878    846    159    143    727     16     13      0     20    376    363    410    380    398   1186   1152   1186    234    228    206    177    233    182    285    280  
  458    377    369    366    357    356    593    609    632    427    527    502    568    540    527    773    802    786    754   1033   1040    992    669    671    664    655    652    383    350    350    342    365    390    893    874    869    836    174    158    747     32     32     20      0    391    379    424    394    413   1198   1164   1198    254    246    222    195    250    199    280    277  
  845    138    170    142    111    153    530    564    576    556    917    891    956    930    915    966    988    972    951    710    707    666    448    466    458    440    450    713    694    686    672    706    730   1264   1244   1238   1208    218    234    521    361    368    376    391      0     39     39     20     22   1261   1235   1267    225    187    392    343    379    366    360    335  
  828    100    132    103     73    115    493    527    538    519    902    876    940    915    899    929    952    936    915    698    697    654    486    504    495    478    487    714    693    686    673    706    730   1241   1222   1215   1186    205    222    493    348    353    363    379     39      0     74     57     53   1223   1197   1229    193    159    361    314    346    337    376    351  
  880    169    202    174    146    187    558    593    603    593    951    926    991    964    950   1003   1026   1009    988    701    696    656    419    439    431    413    423    735    719    710    695    730    753   1301   1282   1275   1245    253    269    531    395    402    410    424     39     74      0     31     22   1291   1267   1298    264    225    431    382    417    405    371    346  
  850    156    189    160    129    171    549    583    595    572    921    895    961    934    920    982   1005    988    967    721    718    677    429    447    439    421    431    708    691    682    667    702    725   1271   1252   1245   1216    222    238    538    365    372    380    394     20     57     31      0     25   1280   1254   1285    239    199    404    355    392    378    349    324  
  867    147    181    153    124    165    538    572    583    572    939    913    978    952    937    982   1004    988    967    696    693    652    440    459    451    433    443    731    714    705    691    725    749   1285   1266   1259   1230    240    256    517    383    389    398    413     22     53     22     25      0   1270   1245   1276    244    207    411    363    397    386    374    349  
 1204   1124   1092   1120   1151   1110    737    701    694    774   1276   1251   1249   1266   1237    517    489    497    535   1165   1204   1165   1708   1725   1716   1699   1708   1496   1450   1464   1467   1467   1486   1193   1186   1173   1183   1201   1199    904   1190   1177   1186   1198   1261   1223   1291   1280   1270      0     42     19   1082   1131    988   1032    970   1017   1452   1438  
 1163   1099   1066   1094   1126   1084    715    678    672    741   1236   1211   1208   1225   1196    476    448    456    494   1162   1201   1161   1682   1698   1690   1673   1681   1458   1412   1426   1429   1429   1448   1152   1146   1132   1143   1170   1168    892   1157   1143   1152   1164   1235   1197   1267   1254   1245     42      0     35   1053   1102    955   1000    939    984   1420   1407  
 1197   1130   1097   1126   1157   1115    745    708    702    775   1269   1244   1241   1259   1230    509    481    489    527   1179   1219   1179   1713   1730   1722   1705   1713   1493   1447   1461   1464   1464   1483   1180   1174   1160   1172   1204   1202    915   1191   1178   1186   1198   1267   1229   1298   1285   1276     19     35      0   1086   1135    989   1034    973   1019   1454   1441  
  666    140    122    128    135    115    389    415    434    339    746    717    777    756    737    747    771    755    732    781    790    740    642    655    647    632    637    632    601    600    591    617    641   1059   1040   1032   1005    134    140    498    224    222    234    254    225    193    264    239    244   1082   1053   1086      0     50    169    124    154    147    394    375  
  679    131    125    120    115    110    433    460    478    387    756    729    791    767    750    794    818    802    778    789    795    747    594    606    598    583    588    615    587    584    573    602    626   1084   1065   1057   1029     98    109    522    215    216    228    246    187    159    225    199    207   1131   1102   1135     50      0    206    157    197    180    353    333  
  530    302    276    290    302    275    380    392    416    215    615    585    638    622    600    602    628    612    585    893    908    856    785    794    786    773    776    588    549    554    549    566    590    898    880    871    846    231    224    572    208    196    206    222    392    361    431    404    411    988    955    989    169    206      0     53     36     31    466    454  
  551    262    240    251    259    237    399    415    438    262    634    605    661    643    622    654    680    664    637    878    890    839    732    742    734    721    723    572    536    539    532    552    577    936    917    909    882    179    173    568    174    165    177    195    343    314    382    355    363   1032   1000   1034    124    157     53      0     63     24    420    407  
  564    279    252    268    283    253    346    360    383    202    649    619    672    656    634    601    626    610    584    859    874    822    785    795    787    773    777    621    583    587    582    600    624    926    907    898    874    237    232    536    233    222    233    250    379    346    417    392    397    970    939    973    154    197     36     63      0     52    482    468  
  535    283    260    272    281    257    396    411    434    245    619    589    645    627    606    633    659    643    616    891    904    853    755    764    756    743    745    572    534    538    532    551    575    915    896    888    861    201    194    576    182    171    182    199    366    337    405    378    386   1017    984   1019    147    180     31     24     52      0    436    424  
  668    440    455    434    407    434    783    808    827    680    714    697    767    732    728   1050   1078   1062   1031   1069   1066   1025    423    418    412    407    400    398    396    381    363    402    422   1122   1103   1100   1064    262    259    856    275    290    285    280    360    376    371    349    374   1452   1420   1454    394    353    466    420    482    436      0     26  
  678    417    432    411    384    411    764    790    808    668    727    708    779    744    739   1042   1070   1054   1024   1044   1041   1000    412    410    403    397    391    419    415    400    383    422    442   1131   1112   1108   1073    244    242    833    269    284    280    277    335    351    346    324    349   1438   1407   1441    375    333    454    407    468    424     26      0  

    0      0      0      0      0      0      0   1480      0      0      0  10100     20  15680      0      8      0      0      0      0      0      0  20477      0      0     21      0      0      1      0      0      0  62397      8  61661      0      0      0      0      0     96      0      0   2697      0      0      0     35    157      0     28      0      0      0      0      0   2313      0   1595      0  
    5      0      0      0      0    494      0      0      0      0     31      0  22607      0      0      0      0     70      0      0      0      0      0   6786     27    840      0      0      0      0      0      0      0      0      0      0      0      0  48531   2021      0      0      0      0      0    768      0      0      5      0      0      0      1    825      0      0      0      0  72176      0  
    0      0      0      0      0  16717      0  59409      0      0  13006      0      0      0      0      0   1559      0    105      0      0      0      0      0      0      0      2      0      0     29      0   1285      0      0     19      0      0      0      0      0     65    305      0      0    113   3797      0   4074    151      0      0      0      0      0      0      0      0      0      0      0  
 1897     16      0      0      0     53    148      0      0      0      0      0      0      0      0      0      7      0     30      0     14      2      0      0      0      0      0     26    161      2      0    541      0      0      0      0     64      0  42235    817   3683  86650  31784      0      0     10      0      0      0    234   1358   1601      9      0      0      0  70627      0      0      0  
  173      0      0      0      0      1      0      0      0      0   1931      0      0      0      0    588      0   3825      0      0      0      0      0      0      0      0      0      0      0      0      0   2326      0      0      0      0      0      0      0      0      0      0      0      0    261      0    791      0  82910    410      0   1636  14572      0    102      3      0   7530      0     12  
   19      0      0      2      0      0   1623      0    636  92985      0      0      5      0      0      0     35      0      0      0  13120   3931      0      0      0      0      0  14277      0   9632      0    207      0      0  12500      0      0      9      0   2624      0    149      0      0      0      0     44      0      0      0      0      0      0    459      0      0      0    132      0      0  
  964     18      0      0      0      0      0      0      0   4822    322  12551      1      0  29250      1      0      0      0      0      0      0      0      0      0      0      0      0  22661      0   1968      0      0      0      0   1390      0      0     21      0      0     21      0      0    100      0  10204     29     13      2      0      0   1098      0      6      0      0   6827      0     26  
    0      0  26557      0      0      0      0      0    920      0      0      0  59146      0      0      0      0     72      0  81346      0      0      1     30    950      5      0   3904      0      0      0      0   2692    284      0      0  31079      0      0      0      0      0      0   3622      0      2   5371      0      0      0      0      0  27614      0      0    388      0      0      0      0  
    0   9955      0      0    131      0      0      0      0      1      8  24825      0      0  53312      0  42768    453  69514   1442      0      0      0      0      0      0      0      0      0      0    567      3      0      0      0      0    292      0    120     44  13813      0      0      0      0      0    365  51424      0      0      0      8      0      0  54911   3041      0      0    474      0  
 5845   4106      0      0      0      0   4199   5730      0      0      0      0    108      0      0      0    128      0      0      0  16352      0      0      0      0    150      0  10194      0      0      0      1      0      0      0      0      0   4365      0      0      0      0      0      5      0      3   3226     11      0      0      0   1589      0      0      1      0      0  32438      0      0  
   55   6222     38    603      0      0      0      0   2115      0      0      0      0      0      0      0      0   2947    177   1459   8853      1      0      0    118     48      0      0      0  12079   3331      0      1    106      0    265      0     12   1365      1    597      0      3   1231     11      0      0      0      0  11376      0      0      0      0      1      0      0      0      0    150  
    0      0      0      0    189      0      0      0      0  28676      0      0      0   6344     28      0   1574      1      0      4      0  20265      0      0      0  10699      0      0      0  57397      6      0      0      0   6538  18342      0      0      0   1480      0      0      0      0      0      0    411     14      0      0      0  11280      0      0      0      0      1      0      0      0  
  744  63312      1   2721      0      0      0     26      0      0      0      0      0      0      0      0      0     12      0      0      0      6      0      0      0  44355      0     64      0  37539      0      0   2344      0      0      0      1      0      0      0      0      1      5      0     51    201      0  20490      0      0      0      0      0      0      0     15  57906      0      0      0  
   14      0      0      0   3349      0   1952    191    455  67776      0    157      4      0      0      1      0     24      0      0      0      0      0    255      2      0      0      0      0      0      0      0     30    137      0      0      0      0      0      0      0     14      0      0      3      0   1777      0      0      0  21734      0   2403      0  56957      0      0      0      4     22  
24349  69089      0      0      0      0      0      0     13      0      0   3303      0     77      0  11461      0      0      0      0      0      0      0      0     52      3      0   4867      0     68      0   1126      8      0      0      0      0      0  87045   7434      0      0    326      0      0      0    478      1      0    124      0      0      1  10240      0      0      0      0      1      0  
    9      0      5     36      0      0    267  14098      0      0      0      0      0      0      0      0      0      0      0   7543      0      0     14      0     47      0      0      0     93    206      0      0      0      0      0    958      0      0      0      0      0   5793    553      0      0  14358     66      0      0     48      0  67050   2793     35      0      0      0    144      0      0  
    0      0      0      0    446  55401  19826      0      0      0      0  16979   7413      0      0   1533      0    351      0      0      0      0      4  86958      6      0  25779      0      0      0      0      0      0      0      0      0      0     38      0      0      0      3      0      0      0      0    172  62586      0      0      0      0      0      0      0  95573      0      0   4214   4900  
    0      0      0      0      0      6      0    133      0      0      0    170      0      0      0  22259      0      0    146      1      0      0      0      0      8      0  61110     29   5261      0      0      0      0      0      0     29      0      1      0      0      0      0      0      0      0  23706      0      4      6      3      0   1016      0   9067   1211  54540      0      0      0     16  
    0      0      0      0      0      0      0      0      0      0      0      0      3      0      0      0      0      0      0      0      0    277    992      0    958      0      0      0   2447      0      0      0    164      0      0      0      5      0      0      0      0    812    133      0      1      0      5   4320      0      0     42      0      0      0      2      0      0    186      0      0  
   20      0      0     11      0      0      0  15166   3240      0      0      0  66967    123      0      0      0      0      0      0  54918      0      0  14774    436      0    254      0     26      0      0    943      0  76498      0      0      0     34   1851      0      0      0      0  12563   2009      0      0      0      0      0      0   1444   2871  78383      0     82      0      0      0      0  
    0      0      0      0      0      0      0      0      0    344      0      1      0    332      0      0      0      0      0      0      0      0      0      0      0  10553   5295      0      0     25      0  75839  35338      0      0    686      0      9  41107      0      0      0      0      0      0      0      0      0      0     19      0      0      0      0      2      0      0    406      0    127  
    0      2      1     80      0      0  51768  16108      0      0      0  70478      0     24      0      0      0      0      0     50      0      0      0      0      2      0      0      0      0      0      0      0      0      0     25   4187      0     19   6652      0      0      5   2533    221      0      0    664      0      0      0      0      0      0      0      0      0      0      0      1      0  
    0      0      0     43   5821      0      0      0      0      0     15      0      0      0   1710      0   3582      1      0     18      0      0      0      0      0      0      0      0      0    728      1   1083      0      0      0      0      0      0      0      0      3      0      4      0      0      0      0      0      0      0      0      0      0    110   9234  29039      0   5703      0      0  
    6      2      0      0      0      0  55841      0      0      0      0    212      0      0      0  46397      0      0      4      0      0      0  38561      0      0      0      0      0      0      0      0     30      0   4373     38      0      0      0      0      0      0   1407      0      0      7      0      0      0      0      0      0     22    161      0      0      0      0      0      0      0  
77200      0      0    633      0      0   8507      0      0     36    889      0   1987      0      0   3025      0      0      0      0      0      0      0      0      0    261      0    137      0      3  96811   1431      0      0      0    677      0     14      0      0      0      0      0      0      0      1    135      0     23  11939      0    333      0      0      0      0      0      0      0      0  
 1682      0   1605      0      0  15865      0      0   1069      6      0      0      0      0      0      0      0      0      2      0      0      0      0      0      0      0     20      0      0      4      1      0      0      0    291      0      0      0   1248  16866      0      0      0      0   4765     33      0     23      0      0      0      0      0  11513      0   5689      0   1505      0   2079  
18000      0      0      0  72978      0      0      0      0      4      0      0      0      0      0      0      0      0    995      0      0      2      0      0      8      0      0      0      0      0      0     11      0   3583      0      0      0      0   1907      0      0      0      0      0    346     12      0      0      0   1288      0      0      0      0    107      0      0      0      0  25183  
  228      0   2354      0      0  39809     12      0  36796      0      0      0      0   4011      0      0     91      0      0      0      0      0      0   9456     90      0      0      0      0      0   1568      0      0      0      0      0      0      0      0      0      0      0      0      0   5011      0      0      0      0    214      0    240   1688    268      0      0      0      0      0  23183  
    0      0      0      0      0      0      0      0      1      0   3492      0      1      0    591      0      0      0      0      0      0      0    164      0  34634      0      0      0      0   6866  24092  22957     78      6   2367      0   1511      0  30046     37      0      2    996      2  96412     20    122      0   5084      0     19      0    282   1031  31049      0      0      0      0    193  
    2     17      0      0   8018      0     75      0      0      0      0      0      0      0      0      0      0      0      0      0     16    569      0      0  14510      0      0      3    953      0      0  40742      1      4     56      0      0     14      0      0      0      0      0      0      0      0      0     51      0  33452   4730      0      0      0      0      0      0      0      0      1  
    0    472      0      0      0      0      0     11      0      0   4103     15      0      0      0      0      0      0      0  14038      0      0   4450   4954      0      0      0      0      0      0      0      0    665      0      0      0  12313      0     57      0      0      0      0     51   3017      0      0    222     67      0      0      0      2      0      0      1      0      0      0      0  
    0      0      0      0      0      0      0      0    284      0     29      0      0      0      0      0    696      0      0      0   1302      0      0      0      0      0      0  98650    135  12816      0      0      0      0      0      0    603      0      0      4      0  27117      0      0    222      0     64      0    466      0  37633      0      0      0      0      0      5      0      0      0  
    0      0    180      0      0  54577      0      0  84555     46      0      0      0    503      0      0      0      0      0      0      0      0      0      0      0  13243      0      0      0      0      0     91      0      0      0      0      0      0      0      0    144      0      0      0    217      0      0      0      0      3    614      0   5774      0      0      0    104  33004      0      0  
    0      0      0      0     24      0      0      0     63  21908      0      0      0      0  12767    267      0      0      4    630      0      0      0      0      0   1003    394      0      0      0      5      5  10392      0      0      0      0    361  71746      0      0      0   2990   1691      0      0    682      0      0      0      0      1      0      0    132      0      1      0      0    578  
 2863      0      0    695     13      0     45    215      0   3264      0  17038      0     34      0      0      0      0   4301      0      0      0      0      0      0     10      0     73      0      0      0      0      0      0      0      0    348    153      0      0      0      0      0      0      0      0      0      0      0    463      0      0      0      0      0   2070    420      0      0      0  
