100

    0     66     44     53     44    878    839    852   1165   1173   1155    790    806    137    174    189    188    156   1758    916    954    953    982    944    906    976    937   1236   1164   1224   1226   1228   1293   1223   1191   1227   1686   1767   1687   1771   1668   1740   1661   1695   1680   1304   1302   1341   1262   1308   1301   1313   1333   1381   1322   1386   1323   1368   1336    669    609    706    643    832    576    555    636    599    585    590    573    643    585    578    508    508    465    478    442    524    441    797    783   1387   1434   1443   1369   1386   1412   1408   1358   1415   1628   1666   1726   1707   1679   1696    806    827  
   66      0     26     23     23    939    901    912   1229   1237   1219    851    867    148    198    195    203    164   1821    980   1017   1015   1044   1007    968   1038   1000   1290   1220   1280   1282   1284   1349   1279   1246   1283   1744   1827   1745   1831   1727   1799   1720   1754   1739   1362   1361   1398   1320   1367   1358   1372   1386   1432   1371   1437   1373   1421   1388    726    665    760    698    894    641    620    700    664    648    653    636    705    649    643    562    561    520    531    497    577    497    855    842   1451   1498   1506   1433   1450   1476   1472   1421   1479   1694   1731   1792   1772   1744   1761    869    889  
   44     26      0      9     15    921    883    896   1209   1217   1199    834    850    129    176    178    184    146   1802    960    998    997   1026    988    950   1020    981   1278   1207   1266   1268   1271   1336   1265   1233   1270   1729   1811   1730   1814   1711   1783   1704   1738   1723   1347   1345   1384   1305   1352   1344   1356   1374   1421   1362   1427   1363   1409   1377    712    651    747    685    876    619    598    680    641    629    634    617    687    629    622    549    549    507    519    484    565    483    840    826   1426   1473   1481   1408   1425   1451   1447   1397   1455   1671   1708   1769   1749   1721   1739    850    871  
   53     23      9      0     20    930    892    904   1217   1225   1207    842    859    127    176    175    182    144   1810    969   1006   1005   1034    997    958   1028    989   1286   1215   1275   1277   1279   1344   1273   1241   1278   1738   1819   1738   1823   1720   1792   1713   1747   1732   1355   1354   1392   1313   1360   1352   1365   1383   1430   1370   1435   1371   1418   1385    720    660    756    693    884    627    605    688    649    638    643    625    696    637    630    558    558    515    527    492    574    492    848    834   1432   1480   1488   1414   1432   1458   1454   1403   1462   1679   1716   1777   1757   1729   1746    858    879  
   44     23     15     20      0    918    879    891   1207   1215   1197    829    846    143    190    193    198    160   1799    958    995    994   1023    986    946   1017    978   1271   1200   1260   1262   1264   1329   1258   1226   1263   1724   1806   1724   1810   1706   1778   1699   1733   1718   1341   1340   1378   1299   1346   1338   1351   1367   1413   1353   1418   1354   1402   1369    705    645    740    678    872    619    598    678    642    626    631    614    683    627    621    542    542    500    511    477    558    477    834    821   1430   1477   1485   1412   1429   1454   1451   1400   1458   1672   1709   1770   1750   1722   1739    847    868  
  878    939    921    930    918      0     39     50    309    330    301     96     75    941    920    970    948    953    890    112     94     93    109     91     43    109     90    441    356    409    410    412    466    406    403    412    822    895    823    899    797    872    790    828    814    449    447    498    410    452    462    455    555    631    600    641    602    593    578    255    324    268    299     56    354    387    279    355    294    291    310    235    307    323    413    423    446    450    462    411    456    152    127    791    818    840    791    791    791    783    761    782    827    875    926    909    888    900     87     64  
  839    901    883    892    879     39      0     45    344    363    336     63     40    903    882    933    911    915    927    128    127    125    146    121     74    144    118    470    386    440    441    443    499    437    431    443    860    933    860    937    834    910    828    866    851    485    483    533    445    488    496    491    584    658    624    668    626    622    604    223    291    242    267     31    320    353    244    323    256    253    272    197    270    286    377    387    409    415    425    376    418    134    101    806    834    856    804    805    808    800    776    800    858    906    958    940    919    931     58     40  
  852    912    896    904    891     50     45      0    352    375    344     63     50    921    902    953    931    934    925    160    142    141    150    140     93    155    140    434    351    407    408    410    468    404    394    410    839    916    840    920    817    891    810    846    832    460    459    506    420    464    468    468    547    620    583    629    585    585    566    212    282    220    255     75    351    385    277    357    275    273    294    211    295    314    375    383    410    412    427    371    423    103     82    841    867    890    840    840    841    833    810    832    873    922    972    955    935    946    100     84  
 1165   1229   1209   1217   1207    309    344    352      0     41     11    404    383   1213   1185   1236   1213   1223    593    249    218    220    202    226    271    200    232    432    370    385    384    384    397    380    421    385    614    656    614    665    569    649    564    611    600    328    324    389    311    324    372    321    528    614    618    627    620    558    565    563    632    569    606    342    603    631    534    590    583    577    593    533    581    589    720    731    752    758    766    719    759    448    433    605    614    642    614    604    590    581    580    574    525    576    623    607    589    599    363    345  
 1173   1237   1217   1225   1215    330    363    375     41      0     40    425    402   1216   1187   1238   1215   1226    588    259    237    238    227    243    290    221    248    472    410    425    423    424    435    420    461    425    635    670    634    680    586    666    582    630    620    364    360    425    349    360    410    356    567    653    657    666    659    596    604    585    654    594    628    358    605    632    539    590    594    588    603    547    589    595    738    750    769    776    782    738    774    474    456    564    574    601    574    564    550    540    539    534    498    548    597    580    561    572    377    360  
 1155   1219   1199   1207   1197    301    336    344     11     40      0    396    375   1202   1174   1226   1203   1213    603    239    210    211    195    217    262    192    223    436    373    389    388    389    403    384    424    390    625    667    624    675    579    659    574    622    610    335    331    396    318    331    379    328    533    620    622    632    624    564    570    555    625    563    598    333    592    620    524    579    573    567    583    524    571    579    712    722    744    750    758    711    750    441    425    602    612    640    611    601    588    579    576    572    531    582    630    613    595    605    354    336  
  790    851    834    842    829     96     63     63    404    425    396      0     23    859    841    891    870    873    984    188    188    187    204    183    136    205    180    488    406    463    465    467    526    461    447    466    901    978    901    982    879    953    872    908    894    521    520    566    481    525    527    529    600    669    629    679    631    638    617    161    229    182    205     79    298    331    225    307    214    213    233    149    237    257    317    327    351    355    367    315    362     87     44    861    891    912    858    861    865    857    831    857    920    968   1020   1002    981    994     85     83  
  806    867    850    859    846     75     40     50    383    402    375     23      0    873    854    904    883    886    964    165    166    165    183    160    113    183    157    483    400    456    457    460    518    453    442    459    887    963    888    967    864    938    857    894    880    509    507    555    469    513    517    516    596    667    629    676    631    634    614    184    252    205    228     57    302    335    228    309    226    224    245    164    246    264    338    349    371    376    387    337    382    104     65    840    869    890    837    839    843    835    809    835    898    945    997    980    959    971     68     62  
  137    148    129    127    143    941    903    921   1213   1216   1202    859    873      0     56     52     55     20   1804    965   1009   1008   1040    999    964   1032    990   1324   1248   1308   1310   1312   1376   1306   1279   1311   1759   1835   1760   1839   1736   1811   1730   1766   1752   1379   1377   1420   1338   1383   1381   1387   1425   1478   1422   1484   1423   1461   1431    755    702    798    734    891    611    585    680    628    647    650    631    710    637    625    603    607    561    578    536    622    531    878    858   1374   1423   1429   1354   1373   1402   1399   1346   1408   1651   1684   1747   1727   1697   1715    863    885  
  174    198    176    176    190    920    882    902   1185   1187   1174    841    854     56      0     52     29     51   1774    938    985    984   1017    974    941   1008    965   1313   1236   1295   1297   1299   1362   1293   1268   1299   1741   1813   1741   1818   1716   1791   1709   1747   1733   1362   1360   1405   1321   1366   1366   1369   1416   1472   1417   1478   1418   1453   1424    745    696    791    727    869    582    555    653    597    628    630    610    693    614    601    600    605    558    578    533    621    527    865    843   1328   1377   1382   1308   1327   1356   1354   1300   1363   1613   1646   1709   1688   1659   1677    840    862  
  189    195    178    175    193    970    933    953   1236   1238   1226    891    904     52     52      0     26     33   1826    990   1036   1035   1068   1026    992   1059   1017   1361   1285   1344   1346   1348   1411   1342   1316   1347   1791   1864   1791   1869   1766   1842   1760   1798   1783   1412   1410   1454   1371   1416   1415   1420   1464   1518   1463   1524   1464   1500   1471    793    742    838    774    920    634    607    705    649    678    681    661    742    665    652    645    649    603    621    577    665    572    913    892   1375   1425   1429   1354   1374   1404   1401   1347   1411   1664   1697   1760   1739   1709   1728    891    913  
  188    203    184    182    198    948    911    931   1213   1215   1203    870    883     55     29     26      0     41   1802    967   1013   1012   1046   1003    970   1036    994   1341   1265   1324   1326   1328   1391   1322   1297   1327   1769   1842   1770   1847   1744   1820   1738   1776   1762   1391   1389   1434   1350   1395   1395   1398   1445   1500   1445   1507   1447   1482   1453    774    724    820    756    897    611    583    682    625    657    659    639    721    642    629    628    633    586    605    561    648    555    894    871   1350   1399   1404   1329   1349   1379   1376   1322   1385   1639   1672   1734   1714   1684   1703    868    891  
  156    164    146    144    160    953    915    934   1223   1226   1213    873    886     20     51     33     41      0   1814    976   1021   1020   1053   1011    976   1044   1002   1339   1263   1323   1325   1327   1390   1321   1294   1326   1773   1847   1773   1852   1749   1824   1743   1780   1765   1393   1391   1435   1352   1397   1395   1401   1441   1494   1438   1501   1440   1477   1447    770    718    814    750    903    622    595    691    637    660    663    643    724    649    637    620    624    578    595    552    639    548    892    872   1377   1426   1431   1357   1376   1405   1402   1349   1411   1658   1691   1754   1733   1704   1722    875    897  
 1758   1821   1802   1810   1799    890    927    925    593    588    603    984    964   1804   1774   1826   1802   1814      0    842    806    808    782    815    857    786    822    732    741    702    700    698    647    700    759    700    394    306    391    323    327    356    332    366    373    576    574    588    609    567    617    559    738    791    844    801    845    738    775   1135   1205   1127   1175    930   1193   1220   1126   1178   1174   1169   1185   1121   1174   1182   1299   1308   1334   1337   1351   1295   1345   1008   1004    794    762    788    820    794    754    746    791    732    342    374    347    353    375    359    954    934  
  916    980    960    969    958    112    128    160    249    259    239    188    165    965    938    990    967    976    842      0     65     65    105     55     74     86     44    500    417    461    462    464    508    457    468    464    825    884    825    891    790    868    784    827    814    473    469    529    438    473    497    474    614    695    673    706    675    651    641    345    410    369    389    110    357    387    286    347    336    329    345    290    332    341    487    499    515    524    527    490    518    260    228    681    708    730    680    680    682    674    650    673    743    789    843    825    802    815    122    109  
  954   1017    998   1006    995     94    127    142    218    237    210    188    166   1009    985   1036   1013   1021    806     65      0      2     41     12     53     24     22    436    352    397    397    399    443    393    404    399    768    831    768    838    736    814    730    771    758    410    407    465    375    411    433    412    550    631    609    642    612    586    577    348    417    362    392    124    407    438    333    401    369    364    381    316    373    384    503    513    534    540    549    502    542    244    221    712    735    759    713    711    709    701    682    699    733    781    832    815    794    806    149    128  
  953   1015    997   1005    994     93    125    141    220    238    211    187    165   1008    984   1035   1012   1020    808     65      2      0     41     12     52     25     22    435    352    397    397    399    443    392    404    399    769    832    769    838    737    814    731    772    758    410    407    465    375    411    433    412    549    630    609    642    611    586    577    347    416    360    391    123    406    437    332    400    368    363    380    315    372    384    501    512    533    539    547    501    540    242    219    713    737    760    715    713    711    702    684    700    734    783    834    816    796    808    147    127  
  982   1044   1026   1034   1023    109    146    150    202    227    195    204    183   1040   1017   1068   1046   1053    782    105     41     41      0     52     77     22     62    397    314    357    358    359    403    353    366    359    731    797    731    803    701    778    694    735    721    370    367    425    335    371    393    373    510    592    572    603    574    547    538    361    431    368    404    151    442    474    367    437    397    393    411    341    404    417    520    530    554    558    570    518    564    247    231    729    750    775    732    729    724    716    700    713    725    774    824    807    787    798    178    156  
  944   1007    988    997    986     91    121    140    226    243    217    183    160    999    974   1026   1003   1011    815     55     12     12     52      0     48     35     11    446    362    407    408    409    454    403    414    410    779    842    779    848    747    824    741    782    769    421    418    476    386    422    444    423    560    641    619    652    621    596    587    343    412    359    387    116    396    427    322    390    360    355    372    308    363    374    496    507    527    534    541    496    534    242    217    710    734    757    711    709    708    699    680    698    738    786    838    820    799    811    139    120  
  906    968    950    958    946     43     74     93    271    290    262    136    113    964    941    992    970    976    857     74     53     52     77     48      0     72     47    446    361    410    411    413    463    407    410    413    805    873    805    878    776    852    770    809    796    438    435    490    401    440    456    442    560    639    612    650    614    598    585    296    364    311    340     74    368    400    293    365    321    316    335    265    328    342    450    461    482    488    497    449    490    195    169    751    776    799    750    750    750    742    721    740    785    833    885    867    847    859    102     80  
  976   1038   1020   1028   1017    109    144    155    200    221    192    205    183   1032   1008   1059   1036   1044    786     86     24     25     22     35     72      0     45    417    335    377    378    379    422    373    387    380    745    808    745    814    713    790    706    748    734    387    384    443    353    388    411    389    531    613    593    624    595    567    559    364    433    374    407    145    430    461    356    424    391    386    404    336    396    408    521    531    553    558    568    519    561    254    235    712    734    758    714    712    708    700    683    697    719    768    818    801    781    792    171    149  
  937   1000    981    989    978     90    118    140    232    248    223    180    157    990    965   1017    994   1002    822     44     22     22     62     11     47     45      0    456    373    418    418    420    465    414    424    420    789    852    789    858    757    834    751    792    779    432    429    487    397    433    455    434    570    651    629    662    631    607    597    340    408    357    384    111    387    417    313    380    353    347    364    301    355    365    491    503    522    529    535    492    528    242    215    706    731    754    707    705    705    696    676    695    741    789    841    823    802    814    132    113  
 1236   1290   1278   1286   1271    441    470    434    432    472    436    488    483   1324   1313   1361   1341   1339    732    500    436    435    397    446    446    417    456      0     85     48     49     49     85     53     45     48    485    592    486    589    494    548    486    502    486    162    165    146    143    171    115    179    115    196    186    208    189    153    143    570    627    531    594    495    785    818    710    791    695    696    718    629    724    745    729    730    771    761    795    714    796    449    476   1034   1040   1068   1045   1033   1017   1007   1010   1000    848    904    930    920    915    916    526    504  
 1164   1220   1207   1215   1200    356    386    351    370    410    373    406    400   1248   1236   1285   1265   1263    741    417    352    352    314    362    361    335    373     85      0     60     62     64    130     59     54     64    536    635    537    635    535    596    527    550    534    169    170    184    133    178    144    185    200    279    261    290    263    238    225    496    556    462    523    411    701    735    627    707    615    616    637    549    642    662    659    661    701    692    723    645    724    372    396    974    983   1011    983    973    959    950    949    943    823    878    910    898    890    893    442    419  
 1224   1280   1266   1275   1260    409    440    407    385    425    389    463    456   1308   1295   1344   1324   1323    702    461    397    397    357    407    410    377    418     48     60      0      3      5     71      6     58      4    479    581    480    580    481    540    473    494    478    127    130    129    101    136     91    144    154    238    233    250    236    190    186    556    616    521    583    464    757    791    682    762    673    674    695    607    700    719    718    720    760    751    783    705    784    431    454    987    993   1021    997    986    969    960    963    952    806    862    890    879    873    875    495    473  
 1226   1282   1268   1277   1262    410    441    408    384    423    388    465    457   1310   1297   1346   1326   1325    700    462    397    397    358    408    411    378    418     49     62      3      0      3     69      5     60      2    476    578    478    577    478    538    470    492    476    124    127    126     99    134     88    142    154    239    235    251    237    190    186    558    618    523    585    465    759    792    684    763    675    675    696    609    701    721    721    723    762    753    785    707    786    433    456    985    991   1020    996    985    968    958    961    951    804    860    887    877    871    873    496    474  
 1228   1284   1271   1279   1264    412    443    410    384    424    389    467    460   1312   1299   1348   1328   1327    698    464    399    399    359    409    413    379    420     49     64      5      3      0     67      7     62      2    474    576    476    575    476    536    468    490    474    123    126    124     98    132     86    140    153    237    234    249    236    188    185    560    620    525    587    467    761    794    686    765    677    677    699    611    703    723    723    725    765    756    787    709    788    435    458    986    992   1020    997    985    968    959    962    951    804    859    887    876    870    872    498    476  
 1293   1349   1336   1344   1329    466    499    468    397    435    403    526    518   1376   1362   1411   1391   1390    647    508    443    443    403    454    463    422    465     85    130     71     69     67      0     72    121     68    408    512    410    510    412    470    404    424    408     86     90     62     86     95     34    103    134    219    236    232    238    162    174    625    686    591    652    521    818    851    742    821    738    738    759    672    763    781    788    790    830    821    853    775    853    499    520    989    992   1021   1002    989    969    960    967    951    776    831    855    845    842    842    552    530  
 1223   1279   1265   1273   1258    406    437    404    380    420    384    461    453   1306   1293   1342   1322   1321    700    457    393    392    353    403    407    373    414     53     59      6      5      7     72      0     61      7    479    580    480    579    480    540    472    494    478    124    126    128     97    133     89    141    159    243    238    255    241    194    191    554    615    520    581    461    755    788    680    759    671    671    693    605    697    717    717    719    759    750    782    704    782    429    452    982    988   1016    992    981    964    955    958    947    802    858    886    875    869    871    492    469  
 1191   1246   1233   1241   1226    403    431    394    421    461    424    447    442   1279   1268   1316   1297   1294    759    468    404    404    366    414    410    387    424     45     54     58     60     62    121     61      0     60    526    632    528    630    532    589    524    543    527    184    187    181    157    193    146    201    154    229    207    240    210    192    175    525    582    486    549    457    744    777    670    750    652    654    675    586    682    703    684    685    726    716    750    669    751    405    433   1025   1033   1061   1034   1024   1009   1000   1000    993    860    915    944    933    927    929    488    466  
 1227   1283   1270   1278   1263    412    443    410    385    425    390    466    459   1311   1299   1347   1327   1326    700    464    399    399    359    410    413    380    420     48     64      4      2      2     68      7     60      0    475    577    477    576    477    537    470    491    475    124    127    125     99    134     87    142    152    237    233    249    235    188    185    559    619    525    586    467    761    794    686    765    677    677    698    610    703    723    722    724    764    755    787    708    787    434    458    987    992   1021    998    986    969    960    963    952    805    860    888    877    872    873    498    475  
 1686   1744   1729   1738   1724    822    860    839    614    635    625    901    887   1759   1741   1791   1769   1773    394    825    768    769    731    779    805    745    789    485    536    479    476    474    408    479    526    475      0    121      3    113     73     66     71     29     22    383    384    352    425    378    392    373    437    458    525    465    525    421    463   1020   1084    992   1051    875   1172   1204   1097   1168   1113   1111   1131   1050   1129   1144   1187   1190   1227   1221   1249   1175   1248    890    904   1061   1043   1072   1082   1060   1028   1019   1048   1006    681    728    719    719    733    722    905    882  
 1767   1827   1811   1819   1806    895    933    916    656    670    667    978    963   1835   1813   1864   1842   1847    306    884    831    832    797    842    873    808    852    592    635    581    578    576    512    580    632    577    121      0    119     18    102     60    109     96    111    473    474    452    515    467    491    461    553    579    644    585    645    539    581   1107   1173   1083   1140    945   1238   1269   1164   1230   1188   1185   1204   1126   1200   1214   1274   1279   1314   1310   1335   1265   1332    976    986   1038   1014   1043   1061   1037   1002    993   1029    979    624    665    647    651    669    655    974    951  
 1687   1745   1730   1738   1724    823    860    840    614    634    624    901    888   1760   1741   1791   1770   1773    391    825    768    769    731    779    805    745    789    486    537    480    478    476    410    480    528    477      3    119      0    110     70     64     69     26     20    384    385    353    426    379    393    374    439    461    527    467    527    423    465   1021   1085    993   1052    875   1173   1204   1097   1168   1114   1111   1131   1050   1129   1145   1188   1191   1228   1222   1250   1176   1249    891    905   1059   1041   1070   1081   1059   1026   1017   1047   1004    678    725    716    717    730    720    905    882  
 1771   1831   1814   1823   1810    899    937    920    665    680    675    982    967   1839   1818   1869   1847   1852    323    891    838    838    803    848    878    814    858    589    635    580    577    575    510    579    630    576    113     18    110      0    104     48    111     89    105    474    475    451    516    468    491    462    547    571    637    577    637    533    575   1109   1175   1085   1142    950   1244   1275   1170   1237   1193   1190   1209   1131   1205   1219   1277   1281   1317   1312   1337   1267   1335    978    989   1053   1030   1058   1076   1053   1017   1008   1044    995    641    682    664    668    686    672    980    957  
 1668   1727   1711   1720   1706    797    834    817    569    586    579    879    864   1736   1716   1766   1744   1749    327    790    736    737    701    747    776    713    757    494    535    481    478    476    412    480    532    477     73    102     70    104      0     80      8     51     51    372    373    352    414    366    391    360    461    495    557    503    558    451    492   1006   1072    982   1040    848   1142   1173   1068   1136   1090   1087   1106   1028   1103   1117   1174   1179   1214   1209   1234   1164   1232    875    886    993    974   1003   1015    993    959    950    981    937    609    655    647    647    661    650    877    854  
 1740   1799   1783   1792   1778    872    910    891    649    666    659    953    938   1811   1791   1842   1820   1824    356    868    814    814    778    824    852    790    834    548    596    540    538    536    470    540    589    537     66     60     64     48     80      0     85     47     63    439    440    413    481    434    453    429    502    524    590    530    591    487    529   1076   1141   1050   1109    924   1219   1251   1145   1214   1164   1162   1181   1101   1178   1193   1243   1248   1284   1278   1305   1233   1303    946    958   1063   1041   1070   1085   1062   1028   1019   1052   1006    663    707    692    694    711    698    953    930  
 1661   1720   1704   1713   1699    790    828    810    564    582    574    872    857   1730   1709   1760   1738   1743    332    784    730    731    694    741    770    706    751    486    527    473    470    468    404    472    524    470     71    109     69    111      8     85      0     53     50    365    365    345    406    358    383    353    454    487    550    496    551    444    485    999   1065    975   1032    841   1136   1167   1061   1130   1083   1080   1100   1021   1096   1110   1167   1171   1206   1202   1227   1156   1225    868    879    992    973   1002   1014    992    958    949    980    936    610    657    650    650    663    652    871    848  
 1695   1754   1738   1747   1733    828    866    846    611    630    622    908    894   1766   1747   1798   1776   1780    366    827    771    772    735    782    809    748    792    502    550    494    492    490    424    494    543    491     29     96     26     89     51     47     53      0     17    394    394    367    435    388    406    383    459    483    549    490    550    444    487   1030   1096   1004   1063    880   1176   1208   1102   1171   1120   1118   1137   1057   1135   1150   1198   1202   1238   1233   1259   1187   1258    900    913   1044   1024   1054   1066   1043   1010   1001   1032    988    657    703    693    694    709    697    910    887  
 1680   1739   1723   1732   1718    814    851    832    600    620    610    894    880   1752   1733   1783   1762   1765    373    814    758    758    721    769    796    734    779    486    534    478    476    474    408    478    527    475     22    111     20    105     51     63     50     17      0    378    379    351    420    373    391    368    443    468    534    476    534    429    471   1015   1080    989   1047    866   1163   1194   1088   1158   1105   1103   1123   1042   1121   1136   1182   1186   1223   1217   1244   1171   1243    885    898   1040   1022   1051   1062   1040   1007    998   1028    985    659    706    697    697    711    700    896    873  
 1304   1362   1347   1355   1341    449    485    460    328    364    335    521    509   1379   1362   1412   1391   1393    576    473    410    410    370    421    438    387    432    162    169    127    124    123     86    124    184    124    383    473    384    474    372    439    365    394    378      0      5     62     42     10     53     18    216    299    321    312    323    240    257    638    702    611    670    503    803    835    727    802    735    733    754    670    754    771    805    809    845    839    867    794    865    508    522    910    911    940    924    910    889    879    888    870    690    746    770    761    757    757    535    511  
 1302   1361   1345   1354   1340    447    483    459    324    360    331    520    507   1377   1360   1410   1389   1391    574    469    407    407    367    418    435    384    429    165    170    130    127    126     90    126    187    127    384    474    385    475    373    440    365    394    379      5      0     66     42      8     58     15    221    304    325    316    327    244    262    637    702    611    669    501    800    833    725    800    733    731    752    668    752    769    804    808    844    839    866    793    864    507    521    906    906    935    919    905    884    875    884    866    687    742    767    757    753    754    532    509  
 1341   1398   1384   1392   1378    498    533    506    389    425    396    566    555   1420   1405   1454   1434   1435    588    529    465    465    425    476    490    443    487    146    184    129    126    124     62    128    181    125    352    452    353    451    352    413    345    367    351     62     66      0     91     66     41     70    169    247    277    260    279    187    210    673    736    642    702    553    852    885    776    853    779    778    799    713    800    818    838    841    879    872    902    826    901    545    563    967    966    996    981    967    945    935    946    926    730    785    806    797    795    794    585    561  
 1262   1320   1305   1313   1299    410    445    420    311    349    318    481    469   1338   1321   1371   1350   1352    609    438    375    375    335    386    401    353    397    143    133    101     99     98     86     97    157     99    425    515    426    516    414    481    406    435    420     42     42     91      0     48     63     55    219    305    317    318    319    248    258    596    661    570    628    465    764    797    688    764    694    692    713    629    714    731    763    767    803    798    825    752    823    466    481    904    907    936    916    903    884    875    881    867    706    762    789    779    773    775    496    473  
 1308   1367   1352   1360   1346    452    488    464    324    360    331    525    513   1383   1366   1416   1395   1397    567    473    411    411    371    422    440    388    433    171    178    136    134    132     95    133    193    134    378    467    379    468    366    434    358    388    373     10      8     66     48      0     62      9    224    306    329    319    331    247    265    643    708    617    675    506    805    838    730    804    738    737    757    674    757    774    810    814    851    845    872    799    870    513    527    904    904    933    917    903    882    873    882    864    682    737    761    752    748    748    537    514  
 1301   1358   1344   1352   1338    462    496    468    372    410    379    527    517   1381   1366   1415   1395   1395    617    497    433    433    393    444    456    411    455    115    144     91     88     86     34     89    146     87    392    491    393    491    391    453    383    406    391     53     58     41     63     62      0     69    164    248    268    261    270    189    205    633    695    602    662    517    815    848    740    817    740    739    760    674    763    781    798    801    839    832    861    786    861    505    524    960    962    991    973    960    940    930    938    921    742    798    821    812    809    809    548    525  
 1313   1372   1356   1365   1351    455    491    468    321    356    328    529    516   1387   1369   1420   1398   1401    559    474    412    412    373    423    442    389    434    179    185    144    142    140    103    141    201    142    373    461    374    462    360    429    353    383    368     18     15     70     55      9     69      0    231    313    336    325    338    253    272    648    713    623    681    509    808    840    732    807    742    740    761    678    760    777    815    820    856    850    877    805    875    518    531    898    898    927    912    898    877    867    877    858    674    729    753    744    740    741    540    516  
 1333   1386   1374   1383   1367    555    584    547    528    567    533    600    596   1425   1416   1464   1445   1441    738    614    550    549    510    560    560    531    570    115    200    154    154    153    134    159    154    152    437    553    439    547    461    502    454    459    443    216    221    169    219    224    164    231      0     87    110     99    111     38     42    672    725    629    692    610    897    930    823    904    805    806    827    738    835    856    826    826    869    856    893    810    896    556    585   1123   1125   1154   1135   1122   1103   1093   1100   1085    898    953    973    964    963    962    640    619  
 1381   1432   1421   1430   1413    631    658    620    614    653    620    669    667   1478   1472   1518   1500   1494    791    695    631    630    592    641    639    613    651    196    279    238    239    237    219    243    229    237    458    579    461    571    495    524    487    483    468    299    304    247    305    306    248    313     87      0     71     13     71     60     54    728    777    681    745    685    966   1000    894    975    869    871    892    803    902    924    876    874    919    904    943    858    947    619    651   1208   1209   1238   1220   1207   1187   1178   1185   1169    971   1026   1042   1035   1036   1033    715    694  
 1322   1371   1362   1370   1353    600    624    583    618    657    622    629    629   1422   1417   1463   1445   1438    844    673    609    609    572    619    612    593    629    186    261    233    235    234    236    238    207    233    525    644    527    637    557    590    550    549    534    321    325    277    317    329    268    336    110     71      0     71      3    107     70    676    722    626    690    652    925    958    854    936    822    825    847    757    858    880    819    816    861    846    887    800    891    572    607   1218   1223   1252   1230   1218   1200   1190   1195   1182   1006   1062   1082   1074   1072   1071    681    661  
 1386   1437   1427   1435   1418    641    668    629    627    666    632    679    676   1484   1478   1524   1507   1501    801    706    642    642    603    652    650    624    662    208    290    250    251    249    232    255    240    249    465    585    467    577    503    530    496    490    476    312    316    260    318    319    261    325     99     13     71      0     70     73     66    735    783    687    751    695    975   1009    903    984    877    879    901    811    910    932    882    880    924    909    949    864    953    627    660   1220   1222   1251   1233   1220   1200   1190   1198   1182    983   1038   1054   1047   1048   1045    725    704  
 1323   1373   1363   1371   1354    602    626    585    620    659    624    631    631   1423   1418   1464   1447   1440    845    675    612    611    574    621    614    595    631    189    263    236    237    236    238    241    210    235    525    645    527    637    558    591    551    550    534    323    327    279    319    331    270    338    111     71      3     70      0    108     71    678    723    628    692    654    927    960    855    938    824    827    848    759    860    882    820    817    863    847    888    802    892    574    609   1220   1225   1254   1232   1220   1202   1193   1197   1185   1008   1064   1083   1075   1074   1073    683    663  
