50

    0   1420   1474   1434   1455   1455   1475   1393    676    645    676   1006    865    842    807    872    323    331    305    486    455    453    450    620    648    661    653   1025    971    941    994    793    778    777    785    846    828    802    776    770    631    424    427    377    400    735    743    780    764    741  
 1420      0     65     38     35     36     59    500    814   1069   1010    711    591    632    650    603   1529   1525   1518    966    988    988    998    842    815    861    913   1098   1156    736    713    675    702    694    694    626    659   1257   1250   1274    951   1619   1576   1589   1580   1155   1108   1137   1599   1585  
 1474     65      0     41     43     43     55    549    875   1133   1074    774    652    695    712    666   1576   1571   1565   1025   1046   1046   1057    902    875    924    976   1160   1219    801    777    719    745    738    737    668    701   1321   1314   1338   1014   1663   1620   1635   1625   1219   1172   1202   1663   1649  
 1434     38     41      0     44     45     69    538    837   1097   1038    744    614    657    673    628   1536   1531   1525    985   1006   1006   1017    863    836    886    939   1132   1190    769    746    679    705    699    698    629    662   1288   1281   1304    977   1624   1580   1595   1586   1185   1137   1168   1628   1614  
 1455     35     43     44      0      2     26    507    846   1100   1040    735    623    665    683    636   1564   1559   1553   1000   1022   1022   1032    875    848    893    945   1120   1180    763    738    709    736    728    728    660    693   1284   1278   1302    983   1653   1610   1624   1615   1183   1136   1165   1628   1615  
 1455     36     43     45      2      0     25    506    847   1100   1041    735    624    665    684    636   1565   1560   1554   1001   1023   1023   1033    876    849    894    945   1120   1180    763    738    710    737    729    729    661    694   1285   1278   1302    983   1654   1611   1625   1616   1184   1136   1165   1628   1615  
 1475     59     55     69     26     25      0    497    861   1111   1051    740    639    679    699    650   1587   1582   1576   1018   1040   1040   1050    892    864    908    958   1123   1184    770    743    733    760    752    752    684    717   1292   1286   1310    996   1676   1634   1647   1638   1192   1145   1173   1638   1625  
 1393    500    549    538    507    506    497      0    717    852    795    417    562    567    609    541   1597   1596   1581    908    941    944    945    776    750    735    756    716    792    476    427    858    889    874    883    830    869    951    953    978    788   1701   1669   1662   1664    881    837    848   1319   1311  
  676    814    875    837    846    847    861    717      0    298    252    353    224    183    165    214    895    895    878    192    226    229    228     69     54     59    123    564    565    291    341    430    446    431    447    454    471    547    529    547    157   1002    977    961    966    426    387    434    824    807  
  645   1069   1133   1097   1100   1100   1111    852    298      0     61    435    499    450    449    475    937    941    918    316    341    347    329    321    333    240    176    387    348    378    426    717    728    715    731    747    760    259    238    253    143   1046   1034   1000   1015    140    117    166    535    519  
  676   1010   1074   1038   1040   1041   1051    795    252     61      0    379    444    394    395    418    957    960    939    302    331    338    322    284    291    194    130    376    350    320    369    678    691    677    693    705    720    296    278    296    104   1067   1052   1021   1034    175    138    187    592    577  
 1006    711    774    744    735    735    740    417    353    435    379      0    319    286    325    279   1245   1245   1228    537    572    576    572    420    400    350    355    393    446     65     12    667    693    677    691    665    696    560    558    583    381   1353   1328   1311   1317    475    428    447    921    911  
  865    591    652    614    623    624    639    562    224    499    444    319      0     51     61     40   1040   1038   1025    386    413    415    421    255    228    274    330    662    689    287    310    350    377    361    374    347    378    724    711    732    368   1142   1109   1105   1104    609    564    604   1033   1017  
  842    632    695    657    665    665    679    567    183    450    394    286     51      0     44     31   1030   1029   1015    358    388    390    394    224    197    229    284    615    640    247    276    383    408    392    406    386    415    674    660    681    322   1134   1103   1096   1097    558    513    553    984    969  
  807    650    712    673    683    684    699    609    165    449    395    325     61     44      0     68    990    988    974    327    354    356    362    195    167    218    277    641    661    283    315    347    371    355    370    354    381    682    667    687    314   1093   1061   1055   1056    564    520    563    982    965  
  872    603    666    628    636    636    650    541    214    475    418    279     40     31     68      0   1057   1056   1042    389    418    420    424    255    227    258    311    624    652    247    271    388    415    399    412    387    418    694    681    703    349   1161   1129   1123   1123    580    534    573   1009    994  
  323   1529   1576   1536   1564   1565   1587   1597    895    937    957   1245   1040   1030    990   1057      0     12     20    709    673    669    674    829    853    896    906   1323   1276   1181   1233    858    834    839    842    910    881   1117   1091   1087    893    110    104     66     79   1042   1044   1084   1081   1058  
  331   1525   1571   1531   1559   1560   1582   1596    895    941    960   1245   1038   1029    988   1056     12      0     27    710    674    669    675    829    853    897    908   1327   1281   1182   1233    853    828    834    836    904    875   1123   1097   1093    895    108     97     68     74   1047   1048   1089   1090   1067  
  305   1518   1565   1525   1553   1554   1576   1581    878    918    939   1228   1025   1015    974   1042     20     27      0    692    656    652    657    813    837    879    888   1304   1257   1164   1216    848    824    829    832    900    871   1098   1072   1068    875    128    123     84     98   1023   1025   1065   1063   1041  
  486    966   1025    985   1000   1001   1018    908    192    316    302    537    386    358    327    389    709    710    692      0     36     41     37    135    162    188    208    673    651    473    525    449    452    442    456    491    492    569    546    556    208    817    794    775    782    454    431    480    766    746  
  455    988   1046   1006   1022   1023   1040    941    226    341    331    572    413    388    354    418    673    674    656     36      0      7     15    166    193    224    242    704    680    508    560    450    450    441    455    494    493    591    567    576    240    782    759    739    746    478    457    506    772    751  
  453    988   1046   1006   1022   1023   1040    944    229    347    338    576    415    390    356    420    669    669    652     41      7      0     20    169    196    228    248    710    687    513    565    446    446    437    451    490    489    597    573    582    246    777    754    735    741    484    463    512    777    756  
  450    998   1057   1017   1032   1033   1050    945    228    329    322    572    421    394    362    424    674    675    657     37     15     20      0    171    199    222    237    696    671    508    560    464    465    455    469    508    507    578    554    563    233    783    761    740    748    466    446    495    758    737  
  620    842    902    863    875    876    892    776     69    321    284    420    255    224    195    255    829    829    813    135    166    169    171      0     28    100    156    620    615    359    408    396    408    395    410    427    439    577    558    573    181    937    910    895    900    457    422    470    830    812  
  648    815    875    836    848    849    864    750     54    333    291    400    228    197    167    227    853    853    837    162    193    196    199     28      0    100    162    616    615    340    388    387    400    387    402    415    429    586    567    584    191    960    933    919    923    465    429    476    848    830  
  661    861    924    886    893    894    908    735     59    240    194    350    274    229    218    258    896    897    879    188    224    228    222    100    100      0     65    521    516    286    338    486    500    486    502    511    527    489    471    488     99   1005    982    962    969    368    330    377    767    750  
  653    913    976    939    945    945    958    756    123    176    130    355    330    284    277    311    906    908    888    208    242    248    237    156    162     65      0    473    462    290    343    548    562    548    564    575    590    426    407    424     39   1015    995    971    981    304    267    315    705    689  
 1025   1098   1160   1132   1120   1120   1123    716    564    387    376    393    662    615    641    624   1323   1327   1304    673    704    710    696    620    616    521    473      0     85    388    394    979    999    984   1000    993   1017    288    304    325    466   1432   1421   1386   1401    296    283    250    642    640  
  971   1156   1219   1190   1180   1180   1184    792    565    348    350    446    689    640    661    652   1276   1281   1257    651    680    687    671    615    615    516    462     85      0    431    445    990   1008    993   1009   1007   1029    208    226    246    448   1384   1375   1337   1354    236    234    193    558    556  
  941    736    801    769    763    763    770    476    291    378    320     65    287    247    283    247   1181   1182   1164    473    508    513    508    359    340    286    290    388    431      0     54    629    654    638    652    632    661    523    518    542    317   1290   1265   1247   1254    429    382    406    877    866  
  994    713    777    746    738    738    743    427    341    426    369     12    310    276    315    271   1233   1233   1216    525    560    565    560    408    388    338    343    394    445     54      0    658    684    668    681    657    688    555    552    577    370   1341   1316   1299   1305    468    421    441    915    905  
  793    675    719    679    709    710    733    858    430    717    678    667    350    383    347    388    858    853    848    449    450    446    464    396    387    486    548    979    990    629    658      0     31     20     26     54     44    973    953    969    576    945    902    917    907    852    815    862   1213   1193  
  778    702    745    705    736    737    760    889    446    728    691    693    377    408    371    415    834    828    824    452    450    446    465    408    400    500    562    999   1008    654    684     31      0     17      8     77     50    985    965    980    588    919    875    892    881    864    828    876   1217   1197  
  777    694    738    699    728    729    752    874    431    715    677    677    361    392    355    399    839    834    829    442    441    437    455    395    387    486    548    984    993    638    668     20     17      0     16     72     54    972    952    967    575    925    882    898    888    851    815    863   1207   1186  
  785    694    737    698    728    729    752    883    447    731    693    691    374    406    370    412    842    836    832    456    455    451    469    410    402    502    564   1000   1009    652    681     26      8     16      0     69     43    987    968    983    591    927    883    900    889    866    830    878   1221   1201  
  846    626    668    629    660    661    684    830    454    747    705    665    347    386    354    387    910    904    900    491    494    490    508    427    415    511    575    993   1007    632    657     54     77     72     69      0     39   1000    982    998    605    995    952    968    958    879    841    888   1251   1231  
  828    659    701    662    693    694    717    869    471    760    720    696    378    415    381    418    881    875    871    492    493    489    507    439    429    527    590   1017   1029    661    688     44     50     54     43     39      0   1015    996   1011    619    964    920    938    927    894    857    904   1256   1236  
  802   1257   1321   1288   1284   1285   1292    951    547    259    296    560    724    674    682    694   1117   1123   1098    569    591    597    578    577    586    489    426    288    208    523    555    973    985    972    987   1000   1015      0     27     38    397   1222   1219   1175   1195    122    162    122    370    364  
  776   1250   1314   1281   1278   1278   1286    953    529    238    278    558    711    660    667    681   1091   1097   1072    546    567    573    554    558    567    471    407    304    226    518    552    953    965    952    968    982    996     27      0     26    378   1196   1193   1150   1169    104    148    113    367    359  
  770   1274   1338   1304   1302   1302   1310    978    547    253    296    583    732    681    687    703   1087   1093   1068    556    576    582    563    573    584    488    424    325    246    542    577    969    980    967    983    998   1011     38     26      0    394   1191   1189   1144   1165    124    169    137    341    334  
  631    951   1014    977    983    983    996    788    157    143    104    381    368    322    314    349    893    895    875    208    240    246    233    181    191     99     39    466    448    317    370    576    588    575    591    605    619    397    378    394      0   1002    984    958    968    276    242    291    669    652  
  424   1619   1663   1624   1653   1654   1676   1701   1002   1046   1067   1353   1142   1134   1093   1161    110    108    128    817    782    777    783    937    960   1005   1015   1432   1384   1290   1341    945    919    925    927    995    964   1222   1196   1191   1002      0     53     47     39   1149   1152   1192   1171   1149  
  427   1576   1620   1580   1610   1611   1634   1669    977   1034   1052   1328   1109   1103   1061   1129    104     97    123    794    759    754    761    910    933    982    995   1421   1375   1265   1316    902    875    882    883    952    920   1219   1193   1189    984     53      0     69     35   1142   1142   1183   1184   1161  
  377   1589   1635   1595   1624   1625   1647   1662    961   1000   1021   1311   1105   1096   1055   1123     66     68     84    775    739    735    740    895    919    962    971   1386   1337   1247   1299    917    892    898    900    968    938   1175   1150   1144    958     47     69      0     34   1102   1105   1145   1126   1104  
  400   1580   1625   1586   1615   1616   1638   1664    966   1015   1034   1317   1104   1097   1056   1123     79     74     98    782    746    741    748    900    923    969    981   1401   1354   1254   1305    907    881    888    889    958    927   1195   1169   1165    968     39     35     34      0   1120   1122   1162   1153   1131  
  735   1155   1219   1185   1183   1184   1192    881    426    140    175    475    609    558    564    580   1042   1047   1023    454    478    484    466    457    465    368    304    296    236    429    468    852    864    851    866    879    894    122    104    124    276   1149   1142   1102   1120      0     48     47    449    437  
  743   1108   1172   1137   1136   1136   1145    837    387    117    138    428    564    513    520    534   1044   1048   1025    431    457    463    446    422    429    330    267    283    234    382    421    815    828    815    830    841    857    162    148    169    242   1152   1142   1105   1122     48      0     50    496    484  
  780   1137   1202   1168   1165   1165   1173    848    434    166    187    447    604    553    563    573   1084   1089   1065    480    506    512    495    470    476    377    315    250    193    406    441    862    876    863    878    888    904    122    113    137    291   1192   1183   1145   1162     47     50      0    475    466  
  764   1599   1663   1628   1628   1628   1638   1319    824    535    592    921   1033    984    982   1009   1081   1090   1063    766    772    777    758    830    848    767    705    642    558    877    915   1213   1217   1207   1221   1251   1256    370    367    341    669   1171   1184   1126   1153    449    496    475      0     24  
  741   1585   1649   1614   1615   1615   1625   1311    807    519    577    911   1017    969    965    994   1058   1067   1041    746    751    756    737    812    830    750    689    640    556    866    905   1193   1197   1186   1201   1231   1236    364    359    334    652   1149   1161   1104   1131    437    484    466     24      0  

    0      0      0      0      0  82182      0      0   3221      0      0      0      0      0      0      0      0      0      0     16      0      0      0      0     18      0   3595      0     10      0      0      0      0      0      0      0      0      2      0      0      0     89      0      0      0      0      0      0      0     16  
    0      0      0    241      0      0      0      3      0      0  40675  15663      0      0      0      0      0      0   1069    117    448      0     24  41898    545      0      3      0      0      0      0     10      0    104    360   2249      0      0   7553     10      0      0      0   6012      0      0      0      0      0      0  
    0  10478      0      0      0      0    235      0      0    294   4417      0   1362      0      0      0      0      0      0  30856      4     28      0      0      0      0   1008      0      6    197      0      0      0      0      1  15144      0     44     18   3538      0      0      0      0      0    729      0     62      0      0  
    0     94      7      0      0      0      0      0      0   1358      0      0      0      3      0      0      0      0      0      0      0      0      0      9      0      0      0      0      0      0      0      0      7      5      0      0      0  31154      0     25      0      0      0      0     30      0      0      0      0      0  
    0  13013     80      0      0      0      0      0      0      1   2507      0      0      0      0      0      0  81261    215      0      0      0      0      0  80816      0      0      0      0      0      0     25      0      7      0      0      0      0     88      3      0      0      0      0    156      0      0      0      0      0  
 3618      0      0      0  34711      0      0      0      0     76      0     16      7      0  90728  27291    233  19335      0      0      0      0      2      0   7671  22149      0      0      0     14      0      0      0    215      0      0      0      0      0      1      0      0      0      0      0      0      0      0      0      0  
    0      0      0     10      0      0      0      0      0  53989      0    209     88      0    105   1977      3      0      0  28043      0      0      0      0      0    767      0   9491      0      0      0      0  61601      0      4      0      2      0   1613    351      0  14789      0      0      0  16927      0      0      0      0  
    0      0      2     12      0      0      0      0      0      0      0      0      0      0      0      0      1    839      0      0      0      0      0      0      0      0      0      0      0      0     32      0      0      0      0      0      0      0    723      0     91      0    878  11454      0      0    205      0      0      0  
    6      0      7   2816      0     18      0      0      0      0   7240      0      0      0      0      1      0     23      0      0      0   1224  78633     40      0      0      0      0      0      0    508    221      0      0      3      0      0      0      0      0      0      0   7110      0      1      0      0      0      0      0  
 1933      0    752      0      0      0      1      0      0      0      0   2209      0   7318      0     11      0      0      0  32300  32111      0      0      0      0      0      2      0      0      0      0      0   1069      9      0    204     64    141      0      1      0      0      3     23      2  26479      0      0  88747      0  
    0      1      0   3908      0      0   3110     14      0      0      0      0      0      0      0     17   1752      0      0      0      0  27308   5096      0      0      3      0    307      0      0      0      0      0      0  12292      0      0      0      1      0    140      0      0      0   9206      0      0      1      0   1687  
    0      0   4404      0   2477      0      0   1782   7307      0      1      0      0      0  47181      0      0      0   5450      0      0      0      0      0    474      0      0      0      0  48408      0      0      0      9      0      0      0      0      0     66      0      0     49   2082      0     53      0      0      0      0  
    0      0      0      0      0     46      0      0     46  29790   4806      0      0     23      0  10719      0      0      0      0      0   7752      0   6210      0   4980      0    382      0      0      0      0      0      0      0      0      0      0      0  11726  70978      0      0      0      0     57     39      0      0   3298  
    0      0      0      0      0      0      0      0      0     15      0      2      0      0      0      0      0    346      0      0      0      0      0      0    161      1      0      0      0      1      0      0  40440     11      0      0      0      0      0      0  38986      0      0      0    983      0      0      0   4587      0  
    0  19095      0      0      0      0      0      0      0      0   8191      0      0      0      0      0    127    630      0      0      0      7     26      0      0      0      0      0      0      0      0      0      0   6469    423  10871     15     46      3     22      0      0      0      0      0      0      0      0      1      0  
    0      0      0      0      0      0      0      0      0      0      0      4      0      0      0      0    978      0      0      0  16923      1  41938      0      0    595      0     88      0      0      0      0      0      0      0      0      0      0      0     26      0      0    137      0    304   1411      0      0      0      0  
    0      0      0      5      0     34      0      0   2531      0      3      2      0      0      0      0      0  76665      0      0      0      0      0      0   5453   1582      0      0      0      1    567   3511      0      0    185      0      3      0      0    265      0      0      0      0      0      0      0      0     28      0  
    0   1134    504   7429   2448   3895      0      0    393      0  16499      0      0      0      0      0      0      0     92  51108      0      0      0   1511      0  66230      0      0      0      0      0  26039      0      0      0      0      0      0  90171      0      0      0      0      0      0      0      0      0      4      0  
55782      0      0      0      0      0      0      0   3719   1474      0      0   3712      0      0     57      0      0      0    193      0      0  66500      5      0      0      0      0      0      0      0      0      0      0      0      0      0      0      0     10      0      0   1485      0      0   1502      0      0      0      0  
    0      0      0      0      0      0      0      0      0      0      0      0      0  16530   3386      0  41701      0      0      0      0      0  24436      0  74466   2312      0      0      0      0      4      1      0      0      0     80   1342      0      0      0      0   1470      0      0      0      0      0  44182      0      2  
    0      0      0      0      0      0      0      0     16      0      4      0  36848      1      0      0      0      0     16      2      0    480     97    694      0      0      0      0      0      0      0      0      0  21658      0     57      7      0      0      0      0      8     39  96898    965      0      0      0  79874      0  
    3      0      0      0    625      3      0      3      0      0      0      0      1      0      0      0      0      0     13      1  10267      0      0   2047    285    902      0      0     17     63      0      0      0      0  22892      0      0   2517  42787      0  10874      0      0  14681   4083      0   2498      1      0      0  
  327      0      0      0      0      0     15      0      0     32      4     11      0      4      2      0   4098      0      0   5116      0      0      0      0      0      0     35      0      0      0      0      3   5605      0      0      0      0      3      0      0      0      0      0  13326  11276      0      0  13920      0      0  
  281      0      0      0      0      0      0  38184      0    330      0      0      0      0      0      1      0      0      6      0     21      0      0      0      0    110      0      0  25206      3      0      0      0      0      0      0      0      2  14915      3      0      0      0      0      0     74      0      0      0      0  
    0      0      0      0      0      1      2      0   5598  19184     25      0      0      0      0      0     18      0      0     64    341      0    326      0      0      0      0      0      0      0      2  37617      0     37      0      0      0      2      0      0      0   5214      0  18315      0      0  66101      0      0      0  
    0      0      0      0   7233  21150      0      0     10      0      0      0  40243  13283      0      0      0      0      0   5072      0      0   6683   6554      0      0      0      0     91   2856  56166    888      1      0    121      0      0      0      0      0      0      0      0     14      0      0    267      5      0    257  
    0      0    480  17103      0   7939      0      8      0      0      0      0      0      0      0      0      0     80      0      0      0      0      0    438      0      0      0      0     46      0     27      0      0      0    115      0      0      0      0      0      0     15      0   4828   5304      0      0      0      4      0  
    0   9628     39      0      0      0      0      0      0      0      0      0      0      0      0      0      0      0      0      0      0      0      0      0      0      0  35497      0      0      0      2      0      0      0      0      0      0      0      0      0      0   3252      0   7473  33081      0      0      0      0      0  
    0      0   1825      0      0      0   3131    456    132     39      0      0      6      0      0      0      0      0      0      0      0      0      0    175      0   1768      0      0      0      0      0      0     86      0      0    539      0      0      0     48      0      0  86447    977      0   1353      0  50646      0      0  
    0      0      0      0      0      0      0      0      0      0      0      0     80      0      0      0      0      0      0      0      9      0      9      0      0      0      0     28      0      0      1      0      0      0      0      0   6578      0      0      0     14    591      0      2      0      0      0      0      0     14  
    3      0      2      0      0      0    397      0      0      0      2    311      0      0      1    385      0      0      0      4      0      0    706      0      0     30  74907      0   3294      0      0      0     13      0      0      0      0      0  13133      0      0      0   1659      0    241      0     37      0   4266      0  
    0      2      0      0   2382      0    403      0      0      0      0    188      0      0      0  40680      0      0      0      0   6726      0      0      0      0      0   2167      0      0      0      0      0      0      0      0     91   2041      0      0      6      0      0      0      0      0  25444      0      0      0      0  
    0      0      0    606  15851      0      0      0      0      2      0      0      0     10      0      0      0   8979    180      0      0  25530      0      0      0      0      0     11      0     21      0      0      0     94      0   2518      0      0   2338      0   1774      0      0      0      0      0      0      0    283      0  
    0  13893  38055      0      0      0      0      0      0      0      0      0   9585      0      0      0      5      2      0      0      6    522      0      0      0      0      0      0   9021      1      0      0      0      0      0      0      0      0      0      0      0      0      0  52158      0      0      0      0      0      0  
    0  14563      0     52      0      0      0      0      0    365      0      0      0      0      0      0      0      0      0      0      0      0      0      0      0      3      0      0      0      0      0      0  47757      0      0      0  65990      0      7     21      0      0     93      0      0    101      0      0      0      0  
    0      0      0      0      0      0   4583  10521   8961      0    621      0   2827      0    135      0    271      0      0      0    591      0   1991      0      4      0  71911      0      0      0      0   1551      0      0      0      0      0      0      0      0  31982  28442      0      0      0      0   2293      0      0      0  
    0   3063      0      0      0      0  20084      0      0      0   1487      0     16      0      0    208      0      0      0      0  64731     12      0      0      0      0      0      0      0   2174      0      0      0      9      0      0      0      0      0      0      0      0      0      0     10   5915  32062      0   4649      0  
    0      1      0      0      0    747    939      0      0      0      0      0      0      0      0      0      0      0   1866      0      0      0      0      0      0      0      0      0      0      0      0      0      0      0      0      0      0      0      0      0      0      0    208    110      0      0     40      0      0      0  
    0      0      0      1     27      0      0      0    215   9918      1     11     63   6184      0      0      0      0      0      0      0      0  24737     82  48749  22946      0      0      0      0   1216      0      0      0      0   3006     46  75773      0      0      0    166      0      0      0      0      0    891     33      9  
  290      0      0      0      0      6  78099      5      0      0   1184      0      0   1863      0      0      0  53859      0  32545      0      0    106  99421      0      0      0   7962      0      0      0      0      4    978      0      0      0     49  21760      0      0     12   8614      0      0      0   1815      0      0      2  
    0      0   1389      0      0      0     67      0   1932     77      0      0      0  75438      0      0      0      0      0      0      0      0      0      0      7      0      0      2      0      0     16      0    156      0      0      0      0      0      0     10      0      0      0      0      0      0      0     25      1      2  
    0      0      0     17      0      0      0    128      0      0      0     85      0      0      0      0      0    237    109     14      7      0      0      0      0      0      0      0      0      0      0      0   1489      0      0      0      0      0      0      0      0      0      0      0      0      0      0      0      0    870  
    0   2057   1677      0      0      0      0      0      0     20      0      2      0  56167      0      0      0     16      0      0    124  48860      5      1    119    151      0      0      7    892      5  13974      4    843      0    236      0  22369      0      0      0      0      0  72986   4783      0   1368      0     62      3  
    0      0      0      0      0      1      0      0    368      0  41965      0    212      0   1255      0      0      0      0      0      0      0      0      0      0  44290   5882    570      0  49791      0      0      0      0      0      0      0      0     49      0      0    255      0      0      0      0  10759      0      0     29  
    0      0      0      3      0      0      0      0      0      0      0      0      1      0      0  36314    326      0     20      0      0      0      0   4086    275      0      0      0    176      0      0      0   8342      0     16      0      0      0      0    514      0      0      0    204      0  13718   2022    132  26152    131  
    0   6547      0      7    120      0      0      0      0    110      0   2994      0   3490      0     79    443      0      0      0      0      0      0      0    146     94      0      0      0   8082      0      0      0      0    297      0    261      0     10      0      0  16486      0      0    279      0  27105      0   8771      0  
    0      0    227      0      0      0      0      0      0      0      0   9204      0      3      0      0      0      0      0      0      4      0    839      0      0      0      0     22      0      0      0      0      1      0      0      0      9    699   1290      0      2      0      0      0      0      1      0      0      0     16  
    0  10484     21      0      0    134   1809      0      0      0      0      0  25033      0      0      0      0      0   5379      0      0      0      0      0     35      0      0      0      0      0      0   2036      0      0      0    994      0    652      0      0      0      0      0      0      0      0    556      0      0      9  
    0     55  19228      0  53179      0      0      0      0      0      0      0      0      0      0     26    478      0      0      0      0      0      0      0      1      0      0      0      0      0   2715      0      0      0     43   1641      0    166   1085     57      0      0      0      0      5      0     26      0      0  10220  
    0      0      0      0      0      0      0      2      0      0      0      0      0      2      0      0      0      0      0      0      0      0     26      0   1845      0      0      0      0      0      4      0      0      0      0   1503      0      0      0      0      1      0      0      0      3      0      0     64      0      0  
