80

    0     30     29     35     37    246    263    273    275    303    276    215    188    174    228    680    714    710    695    696    692    741    707    483    454    475    479    445    444    465    108    115     99     62    101     62    115    999    973    999   1002    782    781    780    742    779    781    782    822    264    224    249    224    271    226    236    248    291    245    250    172    150    180   1112   1093   1202   1193   1159   1173   1183   1193   1154   1150    487    485    464    474    473    452    183  
   30      0      9     37     55    258    271    283    284    312    285    229    203    183    240    666    701    696    682    684    678    727    694    453    424    446    450    416    415    436     79     86     73     33     80     45     88    977    950    976    980    753    752    752    714    751    752    754    793    257    215    241    222    264    225    230    242    268    274    278    145    126    152   1129   1109   1218   1209   1175   1190   1200   1210   1171   1167    515    513    461    469    470    446    194  
   29      9      0     44     48    250    262    275    275    304    277    221    195    175    232    659    694    689    676    677    671    720    687    454    426    447    451    417    416    436     81     88     70     36     75     38     86    973    946    972    976    757    756    755    718    755    756    758    797    249    207    233    214    256    217    222    234    274    271    274    150    133    157   1121   1102   1210   1201   1167   1183   1192   1202   1163   1159    511    509    470    478    478    455    186  
   35     37     44      0     72    280    297    307    309    337    310    249    221    208    262    702    737    733    719    720    715    763    730    476    445    468    472    437    436    459    103    109    106     58    116     81    121   1010    984   1009   1014    763    762    761    724    761    764    764    803    292    250    276    254    299    257    264    276    263    264    273    152    126    160   1145   1126   1235   1226   1192   1206   1216   1226   1187   1184    509    508    431    440    440    418    217  
   37     55     48     72      0    209    226    236    238    266    239    178    151    138    191    657    689    686    670    671    668    717    683    492    465    485    488    456    455    473    125    131    103     83     97     58    118    988    960    989    990    802    801    801    763    800    801    804    843    235    197    221    192    242    194    207    218    322    228    230    198    180    204   1076   1057   1166   1157   1123   1138   1147   1157   1118   1115    465    463    500    511    509    489    146  
  246    258    250    280    209      0     40     30     39     63     40     39     65     78     20    562    581    581    561    557    565    613    577    590    578    585    588    566    565    572    299    303    261    276    238    231    267    955    922    964    953    943    941    941    902    941    934    945    982    167    171    166    117    169    111    152    151    515    240    215    381    375    386    875    855    964    955    920    937    946    956    917    912    382    375    705    717    715    697     64  
  263    271    262    297    226     40      0     27     17     43     18     74     96     89     54    523    542    542    522    518    526    573    538    570    560    566    568    548    548    553    302    305    263    285    239    239    267    918    885    927    915    929    927    927    888    927    919    931    968    136    148    138     94    137     87    126    123    519    279    254    384    381    388    873    854    961    953    917    935    945    954    916    910    416    409    726    736    735    714     85  
  273    283    275    307    236     30     27      0     14     34     15     68     94    100     49    541    559    559    539    534    543    591    555    596    585    591    594    573    573    578    320    323    280    300    257    254    286    941    907    950    937    953    951    952    912    951    943    955    992    162    173    164    119    163    113    152    149    536    265    239    402    397    406    854    835    943    935    899    916    926    935    897    892    392    384    733    745    743    724     91  
  275    284    275    309    238     39     17     14      0     29      2     76    101    101     56    528    546    546    526    522    530    578    542    587    577    582    584    564    564    569    318    321    278    299    254    253    283    927    894    937    924    946    943    944    904    943    935    948    984    150    164    153    110    151    103    142    138    534    277    251    399    396    403    857    838    945    938    902    920    929    938    900    894    405    397    737    748    746    726     94  
  303    312    304    337    266     63     43     34     29      0     28    101    128    130     82    519    534    535    514    509    519    566    531    604    596    599    602    583    583    586    345    348    305    327    281    281    309    925    890    935    921    966    963    964    924    964    955    968   1004    163    182    168    130    162    123    159    153    561    295    268    426    424    430    831    812    919    912    875    894    903    912    874    868    406    398    765    776    774    755    122  
  276    285    277    310    239     40     18     15      2     28      0     78    103    103     58    527    545    545    525    521    529    576    541    587    577    582    585    565    564    569    319    321    279    300    255    254    284    926    893    936    923    946    944    944    904    944    936    948    985    150    164    153    110    151    104    142    138    535    278    253    400    397    404    856    837    945    937    901    919    928    937    899    894    406    398    738    749    747    728     96  
  215    229    221    249    178     39     74     68     76    101     78      0     28     61     21    592    613    612    593    590    596    644    609    588    573    582    585    561    560    570    277    282    240    250    219    207    249    978    945    985    976    934    932    932    893    932    927    936    974    183    177    179    127    186    123    163    165    491    207    185    359    350    364    900    881    990    981    946    962    971    981    942    938    369    363    670    683    680    663     40  
  188    203    195    221    151     65     96     94    101    128    103     28      0     50     46    605    628    627    608    605    610    659    623    576    559    570    573    547    547    557    254    259    218    225    198    182    228    984    952    990    982    917    915    915    876    915    911    919    957    187    175    181    130    191    126    165    168    467    194    175    336    325    341    926    907   1016   1007    973    988    997   1007    968    964    374    368    642    655    652    635     28  
  174    183    175    208    138     78     89    100    101    130    103     61     50      0     63    568    593    591    573    571    574    623    588    529    513    523    526    501    501    510    222    226    184    200    161    154    191    939    907    944    938    874    872    872    833    872    867    876    913    143    127    135     86    148     83    118    124    438    237    220    304    298    309    952    933   1041   1032    997   1014   1023   1033    994    990    423    417    637    648    647    626     23  
  228    240    232    262    191     20     54     49     56     82     58     21     46     63      0    573    594    593    574    570    577    625    589    584    570    578    581    558    557    565    284    288    246    260    223    215    253    962    929    970    960    934    931    932    892    931    925    935    973    169    168    167    116    172    110    151    152    499    226    203    366    359    371    891    871    980    971    937    953    962    972    933    929    380    373    686    698    696    678     47  
  680    666    659    702    657    562    523    541    528    519    527    592    605    568    573      0     50     40     47     62     26     64     41    538    568    541    540    557    557    532    629    625    603    653    588    622    592    438    400    458    429    873    868    871    837    872    844    877    900    429    462    441    484    423    485    457    448    766    798    776    669    696    666   1027   1012   1095   1096   1054   1087   1093   1099   1070   1055    917    907   1084   1080   1089   1050    581  
  714    701    694    737    689    581    542    559    546    534    545    613    628    593    594     50      0     12     21     30     26     33      9    587    618    590    589    607    607    581    667    664    640    690    623    656    629    453    414    476    441    922    917    920    886    921    893    926    949    458    493    470    511    451    511    486    476    811    820    796    711    736    708    997    983   1063   1065   1022   1056   1062   1068   1040   1024    926    917   1126   1122   1131   1093    605  
  710    696    689    733    686    581    542    559    546    535    545    612    627    591    593     40     12      0     24     38     19     32      6    577    607    580    579    596    596    571    662    658    635    685    619    652    624    445    406    467    434    911    906    909    875    909    881    915    937    455    489    468    508    449    509    483    474    803    819    796    704    730    701   1008    993   1074   1075   1033   1066   1073   1079   1050   1034    929    919   1119   1116   1125   1086    604  
  695    682    676    719    670    561    522    539    526    514    525    593    608    573    574     47     21     24      0     16     22     53     19    579    608    582    581    597    597    573    650    647    622    672    606    638    612    468    430    491    457    919    914    916    882    917    889    923    946    438    474    451    491    432    492    467    457    796    800    776    695    720    692    986    972   1053   1054   1012   1045   1052   1058   1029   1013    906    897   1110   1107   1115   1077    586  
  696    684    677    720    671    557    518    534    522    509    521    590    605    571    570     62     30     38     16      0     37     61     32    591    619    593    592    608    608    584    653    650    625    674    608    640    615    482    443    504    470    932    927    930    895    930    903    936    959    438    474    451    490    432    490    466    456    803    796    772    700    724    697    971    957   1038   1039    997   1030   1037   1042   1014    998    899    889   1114   1112   1120   1083    583  
  692    678    671    715    668    565    526    543    530    519    529    596    610    574    577     26     26     19     22     37      0     50     18    562    592    565    564    581    581    556    643    640    617    667    601    634    606    452    413    473    441    899    894    897    863    897    870    903    926    437    471    450    491    431    492    465    456    786    802    779    686    712    683   1006    992   1073   1074   1032   1066   1072   1078   1049   1034    914    905   1101   1098   1107   1068    587  
  741    727    720    763    717    613    573    591    578    566    576    644    659    623    625     64     33     32     53     61     50      0     36    596    628    599    598    617    617    591    691    688    665    715    649    683    654    425    386    449    413    923    918    921    888    922    893    927    948    486    521    499    540    480    541    514    505    830    851    827    733    759    729   1020   1007   1085   1087   1045   1079   1085   1090   1062   1047    959    949   1148   1144   1153   1114    636  
  707    694    687    730    683    577    538    555    542    531    541    609    623    588    589     41      9      6     19     32     18     36      0    579    609    582    580    598    598    573    660    656    633    683    617    650    622    451    412    473    439    914    909    912    877    912    884    918    940    452    487    465    505    446    506    480    471    803    815    792    703    729    700   1002    988   1068   1069   1027   1061   1067   1073   1044   1029    924    914   1118   1115   1124   1085    601  
  483    453    454    476    492    590    570    596    587    604    587    588    576    529    584    538    587    577    579    591    562    596    579      0     45      9      5     45     45     19    375    369    389    422    399    434    374    635    622    622    646    375    372    373    334    373    358    378    411    444    423    436    477    446    484    446    452    341    719    717    339    376    331   1396   1378   1479   1474   1435   1459   1468   1476   1440   1431    945    940    671    654    672    623    551  
  454    424    426    445    465    578    560    585    577    596    577    573    559    513    570    568    618    607    608    619    592    628    609     45      0     38     41     14     14     40    346    339    363    392    375    408    348    680    666    666    691    373    370    371    331    371    360    375    410    439    414    430    467    441    474    438    445    297    693    693    303    339    295   1399   1381   1483   1478   1439   1462   1471   1479   1443   1434    923    919    626    610    627    578    534  
  475    446    447    468    485    585    566    591    582    599    582    582    570    523    578    541    590    580    582    593    565    599    582      9     38      0      5     37     37     14    368    361    382    415    392    427    367    643    629    629    654    378    374    376    336    375    361    380    414    440    418    432    472    442    479    441    447    333    712    710    331    368    323   1393   1375   1476   1472   1432   1457   1465   1474   1438   1428    938    934    663    647    664    615    545  
  479    450    451    472    488    588    568    594    584    602    585    585    573    526    581    540    589    579    581    592    564    598    580      5     41      5      0     41     41     16    372    365    386    418    395    430    371    639    626    625    650    376    373    374    335    374    359    379    412    442    421    434    475    444    482    444    450    337    716    713    335    372    327   1395   1377   1478   1473   1434   1458   1467   1475   1439   1430    942    937    667    651    668    619    548  
  445    416    417    437    456    566    548    573    564    583    565    561    547    501    558    557    607    596    597    608    581    617    598     45     14     37     41      0      1     34    337    330    354    384    365    398    339    676    662    663    687    386    383    384    344    384    372    388    423    426    402    417    455    428    462    425    432    297    684    683    297    333    289   1386   1367   1470   1465   1425   1449   1458   1466   1430   1421    913    909    628    612    629    580    523  
  444    415    416    436    455    565    548    573    564    583    564    560    547    501    557    557    607    596    597    608    581    617    598     45     14     37     41      1      0     34    337    330    353    383    364    398    338    677    662    664    687    386    383    384    345    384    373    389    424    425    401    417    455    428    461    425    432    296    683    682    297    333    289   1385   1367   1469   1464   1425   1449   1457   1466   1430   1421    912    908    628    612    629    580    522  
  465    436    436    459    473    572    553    578    569    586    569    570    557    510    565    532    581    571    573    584    556    591    573     19     40     14     16     34     34      0    358    351    371    404    380    416    356    643    628    630    653    391    387    388    349    388    374    393    427    427    405    419    459    429    466    428    434    329    701    698    323    360    315   1380   1362   1463   1459   1419   1444   1452   1461   1425   1415    926    922    661    645    662    613    532  
  108     79     81    103    125    299    302    320    318    345    319    277    254    222    284    629    667    662    650    653    643    691    660    375    346    368    372    337    337    358      0      7     41     47     65     74     42    915    890    912    919    678    677    677    639    676    677    679    718    251    207    235    232    257    238    228    240    217    351    354     83     83     87   1173   1154   1262   1254   1218   1235   1245   1254   1216   1211    590    587    467    469    474    442    239  
  115     86     88    109    131    303    305    323    321    348    321    282    259    226    288    625    664    658    647    650    640    688    656    369    339    361    365    330    330    351      7      0     43     54     67     79     42    909    884    906    913    672    671    671    632    670    670    673    712    251    206    234    234    257    239    228    241    214    357    360     79     82     83   1176   1157   1265   1257   1221   1239   1248   1258   1219   1214    596    593    469    470    476    444    243  
   99     73     70    106    103    261    263    280    278    305    279    240    218    184    246    603    640    635    622    625    617    665    633    389    363    382    386    354    353    371     41     43      0     51     25     45     16    905    879    904    908    706    705    705    666    704    703    707    746    213    169    197    193    220    198    189    202    257    331    330    122    122    126   1134   1115   1223   1214   1179   1196   1205   1215   1177   1171    564    561    501    505    508    479    201  
   62     33     36     58     83    276    285    300    299    327    300    250    225    200    260    653    690    685    672    674    667    715    683    422    392    415    418    384    383    404     47     54     51      0     67     47     65    954    928    952    957    721    720    720    682    719    720    722    761    255    212    239    227    262    231    230    242    242    306    310    115    100    122   1150   1130   1239   1230   1196   1212   1221   1231   1192   1188    547    544    458    464    466    439    213  
  101     80     75    116     97    238    239    257    254    281    255    219    198    161    223    588    623    619    606    608    601    649    617    399    375    392    395    365    364    380     65     67     25     67      0     41     31    899    872    898    901    723    721    721    683    721    719    725    763    191    147    175    168    197    173    166    179    281    321    319    146    147    150   1110   1091   1199   1191   1155   1173   1182   1191   1153   1148    550    546    523    527    530    501    179  
   62     45     38     81     58    231    239    254    253    281    254    207    182    154    215    622    656    652    638    640    634    683    650    434    408    427    430    398    398    416     74     79     45     47     41      0     60    938    911    938    941    749    748    748    709    747    746    750    789    214    171    198    181    220    185    187    199    285    286    286    154    145    159   1105   1086   1194   1186   1151   1167   1176   1186   1147   1143    520    517    502    508    510    484    169  
  115     88     86    121    118    267    267    286    283    309    284    249    228    191    253    592    629    624    612    615    606    654    622    374    348    367    371    339    338    356     42     42     16     65     31     60      0    890    864    888    893    694    692    692    653    691    690    695    734    209    165    193    193    216    198    187    199    253    346    345    118    124    121   1139   1120   1228   1220   1184   1202   1211   1220   1182   1177    577    574    508    510    515    484    209  
  999    977    973   1010    988    955    918    941    927    925    926    978    984    939    962    438    453    445    468    482    452    425    451    635    680    643    639    676    677    643    915    909    905    954    899    938    890      0     40     36     22    806    800    804    784    805    767    810    814    797    815    804    854    793    858    821    816    965   1175   1158    920    955    914   1439   1426   1499   1502   1460   1495   1501   1506   1480   1463   1330   1321   1301   1287   1303   1255    957  
  973    950    946    984    960    922    885    907    894    890    893    945    952    907    929    400    414    406    430    443    413    386    412    622    666    629    626    662    662    628    890    884    879    928    872    911    864     40      0     69     31    810    804    808    787    809    772    815    820    765    784    773    823    761    826    789    784    948   1144   1126    898    933    892   1400   1387   1460   1463   1421   1456   1462   1467   1441   1424   1296   1287   1284   1270   1286   1239    925  
  999    976    972   1009    989    964    927    950    937    935    936    985    990    944    970    458    476    467    491    504    473    449    473    622    666    629    625    663    664    630    912    906    904    952    898    938    888     36     69      0     58    778    772    776    758    778    740    783    785    804    820    810    861    800    865    827    822    955   1180   1164    915    950    908   1466   1452   1527   1529   1488   1523   1528   1533   1507   1490   1341   1332   1290   1275   1291   1243    963  
 1002    980    976   1014    990    953    915    937    924    921    923    976    982    938    960    429    441    434    457    470    441    413    439    646    691    654    650    687    687    653    919    913    908    957    901    941    893     22     31     58      0    824    818    822    802    823    786    829    833    796    815    803    853    792    857    820    815    974   1174   1157    927    961    920   1424   1411   1483   1486   1444   1480   1485   1490   1464   1447   1326   1317   1310   1296   1312   1264    956  
  782    753    757    763    802    943    929    953    946    966    946    934    917    874    934    873    922    911    919    932    899    923    914    375    373    378    376    386    386    391    678    672    706    721    723    749    694    806    810    778    824      0      7      3     42      3     39      5     41    811    784    801    837    813    843    808    816    526   1026   1031    611    639    603   1770   1752   1853   1849   1809   1834   1842   1851   1814   1805   1267   1265    753    724    748    697    895  
  781    752    756    762    801    941    927    951    943    963    944    932    915    872    931    868    917    906    914    927    894    918    909    372    370    374    373    383    383    387    677    671    705    720    721    748    692    800    804    772    818      7      0      5     40      6     33     11     42    808    782    798    834    811    841    806    813    527   1025   1030    610    639    602   1767   1749   1850   1845   1806   1830   1839   1847   1811   1802   1266   1263    756    726    750    700    893  
  780    752    755    761    801    941    927    952    944    964    944    932    915    872    932    871    920    909    916    930    897    921    912    373    371    376    374    384    384    388    677    671    705    720    721    748    692    804    808    776    822      3      5      0     40      2     38      7     42    809    782    799    835    812    841    807    814    525   1024   1029    610    638    602   1768   1750   1851   1847   1807   1832   1840   1849   1812   1803   1266   1263    753    723    747    697    893  
  742    714    718    724    763    902    888    912    904    924    904    893    876    833    892    837    886    875    882    895    863    888    877    334    331    336    335    344    345    349    639    632    666    682    683    709    653    784    787    758    802     42     40     40      0     40     46     45     81    769    743    759    795    772    802    767    774    492    987    991    572    601    565   1729   1710   1812   1807   1768   1792   1800   1809   1773   1764   1228   1225    730    701    725    674    854  
  779    751    755    761    800    941    927    951    943    964    944    932    915    872    931    872    921    909    917    930    897    922    912    373    371    375    374    384    384    388    676    670    704    719    721    747    691    805    809    778    823      3      6      2     40      0     39      6     43    808    782    799    834    811    841    806    814    524   1023   1029    609    637    601   1768   1750   1851   1847   1807   1832   1840   1848   1812   1803   1265   1262    751    722    746    696    893  
  781    752    756    764    801    934    919    943    935    955    936    927    911    867    925    844    893    881    889    903    870    893    884    358    360    361    359    372    373    374    677    670    703    720    719    746    690    767    772    740    786     39     33     38     46     39      0     44     57    798    773    789    826    800    833    797    804    535   1026   1030    612    642    604   1753   1735   1836   1831   1791   1816   1825   1833   1797   1788   1265   1262    775    746    770    719    888  
  782    754    758    764    804    945    931    955    948    968    948    936    919    876    935    877    926    915    923    936    903    927    918    378    375    380    379    388    389    393    679    673    707    722    725    750    695    810    815    783    829      5     11      7     45      6     44      0     40    813    786    804    839    816    845    811    818    526   1026   1032    612    640    604   1773   1755   1856   1852   1812   1836   1845   1853   1817   1808   1268   1266    751    722    746    695    897  
  822    793    797    803    843    982    968    992    984   1004    985    974    957    913    973    900    949    937    946    959    926    948    940    411    410    414    412    423    424    427    718    712    746    761    763    789    734    814    820    785    833     41     42     42     81     43     57     40      0    848    823    839    875    851    882    847    854    566   1066   1071    651    680    643   1806   1788   1889   1885   1845   1870   1878   1887   1851   1841   1307   1305    787    757    781    731    934  
  264    257    249    292    235    167    136    162    150    163    150    183    187    143    169    429    458    455    438    438    437    486    452    444    439    440    442    426    425    427    251    251    213    255    191    214    209    797    765    804    796    811    808    809    769    808    798    813    848      0     45     17     58      7     61     29     20    453    379    361    322    332    323    968    950   1054   1048   1010   1032   1040   1049   1012   1005    548    541    713    717    720    691    160  
  224    215    207    250    197    171    148    173    164    182    164    177    175    127    168    462    493    489    474    474    471    521    487    423    414    418    421    402    401    405    207    206    169    212    147    171    165    815    784    820    815    784    782    782    743    782    773    786    823     45      0     29     55     51     61     26     37    411    361    346    279    288    280   1002    983   1089   1082   1045   1065   1074   1083   1046   1039    546    539    669    673    677    647    147  
  249    241    233    276    221    166    138    164    153    168    153    179    181    135    167    441    470    468    451    451    450    499    465    436    430    432    434    417    417    419    235    234    197    239    175    198    193    804    773    810    803    801    798    799    759    799    789    804    839     17     29      0     52     23     57     17     16    438    371    354    306    316    307    980    961   1067   1060   1022   1044   1052   1061   1024   1017    546    539    697    701    704    675    154  
  224    222    214    254    192    117     94    119    110    130    110    127    130     86    116    484    511    508    491    490    491    540    505    477    467    472    475    455    455    459    232    234    193    227    168    181    193    854    823    861    853    837    834    835    795    834    826    839    875     58     55     52      0     63      7     36     39    445    322    304    310    314    313    956    937   1043   1036    999   1019   1028   1037    999    993    495    488    683    689    691    665    103  
  271    264    256    299    242    169    137    163    151    162    151    186    191    148    172    423    451    449    432    432    431    480    446    446    441    442    444    428    428    429    257    257    220    262    197    220    216    793    761    800    792    813    811    812    772    811    800    816    851      7     51     23     63      0     65     35     25    459    384    365    328    339    329    964    946   1050   1044   1006   1028   1036   1045   1008   1000    550    543    719    724    727    698    165  
  226    225    217    257    194    111     87    113    103    123    104    123    126     83    110    485    511    509    492    490    492    541    506    484    474    479    482    462    461    466    238    239    198    231    173    185    198    858    826    865    857    843    841    841    802    841    833    845    882     61     61     57      7     65      0     42     43    450    319    300    316    319    318    950    931   1037   1030    993   1013   1022   1031    993    987    490    483    686    693    695    669    100  
  236    230    222    264    207    152    126    152    142    159    142    163    165    118    151    457    486    483    467    466    465    514    480    446    438    441    444    425    425    428    228    228    189    230    166    187    187    821    789    827    820    808    806    807    767    806    797    811    847     29     26     17     36     35     42      0     13    434    355    338    302    310    303    977    958   1064   1057   1019   1040   1049   1058   1020   1013    531    524    687    692    695    667    137  
  248    242    234    276    218    151    123    149    138    153    138    165    168    124    152    448    476    474    457    456    456    505    471    452    445    447    450    432    432    434    240    241    202    242    179    199    199    816    784    822    815    816    813    814    774    814    804    818    854     20     37     16     39     25     43     13      0    446    360    342    314    322    315    967    948   1054   1047   1009   1030   1039   1048   1011   1004    532    525    700    705    707    679    142  
  291    268    274    263    322    515    519    536    534    561    535    491    467    438    499    766    811    803    796    803    786    830    803    341    297    333    337    297    296    329    217    214    257    242    281    285    253    965    948    955    974    526    527    525    492    524    535    526    566    453    411    438    445    459    450    434    446      0    521    533    135    143    133   1389   1370   1478   1470   1434   1451   1461   1470   1432   1427    768    767    337    325    339    293    453  
  245    274    271    264    228    240    279    265    277    295    278    207    194    237    226    798    820    819    800    796    802    851    815    719    693    712    716    684    683    701    351    357    331    306    321    286    346   1175   1144   1180   1174   1026   1025   1024    987   1023   1026   1026   1066    379    361    371    322    384    319    355    360    521      0     32    415    389    423    957    937   1046   1035   1006   1014   1023   1034    995    995    248    247    587    608    598    597    220  
  250    278    274    273    230    215    254    239    251    268    253    185    175    220    203    776    796    796    776    772    779    827    792    717    693    710    713    683    682    698    354    360    330    310    319    286    345   1158   1126   1164   1157   1031   1030   1029    991   1029   1030   1032   1071    361    346    354    304    365    300    338    342    533     32      0    422    398    429    929    910   1019   1007    978    987    996   1007    968    967    238    236    613    634    624    621    201  
  172    145    150    152    198    381    384    402    399    426    400    359    336    304    366    669    711    704    695    700    686    733    703    339    303    331    335    297    297    323     83     79    122    115    146    154    118    920    898    915    927    611    610    610    572    609    612    612    651    322    279    306    310    328    316    302    314    135    415    422      0     37      9   1255   1236   1344   1336   1300   1317   1327   1336   1298   1293    659    657    415    413    421    384    321  
  150    126    133    126    180    375    381    397    396    424    397    350    325    298    359    696    736    730    720    724    712    759    729    376    339    368    372    333    333    360     83     82    122    100    147    145    124    955    933    950    961    639    639    638    601    637    642    640    680    332    288    316    314    339    319    310    322    143    389    398     37      0     45   1249   1230   1338   1330   1295   1311   1320   1330   1291   1287    635    633    391    391    398    363    313  
  180    152    157    160    204    386    388    406    403    430    404    364    341    309    371    666    708    701    692    697    683    729    700    331    295    323    327    289    289    315     87     83    126    122    150    159    121    914    892    908    920    603    602    602    565    601    604    604    643    323    280    307    313    329    318    303    315    133    423    429      9     45      0   1259   1240   1348   1340   1304   1322   1331   1340   1302   1297    666    664    419    416    424    387    325  
 1112   1129   1121   1145   1076    875    873    854    857    831    856    900    926    952    891   1027    997   1008    986    971   1006   1020   1002   1396   1399   1393   1395   1386   1385   1380   1173   1176   1134   1150   1110   1105   1139   1439   1400   1466   1424   1770   1767   1768   1729   1768   1753   1773   1806    968   1002    980    956    964    950    977    967   1389    957    929   1255   1249   1259      0     20     91     81     51     64     73     82     45     39    784    776   1540   1559   1551   1544    937  
 1093   1109   1102   1126   1057    855    854    835    838    812    837    881    907    933    871   1012    983    993    972    957    992   1007    988   1378   1381   1375   1377   1367   1367   1362   1154   1157   1115   1130   1091   1086   1120   1426   1387   1452   1411   1752   1749   1750   1710   1750   1735   1755   1788    950    983    961    937    946    931    958    948   1370    937    910   1236   1230   1240     20      0    110    100     70     83     92    101     63     58    766    757   1521   1540   1532   1525    917  
 1202   1218   1210   1235   1166    964    961    943    945    919    945    990   1016   1041    980   1095   1063   1074   1053   1038   1073   1085   1068   1479   1483   1476   1478   1470   1469   1463   1262   1265   1223   1239   1199   1194   1228   1499   1460   1527   1483   1853   1850   1851   1812   1851   1836   1856   1889   1054   1089   1067   1043   1050   1037   1064   1054   1478   1046   1019   1344   1338   1348     91    110      0     18     45     40     32     23     55     52    871    863   1630   1649   1641   1634   1026  
 1193   1209   1201   1226   1157    955    953    935    938    912    937    981   1007   1032    971   1096   1065   1075   1054   1039   1074   1087   1069   1474   1478   1472   1473   1465   1464   1459   1254   1257   1214   1230   1191   1186   1220   1502   1463   1529   1486   1849   1845   1847   1807   1847   1831   1852   1885   1048   1082   1060   1036   1044   1030   1057   1047   1470   1035   1007   1336   1330   1340     81    100     18      0     43     23     14      6     41     44    857    849   1619   1638   1630   1624   1017  
 1159   1175   1167   1192   1123    920    917    899    902    875    901    946    973    997    937   1054   1022   1033   1012    997   1032   1045   1027   1435   1439   1432   1434   1425   1425   1419   1218   1221   1179   1196   1155   1151   1184   1460   1421   1488   1444   1809   1806   1807   1768   1807   1791   1812   1845   1010   1045   1022    999   1006    993   1019   1009   1434   1006    978   1300   1295   1304     51     70     45     43      0     40     42     46     35     17    834    826   1589   1608   1600   1593    983  
 1173   1190   1183   1206   1138    937    935    916    920    894    919    962    988   1014    953   1087   1056   1066   1045   1030   1066   1079   1061   1459   1462   1457   1458   1449   1449   1444   1235   1239   1196   1212   1173   1167   1202   1495   1456   1523   1480   1834   1830   1832   1792   1832   1816   1836   1870   1032   1065   1044   1019   1028   1013   1040   1030   1451   1014    987   1317   1311   1322     64     83     40     23     40      0     10     21     20     33    835    827   1598   1618   1610   1603    999  
 1183   1200   1192   1216   1147    946    945    926    929    903    928    971    997   1023    962   1093   1062   1073   1052   1037   1072   1085   1067   1468   1471   1465   1467   1458   1457   1452   1245   1248   1205   1221   1182   1176   1211   1501   1462   1528   1485   1842   1839   1840   1800   1840   1825   1845   1878   1040   1074   1052   1028   1036   1022   1049   1039   1461   1023    996   1327   1320   1331     73     92     32     14     42     10      0     11     29     39    845    837   1608   1628   1619   1613   1008  
 1193   1210   1202   1226   1157    956    954    935    938    912    937    981   1007   1033    972   1099   1068   1079   1058   1042   1078   1090   1073   1476   1479   1474   1475   1466   1466   1461   1254   1258   1215   1231   1191   1186   1220   1506   1467   1533   1490   1851   1847   1849   1809   1848   1833   1853   1887   1049   1083   1061   1037   1045   1031   1058   1048   1470   1034   1007   1336   1330   1340     82    101     23      6     46     21     11      0     40     46    855    847   1618   1638   1629   1623   1018  
