80

    0     52     89    122     97    138    777    251    277    303    285    296    314    213    274    329    741    612    670    628    683    635    657    658    656    842    822    825    867    841   1198    585    556    614    545    585    561    627    585    508    349    451    428    544    601    510    506    553    482    572    537   1280    467    514    446    479    428    490    535    495    437    495    248    263    247    255    238   1280    652    623    602    590    623    561    616    581    644    825    827    812  
   52      0     87    168    144    179    753    298    327    345    325    344    362    257    320    376    710    581    639    595    647    602    622    626    627    855    833    832    877    851   1146    540    510    568    499    539    514    581    542    462    316    417    394    585    642    553    548    593    526    611    576   1255    519    565    498    530    480    542    587    547    489    486    197    213    196    203    192   1254    602    572    552    541    572    511    566    530    595    775    777    761  
   89     87      0    199    175    221    839    322    337    382    366    362    379    289    347    397    658    528    587    547    606    553    579    576    572    931    910    912    955    929   1167    605    573    628    560    600    574    643    609    524    398    497    474    620    678    584    582    631    557    652    617   1340    503    554    484    528    465    526    574    533    475    407    233    265    245    234    260   1338    610    589    562    544    583    518    568    547    600    822    823    802  
  122    168    199      0     25     31    780    130    163    184    168    177    195     92    153    209    856    726    786    745    802    751    776    774    770    762    746    757    795    766   1306    654    629    689    621    661    639    699    651    583    392    493    470    423    481    389    386    433    362    454    419   1284    370    411    347    370    331    393    434    396    339    586    357    361    349    367    324   1286    768    735    717    708    737    677    733    694    761    914    917    906  
   97    144    175     25      0     48    779    154    185    208    192    201    218    116    177    233    833    703    762    721    778    727    752    751    747    779    762    771    809    781   1284    640    614    674    605    645    623    684    638    567    382    484    460    448    505    413    410    457    386    477    443   1283    388    430    365    391    349    411    452    415    356    566    335    341    328    344    306   1285    745    713    694    684    715    654    710    671    738    896    899    887  
  138    179    221     31     48      0    755    123    165    166    148    173    190     80    143    202    878    748    807    765    821    772    795    795    792    733    716    727    765    736   1307    643    619    679    611    651    630    688    639    573    376    476    453    407    464    374    369    415    347    434    399   1258    379    416    356    372    341    401    440    404    347    614    362    361    351    373    321   1261    775    739    723    716    743    684    741    698    768    907    911    902  
  777    753    839    780    779    755      0    817    877    777    760    856    865    788    816    860   1261   1164   1201   1149   1159   1162   1147   1183   1208    578    537    480    531    536   1113    431    456    466    471    469    484    447    410    473    448    366    383    872    897    883    861    860    869    846    833    505   1083   1098   1059   1035   1052   1101   1122   1099   1053   1193    696    641    661    711    609    507    866    798    829    863    836    832    882    787    878    644    652    693  
  251    298    322    130    154    123    817      0     60     76     75     51     68     44     25     80    977    847    907    868    927    874    901    897    890    703    693    714    744    713   1429    753    730    791    724    763    744    798    747    686    479    575    552    299    357    262    261    311    235    335    300   1313    276    305    251    255    240    297    329    297    244    687    484    483    473    494    441   1319    896    861    845    837    865    806    862    821    890   1024   1027   1021  
  277    327    337    163    185    165    877     60      0    119    127     39     49     96     66     70    982    852    912    876    938    881    911    903    894    745    738    762    790    759   1468    805    782    842    775    814    794    850    800    737    534    631    608    303    359    261    266    318    236    345    312   1372    219    252    195    207    182    240    276    242    187    676    520    524    511    528    485   1378    928    897    878    867    898    837    892    856    921   1072   1075   1066  
  303    345    382    184    208    166    777     76    119      0     24     86     90     95     56     83   1040    910    969    929    986    935    959    958    953    629    620    644    672    641   1452    753    734    794    729    767    750    799    746    692    476    566    543    241    299    210    204    250    183    270    235   1267    307    324    282    264    276    325    348    322    276    758    520    511    503    531    464   1274    932    893    880    875    900    843    901    853    927   1033   1037   1034  
  285    325    366    168    192    148    760     75    127     24      0     98    106     83     62    102   1024    894    953    912    968    918    942    942    938    628    618    639    670    639   1429    730    710    770    706    744    727    776    723    669    453    543    521    261    318    231    224    268    204    287    252   1251    324    344    300    285    293    343    368    341    294    747    498    488    481    510    441   1258    910    871    858    854    878    822    880    831    905   1010   1014   1011  
  296    344    362    177    201    173    856     51     39     86     98      0     18     95     41     35   1013    883    943    905    966    910    939    933    924    709    702    727    754    723   1479    803    781    841    775    814    795    849    797    737    529    624    601    268    325    227    230    282    201    308    275   1349    230    256    206    204    197    250    280    250    199    711    533    533    523    543    492   1355    945    911    894    884    914    854    910    870    938   1075   1078   1072  
  314    362    379    195    218    190    865     68     49     90    106     18      0    111     55     21   1028    898    958    921    983    926    955    949    940    705    700    726    752    721   1496    818    797    857    791    830    811    864    812    753    544    638    615    254    311    213    217    269    187    296    263   1356    219    242    195    189    187    239    267    238    188    725    551    551    540    560    509   1363    962    928    911    902    931    871    927    887    955   1091   1095   1088  
  213    257    289     92    116     80    788     44     96     95     83     95    111      0     63    122    946    816    875    835    893    841    867    864    859    704    692    709    743    712   1385    711    688    749    682    721    702    756    706    644    439    536    512    332    390    298    295    343    270    364    329   1287    314    346    290    297    277    335    370    337    282    665    442    440    430    452    398   1292    854    819    803    795    823    764    821    778    848    981    984    977  
  274    320    347    153    177    143    816     25     66     56     62     41     55     63      0     61   1002    872    931    893    952    898    925    921    914    685    676    698    728    697   1447    765    743    803    737    776    757    810    759    699    490    584    561    275    333    238    237    287    211    310    275   1310    271    296    247    243    237    291    321    291    240    711    504    502    492    515    458   1316    917    881    866    858    886    827    883    841    911   1038   1042   1036  
  329    376    397    209    233    202    860     80     70     83    102     35     21    122     61      0   1047    917    977    940   1001    945    974    968    959    688    683    711    736    704   1507    823    802    863    797    836    817    869    817    759    548    640    618    234    291    193    196    249    167    275    242   1349    224    243    200    186    194    242    267    240    194    745    563    562    552    574    519   1356    975    940    924    916    944    885    941    900    969   1098   1102   1097  
  741    710    658    856    833    878   1261    977    982   1040   1024   1013   1028    946   1002   1047      0    131     72    119    109    109    115     85     90   1543   1515   1502   1552   1531    889    853    821    836    803    820    797    858    871    793    860    908    898   1276   1334   1238   1238   1288   1212   1309   1274   1690   1095   1152   1084   1146   1063   1114   1165   1124   1075    368    613    661    649    596    712   1678    465    521    475    430    479    451    422    510    446    845    840    787  
  612    581    528    726    703    748   1164    847    852    910    894    883    898    816    872    917    131      0     61     47    119     40     94     55     47   1420   1393   1382   1432   1410    919    771    737    760    719    741    716    782    788    704    749    804    792   1146   1204   1108   1108   1157   1081   1179   1144   1609    969   1026    957   1019    937    989   1040    999    949    266    496    546    532    479    596   1600    428    471    423    377    432    389    377    451    407    804    800    750  
  670    639    587    786    762    807   1201    907    912    969    953    943    958    875    931    977     72     61      0     53     85     40     72     19     34   1473   1446   1433   1483   1462    895    800    767    786    749    768    744    808    817    737    794    845    834   1206   1264   1168   1168   1217   1141   1238   1203   1638   1029   1086   1017   1079    997   1049   1100   1059   1009    316    545    594    581    528    644   1628    432    482    435    388    441    405    384    466    412    812    807    756  
  628    595    547    745    721    765   1149    868    876    929    912    905    921    835    893    940    119     47     53      0     75     14     49     35     66   1424   1396   1383   1433   1412    873    749    715    735    698    718    693    757    766    685    743    793    782   1167   1224   1130   1129   1177   1103   1198   1163   1587   1000   1057    988   1047    967   1021   1072   1030    979    310    495    543    530    477    594   1577    390    437    389    343    397    358    341    419    369    769    764    713  
  683    647    606    802    778    821   1159    927    938    986    968    966    983    893    952   1001    109    119     85     75      0     80     29     73    117   1462   1433   1417   1468   1448    810    748    716    730    698    714    692    751    766    690    769    811    802   1225   1283   1189   1187   1235   1162   1255   1220   1583   1069   1125   1056   1114   1035   1090   1141   1099   1047    384    530    574    564    512    627   1572    358    413    367    322    371    343    314    402    338    739    733    681  
  635    602    553    751    727    772   1162    874    881    935    918    910    926    841    898    945    109     40     40     14     80      0     56     24     52   1434   1407   1394   1444   1422    884    763    729    749    712    731    707    771    780    699    754    806    795   1172   1230   1135   1134   1183   1108   1204   1169   1601   1002   1059    990   1050    969   1023   1073   1032    981    305    506    554    541    488    605   1591    403    451    403    357    410    372    354    433    383    782    778    727  
  657    622    579    776    752    795   1147    901    911    959    942    939    955    867    925    974    115     94     72     49     29     56      0     56    100   1441   1412   1397   1448   1427    828    739    707    723    689    706    683    745    757    679    751    796    786   1198   1256   1162   1161   1208   1135   1229   1194   1576   1041   1097   1028   1086   1007   1061   1112   1071   1019    358    509    554    543    491    607   1565    361    412    366    320    371    339    314    399    341    741    736    685  
  658    626    576    774    751    795   1183    897    903    958    942    933    949    864    921    968     85     55     19     35     73     24     56      0     45   1458   1430   1417   1467   1446    882    781    748    767    730    749    725    789    799    718    777    827    817   1195   1253   1158   1157   1206   1131   1227   1193   1619   1023   1080   1011   1072    990   1043   1094   1053   1002    318    529    577    565    511    628   1609    414    464    416    370    423    387    366    447    394    794    789    738  
  656    627    572    770    747    792   1208    890    894    953    938    924    940    859    914    959     90     47     34     66    117     52    100     45      0   1467   1440   1429   1479   1456    926    812    778    799    760    781    756    821    829    747    795    849    838   1189   1246   1150   1151   1200   1124   1222   1187   1650   1005   1062    994   1056    973   1025   1076   1035    985    285    543    593    579    526    642   1641    455    503    455    408    462    423    406    485    435    834    830    779  
  842    855    931    762    779    733    578    703    745    629    628    709    705    704    685    688   1543   1420   1473   1424   1462   1434   1441   1458   1467      0     41    102     71     46   1645    890    898    937    906    925    927    927    871    885    711    713    709    542    529    580    558    522    584    493    505    884    871    854    852    792    856    878    872    870    851   1337    932    890    899    950    835    901   1269   1207   1220   1238   1234   1203   1262   1180   1273   1167   1174   1202  
  822    833    910    746    762    716    537    693    738    620    618    702    700    692    676    683   1515   1393   1446   1396   1433   1407   1412   1430   1440     41      0     65     54     22   1605    852    860    899    869    888    889    888    833    849    678    677    674    549    541    585    563    530    588    501    511    851    872    857    852    795    856    881    876    873    851   1316    904    860    870    921    806    869   1234   1172   1186   1205   1200   1169   1229   1146   1239   1128   1135   1163  
  825    832    912    757    771    727    480    714    762    644    639    727    726    709    698    711   1502   1382   1433   1383   1417   1394   1397   1417   1429    102     65      0     56     57   1560    812    822    858    832    848    852    847    793    814    654    644    643    594    589    626    604    574    627    547    554    788    908    896    887    833    890    918    916    910    885   1317    889    843    854    907    790    805   1205   1142   1157   1178   1171   1143   1202   1117   1211   1082   1090   1120  
  867    877    955    795    809    765    531    744    790    672    670    754    752    743    728    736   1552   1432   1483   1433   1468   1444   1448   1467   1479     71     54     56      0     33   1616    868    878    914    888    904    908    903    849    869    708    700    698    603    593    638    616    583    641    554    564    815    926    911    906    848    910    934    930    926    904   1361    940    894    905    957    841    834   1260   1197   1212   1232   1226   1197   1257   1172   1265   1138   1145   1176  
  841    851    929    766    781    736    536    713    759    641    639    723    721    712    697    704   1531   1410   1462   1412   1448   1422   1427   1446   1456     46     22     57     33      0   1611    860    869    906    878    896    898    896    841    858    691    687    685    570    561    605    583    550    609    522    531    839    893    878    874    816    877    902    897    894    872   1335    919    875    885    936    821    856   1246   1184   1197   1217   1212   1182   1241   1157   1251   1133   1141   1170  
 1198   1146   1167   1306   1284   1307   1113   1429   1468   1452   1429   1479   1496   1385   1447   1507    889    919    895    873    810    884    828    882    926   1645   1605   1560   1616   1611      0    762    764    715    760    732    738    722    779    790   1009    959    972   1673   1724   1654   1642   1673   1628   1679   1649   1293   1664   1711   1643   1674   1625   1687   1732   1692   1634   1162    951    946    957    944    990   1271    565    579    608    634    588    655    615    621    580    478    471    446  
  585    540    605    654    640    643    431    753    805    753    730    803    818    711    765    823    853    771    800    749    748    763    739    781    812    890    852    812    868    860    762      0     37     48     54     39     57     47     21     83    278    203    219    945    991    935    919    942    912    943    916    839   1022   1057    998   1007    983   1044   1080   1046    989    860    387    343    365    395    349    829    437    369    401    438    407    410    455    360    449    295    301    317  
  556    510    573    629    614    619    456    730    782    734    710    781    797    688    743    802    821    737    767    715    716    729    707    748    778    898    860    822    878    869    764     37      0     61     18     35     31     71     51     49    260    196    210    931    978    920    904    929    896    931    903    873    997   1033    974    984    959   1020   1057   1022    965    824    353    309    331    360    318    864    411    343    373    409    381    379    427    332    423    305    310    320  
  614    568    628    689    674    679    466    791    842    794    770    841    857    749    803    863    836    760    786    735    730    749    723    767    799    937    899    858    914    906    715     48     61      0     69     29     55     22     66    107    319    249    265    990   1036    978    962    987    955    988    961    854   1058   1094   1034   1045   1019   1080   1117   1082   1025    863    404    364    385    411    376    843    406    339    375    414    379    388    429    334    420    248    254    270  
  545    499    560    621    605    611    471    724    775    729    706    775    791    682    737    797    803    719    749    698    698    712    689    730    760    906    869    832    888    878    760     54     18     69      0     41     23     84     69     39    258    200    212    930    977    917    902    927    893    930    902    891    990   1027    966    978    951   1012   1050   1015    958    807    338    296    318    345    307    881    396    329    358    393    366    363    411    316    407    306    311    318  
  585    539    600    661    645    651    469    763    814    767    744    814    830    721    776    836    820    741    768    718    714    731    706    749    781    925    888    848    904    896    732     39     35     29     41      0     28     46     60     79    294    229    243    965   1012    954    938    963    930    965    937    870   1030   1066   1006   1018    991   1052   1090   1055    997    838    376    335    356    383    348    860    399    331    364    402    370    374    418    323    412    271    276    287  
  561    514    574    639    623    630    484    744    794    750    727    795    811    702    757    817    797    716    744    693    692    707    683    725    756    927    889    852    908    898    738     57     31     55     23     28      0     74     76     59    280    223    235    952    999    939    923    949    914    952    924    895   1009   1046    985    998    970   1031   1069   1034    977    811    349    309    330    356    324    885    382    314    346    382    352    353    399    304    394    284    289    296  
  627    581    643    699    684    688    447    798    850    799    776    849    864    756    810    869    858    782    808    757    751    771    745    789    821    927    888    847    903    896    722     47     71     22     84     46     74      0     59    120    324    248    265    992   1037    981    965    988    958    989    962    832   1067   1102   1043   1052   1028   1089   1126   1091   1034    883    421    379    401    428    389    821    427    359    396    436    400    410    451    356    441    250    257    277  
  585    542    609    651    638    639    410    747    800    746    723    797    812    706    759    817    871    788    817    766    766    780    757    799    829    871    833    793    849    841    779     21     51     66     69     60     76     59      0     91    270    190    208    935    980    925    909    931    902    931    905    822   1018   1052    994   1001    979   1039   1075   1041    985    871    394    348    370    403    351    813    457    389    421    458    428    429    475    380    469    309    315    334  
  508    462    524    583    567    573    473    686    737    692    669    737    753    644    699    759    793    704    737    685    690    699    679    718    747    885    849    814    869    858    790     83     49    107     39     79     59    120     91      0    223    174    183    894    943    881    866    893    857    896    867    907    952    989    928    940    913    974   1012    977    919    781    305    261    283    313    270    899    402    335    360    392    370    360    412    318    412    342    347    351  
  349    316    398    392    382    376    448    479    534    476    453    529    544    439    490    548    860    749    794    743    769    754    751    777    795    711    678    654    708    691   1009    278    260    319    258    294    280    324    270    223      0    103     80    672    720    660    644    670    636    674    645    944    752    784    728    732    714    773    808    775    720    747    257    204    221    274    163    942    562    503    511    528    527    492    553    473    565    563    568    573  
  451    417    497    493    484    476    366    575    631    566    543    624    638    536    584    640    908    804    845    793    811    806    796    827    849    713    677    644    700    687    959    203    196    249    200    229    223    248    190    174    103      0     24    747    791    738    721    742    716    742    716    851    849    879    825    825    812    871    903    872    817    828    331    276    296    346    248    848    562    498    516    540    528    506    563    474    569    497    502    516  
  428    394    474    470    460    453    383    552    608    543    521    601    615    512    561    618    898    792    834    782    802    795    786    817    838    709    674    643    698    685    972    219    210    265    212    243    235    265    208    183     80     24      0    727    773    718    702    724    696    724    698    872    826    856    802    803    789    847    880    848    794    810    314    259    278    329    228    869    562    499    515    537    528    503    561    474    568    513    518    529  
  544    585    620    423    448    407    872    299    303    241    261    268    254    332    275    234   1276   1146   1206   1167   1225   1172   1198   1195   1189    542    549    594    603    570   1673    945    931    990    930    965    952    992    935    894    672    747    727      0     58     46     39     21     68     53     42   1323    341    315    327    257    336    344    332    335    328    978    756    742    737    768    692   1334   1167   1124   1114   1112   1134   1079   1138   1085   1162   1235   1240   1244  
  601    642    678    481    505    464    897    357    359    299    318    325    311    390    333    291   1334   1204   1264   1224   1283   1230   1256   1253   1246    529    541    589    593    561   1724    991    978   1036    977   1012    999   1037    980    943    720    791    773     58      0     99     96     52    124     52     76   1336    378    345    366    292    378    378    359    368    368   1035    811    797    792    824    746   1349   1222   1178   1170   1168   1189   1135   1194   1140   1218   1282   1287   1293  
  510    553    584    389    413    374    883    262    261    210    231    227    213    298    238    193   1238   1108   1168   1130   1189   1135   1162   1158   1150    580    585    626    638    605   1654    935    920    978    917    954    939    981    925    881    660    738    718     46     99      0     24     66     28     98     76   1343    298    275    282    215    291    302    293    293    283    936    729    718    711    741    669   1353   1141   1100   1089   1085   1109   1052   1111   1061   1136   1223   1227   1229  
  506    548    582    386    410    369    861    261    266    204    224    230    217    295    237    196   1238   1108   1168   1129   1187   1134   1161   1157   1151    558    563    604    616    583   1642    919    904    962    902    938    923    965    909    866    644    721    702     39     96     24      0     53     32     83     56   1320    317    296    301    235    309    322    314    313    301    941    720    708    702    733    658   1330   1132   1090   1080   1077   1099   1044   1103   1051   1127   1207   1212   1215  
  553    593    631    433    457    415    860    311    318    250    268    282    269    343    287    249   1288   1157   1217   1177   1235   1183   1208   1206   1200    522    530    574    583    550   1673    942    929    987    927    963    949    988    931    893    670    742    724     21     52     66     53      0     85     32     28   1307    362    336    347    278    357    365    352    356    348    993    761    746    741    774    694   1319   1171   1127   1118   1117   1138   1084   1143   1089   1167   1233   1238   1242  
  482    526    557    362    386    347    869    235    236    183    204    201    187    270    211    167   1212   1081   1141   1103   1162   1108   1135   1131   1124    584    588    627    641    609   1628    912    896    955    893    930    914    958    902    857    636    716    696     68    124     28     32     85      0    115     87   1333    288    270    271    208    278    294    289    286    271    911    701    691    684    714    642   1343   1114   1073   1062   1057   1081   1025   1083   1034   1109   1198   1203   1204  
  572    611    652    454    477    434    846    335    345    270    287    308    296    364    310    275   1309   1179   1238   1198   1255   1204   1229   1227   1222    493    501    547    554    522   1679    943    931    988    930    965    952    989    931    896    674    742    724     53     52     98     83     32    115      0     35   1287    394    367    379    310    389    397    383    388    380   1019    774    757    753    788    705   1299   1183   1138   1130   1130   1149   1096   1156   1100   1179   1235   1240   1246  
  537    576    617    419    443    399    833    300    312    235    252    275    263    329    275    242   1274   1144   1203   1163   1220   1169   1194   1193   1187    505    511    554    564    531   1649    916    903    961    902    937    924    962    905    867    645    716    698     42     76     76     56     28     87     35      0   1282    372    350    356    290    365    378    368    369    357    985    741    724    720    754    673   1293   1150   1105   1097   1096   1117   1063   1122   1067   1146   1207   1212   1217  
 1280   1255   1340   1284   1283   1258    505   1313   1372   1267   1251   1349   1356   1287   1310   1349   1690   1609   1638   1587   1583   1601   1576   1619   1650    884    851    788    815    839   1293    839    873    854    891    870    895    832    822    907    944    851    872   1323   1336   1343   1320   1307   1333   1287   1282      0   1572   1580   1548   1516   1542   1588   1603   1585   1543   1675   1177   1123   1145   1191   1099     28   1247   1182   1223   1265   1224   1241   1278   1185   1264    916    924    979  
  467    519    503    370    388    379   1083    276    219    307    324    230    219    314    271    224   1095    969   1029   1000   1069   1002   1041   1023   1005    871    872    908    926    893   1664   1022    997   1058    990   1030   1009   1067   1018    952    752    849    826    341    378    298    317    362    288    394    372   1572      0     58     25     86     40     23     72     30     33    750    715    727    712    721    693   1579   1112   1087   1064   1047   1084   1020   1071   1046   1102   1283   1286   1275  
  514    565    554    411    430    416   1098    305    252    324    344    256    242    346    296    243   1152   1026   1086   1057   1125   1059   1097   1080   1062    854    857    896    911    878   1711   1057   1033   1094   1027   1066   1046   1102   1052    989    784    879    856    315    345    275    296    336    270    367    350   1580     58      0     71     65     91     42     25     30     80    807    761    770    757    768    735   1588   1162   1135   1113   1097   1133   1070   1122   1094   1152   1323   1326   1316  
  446    498    484    347    365    356   1059    251    195    282    300    206    195    290    247    200   1084    957   1017    988   1056    990   1028   1011    994    852    852    887    906    874   1643    998    974   1034    966   1006    985   1043    994    928    728    825    802    327    366    282    301    347    271    379    356   1548     25     71      0     78     21     46     90     50     10    742    694    705    690    700    671   1555   1093   1067   1044   1028   1065   1001   1052   1025   1083   1260   1263   1252  
  479    530    528    370    391    372   1035    255    207    264    285    204    189    297    243    186   1146   1019   1079   1047   1114   1050   1086   1072   1056    792    795    833    848    816   1674   1007    984   1045    978   1018    998   1052   1001    940    732    825    803    257    292    215    235    278    208    310    290   1516     86     65     78      0     95     88     88     79     83    811    725    730    718    733    692   1525   1131   1101   1081   1068   1102   1039   1093   1060   1122   1278   1281   1273  
  428    480    465    331    349    341   1052    240    182    276    293    197    187    277    237    194   1063    937    997    967   1035    969   1007    990    973    856    856    890    910    877   1625    983    959   1019    951    991    970   1028    979    913    714    812    789    336    378    291    309    357    278    389    365   1542     40     91     21     95      0     63    109     68     13    722    676    687    673    682    654   1549   1073   1048   1025   1009   1045    981   1033   1006   1064   1244   1247   1235  
  490    542    526    393    411    401   1101    297    240    325    343    250    239    335    291    242   1114    989   1049   1021   1090   1023   1061   1043   1025    878    881    918    934    902   1687   1044   1020   1080   1012   1052   1031   1089   1039    974    773    871    847    344    378    302    322    365    294    397    378   1588     23     42     46     88     63      0     51     12     55    768    738    750    735    744    716   1596   1135   1110   1086   1070   1107   1043   1094   1068   1125   1306   1309   1297  
  535    587    574    434    452    440   1122    329    276    348    368    280    267    370    321    267   1165   1040   1100   1072   1141   1073   1112   1094   1076    872    876    916    930    897   1732   1080   1057   1117   1050   1090   1069   1126   1075   1012    808    903    880    332    359    293    314    352    289    383    368   1603     72     25     90     88    109     51      0     42     99    818    783    793    779    789    757   1612   1182   1156   1133   1117   1154   1090   1141   1115   1172   1346   1349   1339  
  495    547    533    396    415    404   1099    297    242    322    341    250    238    337    291    240   1124    999   1059   1030   1099   1032   1071   1053   1035    870    873    910    926    894   1692   1046   1022   1082   1015   1055   1034   1091   1041    977    775    872    848    335    368    293    313    356    286    388    369   1585     30     30     50     79     68     12     42      0     59    779    743    754    740    749    720   1592   1141   1116   1093   1076   1113   1049   1100   1074   1131   1309   1312   1301  
  437    489    475    339    356    347   1053    244    187    276    294    199    188    282    240    194   1075    949   1009    979   1047    981   1019   1002    985    851    851    885    904    872   1634    989    965   1025    958    997    977   1034    985    919    720    817    794    328    368    283    301    348    271    380    357   1543     33     80     10     83     13     55     99     59      0    734    685    696    681    691    662   1549   1084   1058   1035   1019   1055    991   1043   1016   1074   1252   1254   1243  
  495    486    407    586    566    614   1193    687    676    758    747    711    725    665    711    745    368    266    316    310    384    305    358    318    285   1337   1316   1317   1361   1335   1162    860    824    863    807    838    811    883    871    781    747    828    810    978   1035    936    941    993    911   1019    985   1675    750    807    742    811    722    768    818    779    734      0    499    553    533    485    585   1669    626    649    603    561    618    558    571    616    607    971    968    926  
  248    197    233    357    335    362    696    484    520    520    498    533    551    442    504    563    613    496    545    495    530    506    509    529    543    932    904    889    940    919    951    387    353    404    338    376    349    421    394    305    257    331    314    756    811    729    720    761    701    774    741   1177    715    761    694    725    676    738    783    743    685    499      0     55     37     18    100   1173    413    378    362    357    382    324    383    337    408    589    590    570  
  263    213    265    361    341    361    641    483    524    511    488    533    551    440    502    562    661    546    594    543    574    554    554    577    593    890    860    843    894    875    946    343    309    364    296    335    309    379    348    261    204    276    259    742    797    718    708    746    691    757    724   1123    727    770    705    730    687    750    793    754    696    553     55      0     23     71     56   1119    426    383    374    375    393    341    401    344    423    563    565    549  
  247    196    245    349    328    351    661    473    511    503    481    523    540    430    492    552    649    532    581    530    564    541    543    565    579    899    870    854    905    885    957    365    331    385    318    356    330    401    370    283    221    296    278    737    792    711    702    741    684    753    720   1145    712    757    690    718    673    735    779    740    681    533     37     23      0     54     64   1140    430    390    378    377    398    344    403    350    426    581    583    566  
  255    203    234    367    344    373    711    494    528    531    510    543    560    452    515    574    596    479    528    477    512    488    491    511    526    950    921    907    957    936    944    395    360    411    345    383    356    428    403    313    274    346    329    768    824    741    733    774    714    788    754   1191    721    768    700    733    682    744    789    749    691    485     18     71     54      0    117   1186    402    369    351    344    371    313    370    328    396    589    590    568  
  238    192    260    324    306    321    609    441    485    464    441    492    509    398    458    519    712    596    644    594    627    605    607    628    642    835    806    790    841    821    990    349    318    376    307    348    324    389    351    270    163    248    228    692    746    669    658    694    642    705    673   1099    693    735    671    692    654    716    757    720    662    585    100     56     64    117      0   1096    479    433    427    430    445    396    456    395    477    591    593    582  
 1280   1254   1338   1286   1285   1261    507   1319   1378   1274   1258   1355   1363   1292   1316   1356   1678   1600   1628   1577   1572   1591   1565   1609   1641    901    869    805    834    856   1271    829    864    843    881    860    885    821    813    899    942    848    869   1334   1349   1353   1330   1319   1343   1299   1293     28   1579   1588   1555   1525   1549   1596   1612   1592   1549   1669   1173   1119   1140   1186   1096      0   1234   1169   1211   1253   1211   1229   1265   1173   1251    899    907    962  
  652    602    610    768    745    775    866    896    928    932    910    945    962    854    917    975    465    428    432    390    358    403    361    414    455   1269   1234   1205   1260   1246    565    437    411    406    396    399    382    427    457    402    562    562    562   1167   1222   1141   1132   1171   1114   1183   1150   1247   1112   1162   1093   1131   1073   1135   1182   1141   1084    626    413    426    430    402    479   1234      0     68     53     70     35     93     55     89     21    381    376    324  
  623    572    589    735    713    739    798    861    897    893    871    911    928    819    881    940    521    471    482    437    413    451    412    464    503   1207   1172   1142   1197   1184    579    369    343    339    329    331    314    359    389    335    503    498    499   1124   1178   1100   1090   1127   1073   1138   1105   1182   1087   1135   1067   1101   1048   1110   1156   1116   1058    649    378    383    390    369    433   1169     68      0     49     95     43     91     99     42     82    333    329    282  
  602    552    562    717    694    723    829    845    878    880    858    894    911    803    866    924    475    423    435    389    367    403    366    416    455   1220   1186   1157   1212   1197    608    401    373    375    358    364    346    396    421    360    511    516    515   1114   1170   1089   1080   1118   1062   1130   1097   1223   1064   1113   1044   1081   1025   1086   1133   1093   1035    603    362    374    378    351    427   1211     53     49      0     47     21     48     55     42     54    382    377    330  
