120

    0     25     55     61     41     40     48     28     72     27     58    240    232    186    165    218    192    186    187    201    194    228    204    636    587    620    637    612    588    660    634    641    603    580    585    609    663    657    559    590    596    612    587    612    582    614    653    616    564    594    397    359    387    392    375    391    388    588    577    913    971    973    976    940    972    949    970    127    197    212    184    155    189    260    236    274    294    259    296    311    258    249    244    202    252    310    303    125    188   1096   1069   1093   1034   1055   1100   1071   1056   1034   1055   1025   1057   1048   1068   1049   1079   1057   1015   1079    914    898    923    855    928    304    285    246    296    306    257    307  
   25      0     33     44     18     31     39     44     48     50     59    225    217    172    155    212    181    169    179    192    182    220    193    634    584    617    634    608    586    657    631    639    602    577    582    606    660    653    556    587    591    609    582    609    579    611    648    613    561    590    396    357    385    390    373    392    387    593    581    905    963    965    968    932    963    941    961    128    188    208    179    149    184    272    252    287    308    272    313    326    271    260    255    215    268    323    317    122    185   1084   1057   1080   1022   1042   1088   1058   1043   1021   1041   1012   1044   1035   1055   1036   1067   1044   1001   1067    891    875    900    832    905    295    277    235    288    299    252    302  
   55     33      0     19     16     30     32     63     24     76     57    224    217    175    165    226    188    166    191    202    188    231    201    616    565    598    616    588    567    637    611    621    585    558    563    586    641    632    536    567    569    589    560    590    560    591    627    594    542    569    415    374    401    408    390    411    406    616    604    912    971    972    977    941    969    948    968    151    198    224    194    164    198    302    284    317    339    302    345    357    301    289    285    245    300    353    348    142    203   1085   1058   1081   1024   1042   1090   1059   1045   1022   1041   1014   1045   1036   1057   1037   1070   1043   1002   1068    860    843    868    800    874    270    254    208    265    276    233    281  
   61     44     19      0     31     25     22     61     38     77     45    240    234    193    183    244    206    183    209    220    206    250    219    598    548    580    598    570    549    619    593    603    566    540    545    568    623    615    518    549    552    572    542    572    542    573    609    576    524    552    433    392    419    426    408    429    424    633    621    930    989    990    995    959    986    966    986    167    216    242    212    182    216    315    295    330    352    315    356    369    314    303    299    258    311    367    360    159    220   1102   1075   1098   1041   1058   1107   1076   1062   1038   1057   1031   1062   1053   1074   1054   1087   1060   1018   1085    856    841    865    796    872    254    237    192    248    259    215    264  
   41     18     16     31      0     29     35     55     32     65     59    220    213    170    156    216    181    163    181    193    181    222    194    627    577    610    627    600    578    649    623    632    595    570    575    598    652    645    548    579    582    601    572    602    572    603    639    606    554    582    403    363    390    396    379    399    394    603    590    905    964    965    969    933    962    941    962    137    189    213    183    153    188    286    268    301    323    286    329    341    285    274    269    230    284    338    332    129    191   1081   1054   1077   1020   1038   1086   1056   1041   1018   1037   1010   1041   1032   1053   1033   1065   1040    998   1064    874    857    882    815    888    284    267    223    278    289    245    294  
   40     31     30     25     29      0      9     37     54     52     30    249    242    198    184    242    209    192    208    221    210    249    222    604    554    587    604    578    555    626    600    609    571    547    552    575    630    623    525    557    561    579    551    579    549    580    618    583    531    559    427    388    415    421    403    422    418    623    611    933    991    993    997    961    991    969    990    158    216    238    209    179    214    299    275    313    333    298    336    350    297    288    282    241    291    350    342    153    215   1110   1083   1106   1048   1067   1114   1084   1070   1046   1066   1039   1070   1061   1081   1062   1094   1069   1027   1092    881    865    889    821    896    266    248    207    258    269    222    272  
   48     39     32     22     35      9      0     42     55     59     26    254    247    204    191    250    215    197    215    228    216    257    228    596    545    579    596    569    547    618    592    600    563    538    543    567    621    614    517    548    552    570    543    570    541    572    610    574    523    551    435    396    423    429    411    430    426    632    620    940    998   1000   1004    968    997    976    996    167    223    246    217    186    221    307    284    321    342    307    344    359    305    296    291    249    299    358    350    161    223   1115   1088   1111   1054   1072   1120   1090   1075   1052   1071   1044   1075   1066   1087   1067   1099   1074   1032   1098    875    860    884    815    891    257    239    198    250    260    214    263  
   28     44     63     61     55     37     42      0     85     19     38    266    258    212    193    246    219    211    214    229    221    255    231    612    563    597    613    589    564    636    611    616    578    557    561    586    640    634    536    567    574    589    565    588    559    591    631    592    541    571    422    385    413    418    401    417    414    611    600    940    998   1001   1004    967   1000    977    998    153    224    239    211    183    216    278    250    291    310    277    309    326    275    269    263    219    265    328    318    152    215   1123   1096   1120   1061   1082   1127   1098   1083   1061   1081   1052   1084   1075   1095   1076   1106   1084   1042   1106    916    901    925    856    932    285    265    230    276    285    235    285  
   72     48     24     38     32     54     55     85      0     96     81    203    197    157    150    213    172    146    177    187    172    217    185    629    578    610    628    599    579    648    622    634    598    569    576    597    652    643    548    579    579    601    569    603    572    602    637    606    554    580    405    363    390    396    379    402    395    610    597    895    953    954    959    924    950    931    950    146    183    212    183    152    187    304    290    319    343    304    351    361    304    290    286    249    306    356    352    135    193   1065   1037   1060   1004   1021   1069   1039   1025   1001   1019    994   1025   1015   1037   1017   1050   1022    981   1047    845    828    853    786    858    278    264    214    274    286    246    293  
   27     50     76     77     65     52     59     19     96      0     56    266    257    210    188    238    215    212    208    223    217    248    227    627    578    612    628    604    579    652    627    631    592    572    576    602    655    649    551    582    590    604    581    603    574    607    647    607    556    586    410    374    402    407    390    404    402    596    586    933    991    993    996    959    993    969    990    143    219    230    203    176    209    261    232    274    292    260    291    308    258    252    246    202    247    310    300    143    205   1119   1092   1116   1056   1079   1123   1094   1078   1057   1078   1048   1080   1071   1090   1072   1101   1081   1038   1102    933    917    941    873    948    303    282    249    293    303    251    302  
   58     59     57     45     59     30     26     38     81     56      0    279    271    228    213    271    238    222    237    250    239    278    251    579    529    563    579    554    531    602    577    583    546    523    527    552    606    599    501    533    538    555    530    554    525    557    596    559    507    536    453    414    442    447    430    448    444    646    634    963   1021   1022   1026    990   1020    999   1019    183    246    266    237    207    242    315    287    329    347    314    347    363    313    305    300    257    303    365    356    179    242   1139   1112   1136   1078   1097   1144   1114   1099   1076   1096   1068   1100   1090   1111   1092   1123   1098   1056   1122    887    873    896    827    904    248    228    193    239    249    199    250  
  240    225    224    240    220    249    254    266    203    266    279      0     11     58     90    103     65     58     91     76     62     88     64    816    765    794    814    782    766    831    804    823    788    754    762    779    836    824    733    762    757    785    746    789    756    784    814    791    739    763    265    219    239    248    233    268    255    485    468    696    755    755    761    727    749    732    751    163     78    118    114    115    109    290    314    306    335    292    363    355    295    271    272    264    326    333    345    149    129    862    835    858    802    819    867    836    822    798    818    791    822    813    834    814    847    820    779    845    849    823    853    796    847    457    449    391    457    470    440    482  
  232    217    217    234    213    242    247    258    197    257    271     11      0     48     80     95     55     52     81     66     52     81     54    813    761    791    810    779    762    828    800    819    784    751    758    776    833    821    730    759    755    782    744    785    753    781    811    788    735    760    262    216    237    246    230    264    252    481    465    701    759    760    766    731    754    737    756    153     69    110    105    105     99    281    304    297    326    282    354    346    286    262    263    254    316    324    336    139    120    869    842    865    808    826    874    843    829    805    825    798    829    820    841    821    853    828    786    851    856    829    860    802    854    454    445    387    454    467    435    478  
  186    172    175    193    170    198    204    212    157    210    228     58     48      0     36     80     25     30     50     45     22     74     36    781    730    761    779    749    731    798    771    787    751    720    727    747    803    792    699    729    727    752    716    754    723    752    784    757    705    730    270    225    248    256    239    270    260    486    471    738    796    798    803    767    794    774    794    109     44     90     73     63     70    251    268    267    296    252    321    317    255    233    232    217    281    298    306     93     90    912    885    909    851    870    917    887    872    849    870    841    873    863    884    865    896    872    830    895    873    849    878    818    874    424    414    358    423    436    400    445  
  165    155    165    183    156    184    191    193    150    188    213     90     80     36      0     65     29     61     28     37     31     68     39    778    727    759    777    748    729    797    771    784    748    719    725    746    802    792    697    728    727    750    717    752    721    751    785    755    703    729    260    216    242    249    231    258    250    472    457    750    808    810    814    778    808    786    807     74     33     69     44     27     44    218    233    235    263    219    287    284    222    200    199    182    246    266    273     59     60    932    905    929    869    891    936    907    891    869    891    860    892    883    903    884    914    894    851    915    903    880    908    848    906    425    413    360    423    435    396    443  
  218    212    226    244    216    242    250    246    213    238    271    103     95     80     65      0     56    110     37     36     59     18     47    841    791    823    841    812    792    861    834    847    810    782    788    810    865    856    761    791    792    814    782    815    785    815    849    819    767    793    195    151    177    184    167    193    185    409    393    696    753    756    759    722    756    732    753    100     38     17     36     64     30    188    217    204    233    190    263    253    194    170    171    169    228    230    243     96     39    886    860    885    823    849    890    862    845    826    849    815    847    839    858    840    867    852    808    870    948    923    952    894    947    490    477    425    487    499    459    506  
  192    181    188    206    181    209    215    219    172    215    238     65     55     25     29     56      0     54     28     20      4     51     14    799    747    779    797    768    749    817    790    804    768    738    745    765    821    811    717    747    746    770    735    772    741    770    803    775    723    748    247    202    226    234    217    246    237    463    447    725    783    785    789    753    782    761    781     99     19     66     52     51     48    231    251    247    276    232    302    296    235    212    212    200    263    276    286     86     68    904    878    901    842    864    909    879    864    842    863    833    865    856    876    857    887    866    823    888    896    871    901    841    897    443    432    378    441    454    417    463  
  186    169    166    183    163    192    197    211    146    212    222     58     52     30     61    110     54      0     80     74     51    102     64    763    711    742    761    730    713    779    751    769    734    701    709    727    783    772    680    710    706    732    695    736    704    732    763    738    686    710    297    251    274    283    266    297    287    515    499    752    810    811    817    782    805    788    807    129     73    120    102     87     99    279    293    295    324    280    348    344    283    261    260    242    306    326    334    112    119    919    892    915    859    876    924    894    880    856    875    848    879    870    891    871    904    877    836    902    844    820    849    789    846    404    395    338    404    417    384    428  
  187    179    191    209    181    208    215    214    177    208    237     91     81     50     28     37     28     80      0     18     32     42     28    805    754    786    804    776    756    825    798    811    774    746    752    773    829    820    725    755    755    778    745    779    748    778    812    782    730    757    232    188    214    221    204    230    222    445    430    727    785    787    790    754    786    763    784     80     14     42     24     33     20    203    223    219    248    204    274    268    207    185    184    173    236    249    258     70     41    912    886    910    849    873    916    888    872    851    873    841    873    865    884    865    894    876    832    896    923    898    928    868    924    453    440    388    450    462    423    470  
  201    192    202    220    193    221    228    229    187    223    250     76     66     45     37     36     20     74     18      0     23     32     13    814    763    795    813    784    765    833    806    820    784    755    761    781    837    828    733    763    763    786    752    788    757    786    820    791    739    765    228    183    208    216    198    227    218    443    428    713    771    773    777    741    772    749    770     97      5     47     39     50     34    216    239    231    261    217    288    281    220    197    197    189    250    260    271     87     54    897    870    894    834    857    900    872    856    835    857    825    857    849    868    849    878    860    816    880    914    889    919    860    914    460    448    395    458    470    432    479  
  194    182    188    206    181    210    216    221    172    217    239     62     52     22     31     59      4     51     32     23      0     53     15    798    747    778    797    767    748    816    789    804    768    738    744    764    820    810    716    746    745    769    734    772    740    769    802    774    722    748    249    204    228    236    219    249    239    465    450    725    783    784    789    753    782    761    781    103     23     69     56     54     52    235    254    251    280    236    306    300    239    216    216    204    267    280    290     89     72    903    876    900    841    862    907    878    863    840    862    832    863    854    874    855    886    864    821    886    892    867    897    838    893    442    431    377    441    453    417    462  
  228    220    231    250    222    249    257    255    217    248    278     88     81     74     68     18     51    102     42     32     53      0     39    845    794    826    844    815    796    864    837    851    815    786    792    813    868    859    764    795    794    817    784    819    788    818    851    822    770    796    197    152    176    184    167    196    186    413    397    686    744    746    749    713    745    722    743    114     35     35     49     73     42    206    235    221    250    207    280    270    211    187    188    187    246    246    260    107     56    874    847    872    810    836    877    849    833    812    835    802    834    826    845    827    854    838    794    857    935    909    940    882    934    492    480    426    489    501    463    510  
  204    193    201    219    194    222    228    231    185    227    251     64     54     36     39     47     14     64     28     13     15     39      0    812    761    792    811    781    762    830    803    818    782    752    758    778    834    824    730    760    759    783    749    785    754    783    816    788    736    762    235    189    214    222    205    234    224    451    436    712    770    772    776    740    770    748    769    106     15     59     51     57     46    228    251    244    273    229    301    293    233    209    209    201    263    272    283     94     66    893    866    890    830    853    897    868    852    830    852    821    853    844    864    845    875    855    812    876    902    877    907    848    902    457    445    391    455    467    430    476  
  636    634    616    598    627    604    596    612    629    627    579    816    813    781    778    841    799    763    805    814    798    845    812      0     52     32     13     51     51     43     47     13     40     65     55     53     40     57     85     61     91     41    103     29     63     51     82     31     79     67   1030    990   1017   1023   1006   1025   1021   1223   1212   1510   1568   1567   1575   1542   1558   1545   1562    762    811    839    810    779    814    881    841    892    905    880    892    916    877    875    869    824    855    927    911    756    818   1649   1621   1641   1595   1597   1656   1622   1612   1583   1594   1582   1609   1597   1623   1601   1641   1597   1560   1630    866    881    883    812    918    360    368    426    359    346    384    336  
  587    584    565    548    577    554    545    563    578    578    529    765    761    730    727    791    747    711    754    763    747    794    761     52      0     36     51     39      2     76     58     60     37     19      4     38     78     80     34     25     65     32     73     25     18     42     92     31     28     37    980    939    966    973    955    975    971   1174   1162   1458   1516   1516   1524   1490   1506   1493   1511    711    760    789    759    729    763    834    794    845    858    832    846    870    829    827    821    775    808    879    864    705    767   1598   1570   1590   1544   1546   1605   1571   1561   1532   1543   1530   1558   1546   1572   1550   1590   1546   1509   1579    840    853    856    784    890    309    316    375    308    295    333    285  
  620    617    598    580    610    587    579    597    610    612    563    794    791    761    759    823    779    742    786    795    778    826    792     32     36      0     23     20     35     41     24     44     50     41     37     21     43     44     62     33     59     10     71     16     39     20     61      6     57     36   1013    972    999   1005    988   1008   1003   1208   1196   1487   1545   1544   1552   1519   1534   1522   1539    745    791    821    792    761    795    868    830    880    893    867    881    905    864    862    855    810    843    914    899    738    800   1624   1595   1615   1569   1570   1630   1596   1587   1557   1568   1556   1583   1571   1597   1575   1616   1570   1534   1604    836    850    852    781    887    338    347    404    338    325    366    317  
  637    634    616    598    627    604    596    613    628    628    579    814    810    779    777    841    797    761    804    813    797    844    811     13     51     23      0     42     49     33     35     24     47     60     53     43     31     46     81     54     81     33     93     26     58     41     70     24     76     59   1030    990   1017   1023   1005   1025   1021   1224   1213   1507   1565   1564   1572   1539   1554   1542   1559    762    810    839    809    779    813    883    844    894    907    882    894    919    879    877    870    825    857    929    913    756    818   1645   1617   1636   1591   1592   1651   1617   1608   1578   1589   1577   1604   1593   1618   1597   1637   1592   1555   1625    855    869    871    800    906    358    366    424    357    344    383    335  
  612    608    588    570    600    578    569    589    599    604    554    782    779    749    748    812    768    730    776    784    767    815    781     51     39     20     42      0     39     50     23     63     64     34     38      3     55     46     54     22     40     12     52     31     32      3     53     22     49     20   1003    962    989    995    977    999    993   1199   1188   1473   1531   1530   1539   1506   1520   1508   1525    736    780    811    782    751    785    862    824    873    887    861    876    900    858    854    848    803    838    908    894    729    790   1608   1580   1599   1554   1555   1615   1581   1572   1542   1552   1541   1568   1556   1582   1560   1601   1555   1519   1589    817    831    833    762    868    326    336    392    327    314    356    307  
  588    586    567    549    578    555    547    564    579    579    531    766    762    731    729    792    749    713    756    765    748    796    762     51      2     35     49     39      0     75     57     58     36     20      6     37     77     79     35     26     66     31     74     24     19     42     91     30     30     37    981    941    968    974    956    977    972   1175   1164   1460   1518   1517   1525   1492   1507   1495   1512    713    761    790    761    730    765    835    796    846    859    834    847    871    831    828    822    777    809    881    865    707    769   1600   1572   1592   1545   1547   1606   1572   1563   1534   1545   1532   1559   1548   1573   1552   1592   1548   1511   1580    841    854    857    785    891    310    318    376    309    296    334    287  
  660    657    637    619    649    626    618    636    648    652    602    831    828    798    797    861    817    779    825    833    816    864    830     43     76     41     33     50     75      0     29     51     79     80     77     52      8     19    101     70     81     48     93     53     78     48     47     46     96     69   1052   1011   1037   1044   1026   1047   1042   1247   1236   1522   1580   1579   1588   1555   1569   1557   1574    784    830    860    830    800    834    908    870    920    933    907    921    945    904    901    895    850    883    954    940    778    839   1656   1628   1647   1603   1603   1663   1629   1620   1590   1600   1589   1616   1604   1630   1608   1649   1602   1566   1636    839    855    856    786    892    375    385    441    376    363    405    356  
  634    631    611    593    623    600    592    611    622    627    577    804    800    771    771    834    790    751    798    806    789    837    803     47     58     24     35     23     57     29      0     59     73     56     57     26     35     23     77     45     53     26     65     40     54     20     38     30     72     42   1025    984   1011   1017   1000   1021   1016   1222   1210   1494   1552   1551   1560   1527   1540   1529   1546    758    803    833    804    773    808    884    846    896    910    883    898    922    880    877    871    826    860    931    916    751    813   1628   1599   1619   1574   1574   1635   1600   1591   1561   1571   1561   1587   1575   1602   1580   1621   1574   1538   1608    820    835    837    766    872    347    358    414    349    336    379    330  
  641    639    621    603    632    609    600    616    634    631    583    823    819    787    784    847    804    769    811    820    804    851    818     13     60     44     24     63     58     51     59      0     39     74     63     65     47     67     93     72    103     53    115     39     73     64     93     43     88     78   1035    995   1022   1028   1011   1030   1026   1226   1216   1517   1575   1575   1582   1549   1565   1552   1570    766    816    845    815    785    819    884    844    895    907    883    894    919    880    878    872    827    857    929    913    761    823   1658   1630   1649   1603   1605   1664   1630   1621   1591   1603   1590   1617   1606   1631   1610   1650   1605   1569   1638    878    893    895    824    930    368    374    433    366    353    389    342  
  603    602    585    566    595    571    563    578    598    592    546    788    784    751    748    810    768    734    774    784    768    815    782     40     37     50     47     64     36     79     73     39      0     55     41     64     78     90     68     59     99     53    108     35     54     66    110     45     63     70    998    958    985    991    974    993    989   1188   1178   1483   1541   1541   1548   1514   1532   1518   1536    729    780    808    778    748    782    846    805    856    868    845    855    880    841    840    834    788    818    891    874    723    786   1627   1598   1618   1571   1575   1633   1599   1589   1560   1572   1558   1586   1575   1600   1578   1618   1575   1538   1607    876    889    892    820    926    334    340    399    331    318    352    306  
  580    577    558    540    570    547    538    557    569    572    523    754    751    720    719    782    738    701    746    755    738    786    752     65     19     41     60     34     20     80     56     74     55      0     15     32     83     79     22     13     50     32     56     37      3     37     86     37     16     23    972    932    958    965    947    968    963   1168   1156   1447   1505   1504   1513   1479   1494   1482   1499    705    751    781    751    721    755    829    791    841    854    828    843    867    825    822    816    771    805    875    861    698    760   1585   1557   1577   1531   1533   1592   1558   1548   1519   1530   1518   1545   1533   1559   1537   1578   1533   1496   1566    822    835    838    766    872    298    307    364    298    285    326    277  
  585    582    563    545    575    552    543    561    576    576    527    762    758    727    725    788    745    709    752    761    744    792    758     55      4     37     53     38      6     77     57     63     41     15      0     36     80     80     30     22     62     31     70     28     14     41     91     32     25     34    978    937    964    970    953    973    968   1172   1161   1455   1513   1513   1521   1487   1503   1490   1508    709    757    787    757    726    761    832    793    843    856    831    845    869    828    825    819    774    807    878    863    703    765   1595   1567   1587   1540   1543   1602   1568   1558   1529   1540   1527   1555   1543   1569   1547   1587   1543   1506   1576    836    849    853    780    886    306    314    372    305    292    331    283  
  609    606    586    568    598    575    567    586    597    602    552    779    776    747    746    810    765    727    773    781    764    813    778     53     38     21     43      3     37     52     26     65     64     32     36      0     57     48     52     20     39     12     51     31     30      6     55     23     47     17   1000    959    986    992    975    996    991   1197   1185   1471   1529   1528   1536   1503   1517   1506   1523    733    778    808    779    748    783    859    821    871    884    858    874    897    855    852    846    801    835    906    891    726    788   1606   1578   1597   1552   1552   1613   1578   1569   1539   1550   1539   1565   1554   1580   1558   1599   1552   1516   1586    816    830    833    761    867    323    334    389    324    312    354    305  
  663    660    641    623    652    630    621    640    652    655    606    836    833    803    802    865    821    783    829    837    820    868    834     40     78     43     31     55     77      8     35     47     78     83     80     57      0     26    105     74     87     52    100     54     81     53     54     48     99     74   1055   1014   1041   1048   1030   1051   1046   1250   1239   1527   1586   1585   1593   1560   1574   1563   1579    788    834    864    834    804    838    911    872    922    935    910    923    948    907    904    898    853    886    957    942    781    843   1662   1634   1653   1608   1608   1669   1634   1626   1596   1606   1595   1622   1610   1636   1614   1655   1608   1572   1642    847    863    863    793    899    380    390    446    380    368    408    360  
  657    653    632    615    645    623    614    634    643    649    599    824    821    792    792    856    811    772    820    828    810    859    824     57     80     44     46     46     79     19     23     67     90     79     80     48     26      0    100     68     69     49     81     60     77     43     28     50     95     64   1047   1006   1032   1039   1022   1043   1038   1244   1233   1514   1572   1571   1580   1547   1559   1549   1566    780    824    855    826    795    829    907    869    919    932    906    921    945    903    900    894    849    883    954    939    773    835   1646   1617   1636   1592   1592   1653   1618   1609   1579   1589   1579   1605   1593   1620   1598   1639   1591   1556   1626    821    837    838    767    874    368    380    435    370    358    401    352  
  559    556    536    518    548    525    517    536    548    551    501    733    730    699    697    761    717    680    725    733    716    764    730     85     34     62     81     54     35    101     77     93     68     22     30     52    105    100      0     32     58     54     60     57     24     57    103     59      6     39    951    910    937    943    926    947    942   1146   1135   1426   1484   1484   1492   1458   1474   1461   1478    683    730    759    730    699    734    808    770    819    833    807    822    846    804    801    795    750    784    854    840    677    738   1565   1537   1557   1511   1513   1572   1538   1528   1499   1510   1497   1525   1513   1539   1517   1557   1513   1476   1546    817    828    833    760    865    277    286    343    277    264    304    255  
  590    587    567    549    579    557    548    567    579    582    533    762    759    729    728    791    747    710    755    763    746    795    760     61     25     33     54     22     26     70     45     72     59     13     22     20     74     68     32      0     41     23     49     34     11     25     73     31     27     12    982    941    968    974    957    978    972   1178   1166   1454   1512   1512   1520   1487   1501   1489   1506    714    760    790    761    730    764    840    802    851    865    839    854    878    836    833    827    782    816    886    872    708    769   1591   1563   1582   1537   1538   1598   1564   1554   1525   1535   1524   1551   1539   1565   1543   1584   1538   1502   1571    817    830    833    761    867    306    316    372    306    294    335    286  
  596    591    569    552    582    561    552    574    579    590    538    757    755    727    727    792    746    706    755    763    745    794    759     91     65     59     81     40     66     81     53    103     99     50     62     39     87     69     58     41      0     51     13     68     49     40     58     61     56     29    984    942    968    975    957    980    974   1183   1171   1446   1504   1503   1512   1479   1491   1481   1498    718    759    791    762    731    765    849    813    861    876    848    867    889    845    841    835    790    827    896    883    711    771   1577   1549   1568   1524   1523   1584   1550   1541   1511   1520   1510   1537   1525   1551   1529   1571   1523   1487   1557    779    792    795    723    829    303    316    369    306    294    340    289  
  612    609    589    572    601    579    570    589    601    604    555    785    782    752    750    814    770    732    778    786    769    817    783     41     32     10     33     12     31     48     26     53     53     32     31     12     52     49     54     23     51      0     62     20     30     13     61     11     48     26   1004    963    990    996    979   1000    995   1200   1188   1477   1535   1534   1543   1510   1524   1512   1529    736    782    813    783    752    787    861    823    872    886    860    874    898    857    854    848    803    836    907    892    730    792   1614   1585   1605   1560   1560   1620   1586   1577   1547   1558   1546   1573   1561   1587   1566   1606   1561   1524   1594    828    842    845    773    879    329    338    395    329    317    357    309  
  587    582    560    542    572    551    543    565    569    581    530    746    744    716    717    782    735    695    745    752    734    784    749    103     73     71     93     52     74     93     65    115    108     56     70     51    100     81     60     49     13     62      0     79     56     52     68     72     59     39    974    932    958    965    947    970    964   1174   1162   1435   1493   1491   1500   1468   1480   1470   1486    709    749    781    752    721    755    841    805    853    868    840    859    882    837    833    827    782    820    888    875    701    761   1565   1537   1556   1512   1511   1572   1537   1529   1498   1508   1498   1525   1513   1539   1517   1559   1511   1475   1545    769    782    785    713    819    292    306    358    296    284    331    280  
  612    609    590    572    602    579    570    588    603    603    554    789    785    754    752    815    772    736    779    788    772    819    785     29     25     16     26     31     24     53     40     39     35     37     28     31     54     60     57     34     68     20     79      0     35     32     77     11     51     42   1005    964    991    998    980   1000    995   1198   1187   1482   1540   1540   1548   1514   1530   1517   1535    736    784    814    784    753    788    858    819    869    882    857    870    894    854    852    846    800    833    904    889    730    792   1621   1593   1613   1567   1568   1628   1594   1584   1555   1566   1553   1581   1569   1595   1573   1613   1569   1532   1602    847    860    863    791    897    333    341    399    332    319    358    310  
  582    579    560    542    572    549    541    559    572    574    525    756    753    723    721    785    741    704    748    757    740    788    754     63     18     39     58     32     19     78     54     73     54      3     14     30     81     77     24     11     49     30     56     35      0     35     84     35     19     22    975    934    961    967    949    970    965   1170   1159   1449   1507   1506   1515   1481   1496   1484   1501    707    753    783    754    723    757    831    793    843    856    830    845    869    827    824    818    773    807    878    863    700    762   1587   1559   1579   1533   1534   1594   1560   1550   1521   1532   1520   1547   1535   1561   1539   1580   1535   1498   1568    823    835    839    767    872    300    309    366    300    287    328    279  
  614    611    591    573    603    580    572    591    602    607    557    784    781    752    751    815    770    732    778    786    769    818    783     51     42     20     41      3     42     48     20     64     66     37     41      6     53     43     57     25     40     13     52     32     35      0     50     23     52     22   1005    964    991    998    980   1001    996   1202   1191   1475   1533   1533   1541   1508   1522   1510   1527    738    783    814    784    753    788    864    827    876    890    863    879    903    860    857    851    806    840    911    896    732    793   1610   1582   1601   1556   1557   1617   1582   1574   1544   1554   1543   1570   1558   1584   1562   1603   1557   1520   1590    816    830    833    761    867    328    339    394    329    317    359    310  
  653    648    627    609    639    618    610    631    637    647    596    814    811    784    785    849    803    763    812    820    802    851    816     82     92     61     70     53     91     47     38     93    110     86     91     55     54     28    103     73     58     61     68     77     84     50      0     67     99     65   1041    999   1026   1032   1015   1037   1032   1241   1229   1502   1560   1558   1567   1535   1546   1537   1553    776    817    849    819    789    823    906    869    918    932    905    922    945    902    898    892    847    883    953    939    768    829   1630   1602   1621   1577   1575   1637   1602   1594   1563   1572   1563   1590   1577   1604   1582   1624   1575   1540   1610    793    810    810    740    846    360    373    426    363    351    397    347  
