60

    0    642    651    648    651    650    644    640    879   1055   1058    962    960    953    952    964    955    949   1571   1575   1577    337    346    347    339    337    749    762    750    754    752    755    754   1330   1338   1334   1342   1334   1495   1494   1495   1498   1501   1493   1282   1280   1282   1288    262    254    257    250    252    254    249   1012   1007   1012   1009    996  
  642      0     12      7     13      9      6      2    359    455    456    499    501    489    489    508    496    494   1299   1297   1300    342    334    331    340    347    289    298    291    295    286    297    295    765    770    770    774    767    856    855    856    859    861    854    642    641    643    648    395    403    397    404    402    400    407    428    427    430    430    416  
  651     12      0      8      1      7      7     13    361    451    452    502    504    492    492    511    499    497   1304   1302   1305    348    340    337    346    353    294    304    297    301    291    303    301    753    758    758    763    756    846    845    846    849    852    844    634    633    634    640    405    413    407    413    412    410    417    426    425    428    428    414  
  648      7      8      0      8      2      7      8    357    450    451    497    499    487    487    506    493    492   1298   1296   1299    348    340    337    346    353    288    298    291    294    285    297    295    759    764    765    769    762    849    848    849    852    855    847    636    635    636    642    401    409    404    410    408    406    413    424    422    425    425    411  
  651     13      1      8      0      7      8     13    361    451    452    502    504    492    492    511    499    497   1304   1302   1305    349    341    338    347    353    294    304    297    301    291    303    301    753    758    758    762    755    846    845    845    849    851    844    633    632    634    639    405    414    408    414    413    411    418    426    425    427    427    413  
  650      9      7      2      7      0      8     10    356    449    450    497    498    487    487    505    493    492   1298   1296   1299    349    341    338    348    354    288    298    291    295    285    297    295    757    763    763    767    760    848    847    847    850    853    846    634    633    635    640    403    411    406    412    410    408    415    423    421    424    424    410  
  644      6      7      7      8      8      0      7    363    456    457    503    505    493    493    512    500    498   1304   1301   1305    342    334    331    341    347    293    303    296    300    291    302    300    759    765    765    769    762    853    852    853    856    858    851    640    639    641    646    398    406    401    407    405    403    410    430    429    432    431    418  
  640      2     13      8     13     10      7      0    360    456    457    500    501    490    490    509    496    495   1300   1297   1301    340    333    330    339    345    289    299    292    295    286    298    296    765    771    771    775    768    857    856    857    860    863    855    643    642    644    649    394    402    396    402    401    399    406    429    428    431    431    417  
  879    359    361    357    361    356    363    360      0    217    220    147    150    137    138    157    145    146    963    959    962    657    651    648    655    663    133    121    132    129    130    128    129    886    887    893    892    887    779    779    779    779    783    776    523    516    523    528    620    627    625    632    631    628    632    160    151    157    153    143  
 1055    455    451    450    451    449    456    456    217      0      5    279    285    277    278    290    284    290   1032   1024   1028    791    784    781    790    797    337    328    338    335    333    336    336    742    741    750    745    742    569    569    570    568    573    566    312    304    312    317    794    802    798    805    804    802    807     58     67     62     67     74  
 1058    456    452    451    452    450    457    457    220      5      0    283    289    281    282    294    288    294   1035   1027   1031    793    785    782    791    798    341    331    341    339    336    339    339    739    737    746    741    739    565    565    566    564    569    562    308    300    308    313    796    804    801    808    806    804    809     62     72     66     71     78  
  962    499    502    497    502    497    503    500    147    279    283      0      7     11     11     12      9     16    817    813    817    774    770    766    773    781    231    218    229    225    231    223    224   1005   1004   1012   1009   1005    842    842    842    840    845    838    586    577    586    591    710    717    716    723    722    719    722    227    218    222    217    217  
  960    501    504    499    504    498    505    501    150    285    289      7      0     13     12      8      6     11    814    810    813    774    769    765    773    781    230    217    228    224    231    222    224   1010   1010   1018   1014   1011    848    848    848    846    851    844    592    583    593    597    708    715    714    721    720    717    720    233    223    228    223    223  
  953    489    492    487    492    487    493    490    137    277    281     11     13      0      2     20      9     14    826    822    826    764    759    755    763    771    220    207    218    214    220    212    214   1000    999   1007   1004   1000    841    841    842    840    844    838    585    576    586    590    700    707    706    713    712    709    712    224    214    219    214    214  
  952    489    492    487    492    487    493    490    138    278    282     11     12      2      0     19      8     12    825    821    825    764    759    755    763    771    220    207    218    214    220    212    214   1001   1000   1008   1005   1001    843    843    843    841    846    839    587    578    587    591    700    707    706    713    712    709    712    225    216    220    215    215  
  964    508    511    506    511    505    512    509    157    290    294     12      8     20     19      0     13     16    807    802    806    780    775    772    779    787    237    224    235    230    237    229    230   1016   1016   1024   1020   1017    852    852    852    850    854    848    596    587    596    601    713    720    719    726    725    722    725    238    229    233    228    229  
  955    496    499    493    499    493    500    496    145    284    288      9      6      9      8     13      0      8    818    814    818    768    764    760    767    775    225    212    223    219    225    217    219   1008   1007   1015   1012   1008    848    848    848    846    851    844    592    583    592    597    703    710    709    716    715    712    715    231    222    227    222    221  
  949    494    497    492    497    492    498    495    146    290    294     16     11     14     12     16      8      0    818    813    817    765    760    756    764    772    222    209    220    215    222    214    215   1012   1012   1019   1016   1013    854    855    855    853    857    851    599    590    599    603    698    705    704    711    710    707    710    237    228    232    227    227  
 1571   1299   1304   1298   1304   1298   1304   1300    963   1032   1035    817    814    826    825    807    818    818      0     18     14   1506   1504   1501   1505   1514   1011   1001   1009   1005   1014   1003   1004   1765   1761   1772   1766   1764   1467   1468   1468   1462   1467   1464   1259   1248   1259   1261   1377   1380   1383   1389   1388   1386   1385   1001    995    997    993   1000  
 1575   1297   1302   1296   1302   1296   1301   1297    959   1024   1027    813    810    822    821    802    814    813     18      0      5   1507   1505   1501   1506   1515   1009    999   1006   1003   1012   1000   1002   1756   1752   1763   1757   1755   1455   1457   1456   1450   1455   1452   1249   1238   1248   1251   1379   1383   1386   1391   1391   1388   1388    994    988    990    986    993  
 1577   1300   1305   1299   1305   1299   1305   1301    962   1028   1031    817    813    826    825    806    818    817     14      5      0   1510   1508   1504   1509   1517   1013   1002   1010   1006   1015   1004   1006   1760   1757   1768   1761   1760   1460   1461   1461   1455   1460   1456   1253   1242   1253   1255   1382   1385   1388   1394   1393   1391   1390    999    992    994    990    998  
  337    342    348    348    349    349    342    340    657    791    793    774    774    764    764    780    768    765   1506   1507   1510      0     10     12      2      8    544    557    546    550    544    552    550    994   1002    997   1006    998   1175   1173   1174   1178   1180   1173    977    977    978    983    189    193    186    186    185    186    192    758    756    759    758    744  
  346    334    340    340    341    341    334    333    651    784    785    770    769    759    759    775    764    760   1504   1505   1508     10      0      4      8     13    539    552    541    546    539    547    546    985    993    988    996    989   1166   1164   1166   1169   1172   1164    969    968    969    974    195    199    191    192    191    191    198    752    749    753    751    738  
  347    331    337    337    338    338    331    330    648    781    782    766    765    755    755    772    760    756   1501   1501   1504     12      4      0     10     17    535    549    538    542    536    543    542    984    992    988    996    988   1164   1162   1163   1167   1169   1162    966    966    967    972    192    197    189    190    189    189    196    748    746    749    748    734  
  339    340    346    346    347    348    341    339    655    790    791    773    773    763    763    779    767    764   1505   1506   1509      2      8     10      0      9    543    556    545    549    543    551    549    992   1000    996   1004    996   1173   1172   1173   1177   1179   1171    975    975    976    981    190    194    187    187    186    187    193    757    754    758    757    743  
  337    347    353    353    353    354    347    345    663    797    798    781    781    771    771    787    775    772   1514   1515   1517      8     13     17      9      0    551    564    553    557    551    559    557    994   1002    997   1006    998   1178   1176   1177   1181   1183   1176    981    981    982    987    195    199    191    192    191    191    198    764    762    765    764    750  
  749    289    294    288    294    288    293    289    133    337    341    231    230    220    220    237    225    222   1011   1009   1013    544    539    535    543    551      0     14      3      7      6      9      7    933    935    940    940    935    881    881    882    882    886    878    629    623    630    635    491    498    497    504    502    500    503    284    276    282    278    267  
  762    298    304    298    304    298    303    299    121    328    331    218    217    207    207    224    212    209   1001    999   1002    557    552    549    556    564     14      0     12      9     14      9      9    933    935    940    940    935    875    875    875    875    879    872    622    616    623    628    504    511    510    517    515    513    517    273    266    271    268    257  
  750    291    297    291    297    291    296    292    132    338    341    229    228    218    218    235    223    220   1009   1006   1010    546    541    538    545    553      3     12      0      5      8      7      5    936    938    942    942    937    883    882    883    883    887    880    630    624    631    636    492    499    498    505    504    501    505    284    276    282    278    267  
  754    295    301    294    301    295    300    295    129    335    339    225    224    214    214    230    219    215   1005   1003   1006    550    546    542    549    557      7      9      5      0     10      3      1    936    938    943    943    938    881    881    881    882    885    878    629    623    629    634    496    503    502    509    508    505    509    281    274    279    275    264  
  752    286    291    285    291    285    291    286    130    333    336    231    231    220    220    237    225    222   1014   1012   1015    544    539    536    543    551      6     14      8     10      0     12     11    928    930    935    935    930    876    876    877    877    881    874    624    618    625    630    493    500    498    505    504    502    505    279    272    278    274    263  
  755    297    303    297    303    297    302    298    128    336    339    223    222    212    212    229    217    214   1003   1000   1004    552    547    543    551    559      9      9      7      3     12      0      2    938    940    945    945    940    882    882    883    883    887    879    630    624    630    635    497    504    503    510    508    506    510    281    274    279    276    265  
  754    295    301    295    301    295    300    296    129    336    339    224    224    214    214    230    219    215   1004   1002   1006    550    546    542    549    557      7      9      5      1     11      2      0    937    939    944    944    939    882    881    882    882    886    879    629    623    630    635    496    503    502    509    507    505    508    282    274    280    276    265  
 1330    765    753    759    753    757    759    765    886    742    739   1005   1010   1000   1001   1016   1008   1012   1765   1756   1760    994    985    984    992    994    933    933    936    936    928    938    937      0     12      8     14      5    456    454    455    463    461    457    529    540    529    529   1128   1135   1128   1133   1132   1130   1138    784    792    789    793    790  
 1338    770    758    764    758    763    765    771    887    741    737   1004   1010    999   1000   1016   1007   1012   1761   1752   1757   1002    993    992   1000   1002    935    935    938    938    930    940    939     12      0     17      5      8    445    443    444    453    450    447    523    534    524    523   1135   1142   1135   1140   1139   1137   1145    783    791    788    792    789  
 1334    770    758    765    758    763    765    771    893    750    746   1012   1018   1007   1008   1024   1015   1019   1772   1763   1768    997    988    988    996    997    940    940    942    943    935    945    944      8     17      0     15     10    461    459    461    469    467    463    536    547    537    537   1132   1140   1133   1137   1136   1135   1142    791    800    796    801    798  
 1342    774    763    769    762    767    769    775    892    745    741   1009   1014   1004   1005   1020   1012   1016   1766   1757   1761   1006    996    996   1004   1006    940    940    942    943    935    945    944     14      5     15      0      9    448    446    447    455    453    450    527    538    528    527   1139   1146   1139   1144   1143   1141   1149    787    796    792    797    794  
 1334    767    756    762    755    760    762    768    887    742    739   1005   1011   1000   1001   1017   1008   1013   1764   1755   1760    998    989    988    996    998    935    935    937    938    930    940    939      5      8     10      9      0    452    450    451    460    457    454    527    538    528    527   1131   1139   1132   1136   1135   1134   1141    784    793    789    794    791  
 1495    856    846    849    846    848    853    857    779    569    565    842    848    841    843    852    848    854   1467   1455   1460   1175   1166   1164   1173   1178    881    875    883    881    876    882    882    456    445    461    448    452      0      3      1      8      7      4    258    266    257    253   1250   1258   1252   1259   1257   1255   1262    627    636    631    636    641  
 1494    855    845    848    845    847    852    856    779    569    565    842    848    841    843    852    848    855   1468   1457   1461   1173   1164   1162   1172   1176    881    875    882    881    876    882    881    454    443    459    446    450      3      0      2     10      9      5    258    266    257    253   1248   1257   1251   1258   1256   1254   1261    627    636    631    636    641  
 1495    856    846    849    845    847    853    857    779    570    566    842    848    842    843    852    848    855   1468   1456   1461   1174   1166   1163   1173   1177    882    875    883    881    877    883    882    455    444    461    447    451      1      2      0      9      7      5    258    266    258    253   1249   1258   1252   1258   1257   1255   1262    627    636    631    636    641  
 1498    859    849    852    849    850    856    860    779    568    564    840    846    840    841    850    846    853   1462   1450   1455   1178   1169   1167   1177   1181    882    875    883    882    877    883    882    463    453    469    455    460      8     10      9      0      6      7    257    265    257    252   1252   1260   1255   1261   1260   1258   1265    626    635    630    635    640  
 1501    861    852    855    851    853    858    863    783    573    569    845    851    844    846    854    851    857   1467   1455   1460   1180   1172   1169   1179   1183    886    879    887    885    881    887    886    461    450    467    453    457      7      9      7      6      0      8    261    269    261    256   1255   1263   1258   1264   1263   1261   1267    630    640    634    639    644  
 1493    854    844    847    844    846    851    855    776    566    562    838    844    838    839    848    844    851   1464   1452   1456   1173   1164   1162   1171   1176    878    872    880    878    874    879    879    457    447    463    450    454      4      5      5      7      8      0    254    263    254    249   1247   1256   1250   1257   1255   1253   1260    624    633    628    632    638  
 1282    642    634    636    633    634    640    643    523    312    308    586    592    585    587    596    592    599   1259   1249   1253    977    969    966    975    981    629    622    630    629    624    630    629    529    523    536    527    527    258    258    258    257    261    254      0     12      1      6   1028   1036   1031   1038   1036   1034   1041    370    379    374    379    384  
 1280    641    633    635    632    633    639    642    516    304    300    577    583    576    578    587    583    590   1248   1238   1242    977    968    966    975    981    623    616    624    623    618    624    623    540    534    547    538    538    266    266    266    265    269    263     12      0     11     14   1026   1034   1029   1036   1034   1032   1038    362    371    366    370    376  
 1282    643    634    636    634    635    641    644    523    312    308    586    593    586    587    596    592    599   1259   1248   1253    978    969    967    976    982    630    623    631    629    625    630    630    529    524    537    528    528    257    257    258    257    261    254      1     11      0      6   1028   1037   1032   1039   1037   1035   1041    370    379    374    379    384  
 1288    648    640    642    639    640    646    649    528    317    313    591    597    590    591    601    597    603   1261   1251   1255    983    974    972    981    987    635    628    636    634    630    635    635    529    523    537    527    527    253    253    253    252    256    249      6     14      6      0   1034   1042   1037   1044   1042   1040   1047    375    384    379    384    389  
  262    395    405    401    405    403    398    394    620    794    796    710    708    700    700    713    703    698   1377   1379   1382    189    195    192    190    195    491    504    492    496    493    497    496   1128   1135   1132   1139   1131   1250   1248   1249   1252   1255   1247   1028   1026   1028   1034      0      9      7     13     12     10     13    750    746    750    748    735  
  254    403    413    409    414    411    406    402    627    802    804    717    715    707    707    720    710    705   1380   1383   1385    193    199    197    194    199    498    511    499    503    500    504    503   1135   1142   1140   1146   1139   1258   1257   1258   1260   1263   1256   1036   1034   1037   1042      9      0      8      9      9      8      6    758    753    758    756    742  
  257    397    407    404    408    406    401    396    625    798    801    716    714    706    706    719    709    704   1383   1386   1388    186    191    189    187    191    497    510    498    502    498    503    502   1128   1135   1133   1139   1132   1252   1251   1252   1255   1258   1250   1031   1029   1032   1037      7      8      0      8      6      4     10    755    750    755    753    739  
  250    404    413    410    414    412    407    402    632    805    808    723    721    713    713    726    716    711   1389   1391   1394    186    192    190    187    192    504    517    505    509    505    510    509   1133   1140   1137   1144   1136   1259   1258   1258   1261   1264   1257   1038   1036   1039   1044     13      9      8      0      2      4      7    762    757    762    760    746  
  252    402    412    408    413    410    405    401    631    804    806    722    720    712    712    725    715    710   1388   1391   1393    185    191    189    186    191    502    515    504    508    504    508    507   1132   1139   1136   1143   1135   1257   1256   1257   1260   1263   1255   1036   1034   1037   1042     12      9      6      2      0      3      8    761    756    761    758    745  
  254    400    410    406    411    408    403    399    628    802    804    719    717    709    709    722    712    707   1386   1388   1391    186    191    189    187    191    500    513    501    505    502    506    505   1130   1137   1135   1141   1134   1255   1254   1255   1258   1261   1253   1034   1032   1035   1040     10      8      4      4      3      0      8    758    754    758    756    743  
  249    407    417    413    418    415    410    406    632    807    809    722    720    712    712    725    715    710   1385   1388   1390    192    198    196    193    198    503    517    505    509    505    510    508   1138   1145   1142   1149   1141   1262   1261   1262   1265   1267   1260   1041   1038   1041   1047     13      6     10      7      8      8      0    763    758    763    761    747  
 1012    428    426    424    426    423    430    429    160     58     62    227    233    224    225    238    231    237   1001    994    999    758    752    748    757    764    284    273    284    281    279    281    282    784    783    791    787    784    627    627    627    626    630    624    370    362    370    375    750    758    755    762    761    758    763      0     10      5     10     17  
 1007    427    425    422    425    421    429    428    151     67     72    218    223    214    216    229    222    228    995    988    992    756    749    746    754    762    276    266    276    274    272    274    274    792    791    800    796    793    636    636    636    635    640    633    379    371    379    384    746    753    750    757    756    754    758     10      0      6      3     12  
 1012    430    428    425    427    424    432    431    157     62     66    222    228    219    220    233    227    232    997    990    994    759    753    749    758    765    282    271    282    279    278    279    280    789    788    796    792    789    631    631    631    630    634    628    374    366    374    379    750    758    755    762    761    758    763      5      6      0      5     16  
 1009    430    428    425    427    424    431    431    153     67     71    217    223    214    215    228    222    227    993    986    990    758    751    748    757    764    278    268    278    275    274    276    276    793    792    801    797    794    636    636    636    635    639    632    379    370    379    384    748    756    753    760    758    756    761     10      3      5      0     14  
  996    416    414    411    413    410    418    417    143     74     78    217    223    214    215    229    221    227   1000    993    998    744    738    734    743    750    267    257    267    264    263    265    265    790    789    798    794    791    641    641    641    640    644    638    384    376    384    389    735    742    739    746    745    743    747     17     12     16     14      0  

    0    374      0      2     14      1     24  34925   1177      0   1494      0  49450      0      3      0     10     17     80    112  58555      0  91339      0    429   2363     40      0      0      0     29      8      1     25      0      3      9      0  19635      8    264    172     57      0  15797     39    156  74194    367  23037      0      0      2   8587     74      0  39075      0      0  19471  
    0      0      0   1736      0      1  26002      0  73704     40     42    261  17504     65     34     31   1596      0   1084      0      1     10      5    503      1    233      1      0     10     69      0     67      0      0      0  24693      0      0   8725     45   9247  98068      0      0  68318     11      0  75464  50249      4      0     54  59973      0      1   7243      1      0     39      2  
    0   1675      0      0      4      0  19836      0      0      3      0     14    184      0   2621      2    353  40072     73      0      0     17      0    418   9435      3      1      0    242      0      0      8  22791   2272    368      0      0      0  43161      0      1   7087      0    886      0  18285  95432  15817      5      0   1641      0   3925  27222      0  91230  99819    265   3495      0  
 1654      0  99629      0      0    611      0   1078      3    505   1741     68      0     25    311   1334   3928      0   1064  35144      0    380  17052   5134      0   4178  15213      0    524      5  60984      5    338   1215   1621      0      5      0   6965      0     90      0   6804      0   5607      0   1048     12   3668      3      6      0      0     16     24      0  36499  53701     84      0  
    1   6999      2    166      0      2      0     13      0     58      0    323   9603      0      0      0      0  14875      6      0      0   8776      0      0      4      0  15749     26   2345    121     28    195    867      0  75340      0      0    188      0      0      1      0      0    137    579   1378      3      4    148      0      1    155      0      7    115   4172   1009      0      8      0  
  331      0      9     39      0      0    307      0      3    109      0   3293      1   2033    961  32045     34  82460      0      3      1      0      0  99779      0      0      0      0  99508  60674      0      0      0      0      0      0     33      9      0      0    875   8494      0    369     10     76      0     17    245      1      0    170      0      1  64043      0      3  48092   7259    513  
  164     42     20      0      0  26025      0   2734    135      6   7777      0      2  71930     79      0    148  87007     11   2756    139      0   1642      0      4     51      0     22      0      0     69      0      0  36115    336     86    220  22577    122    719      0      9      0     55      0      6   5626     10   6519     16      0   1395   1412     58  81473      0      1      1     10      1  
    0   3854    146      0    236     12      0      0      1      0  63218   1476     86  39867  13819      0   1358      0      0    151      0      0      0   3656      0     36  18028    648    188    729      0  38617      4      3     18      0   1070      2      4      0      0      0      0   2267     21      0      0      0      3      0   3076     29   2142      0      0      0    138      2      1   6397  
  953      0     50    453      0      0      0  18512      0   1560      0      1    346    317      4    348      0  16473  65170   7536      0     77  40832      0   9090      1    621   3463    113  22926  43982      1   7756      0      0      0   8701   8150     45      0   4031      0      3      0     10      4      1      8    133  36074    362      0      2    385      1      0      0   6434     17      0  
  102    308      3   1243      0     46   8211    565  55229      0   3061      0   4106      0     11     11      0      2      9      0      0   5145     16   1908      5    271     21      0      2  16932      5    188    130      0     13      1  55539      0    155      0      0  39604      0    112      1  14751      0   5169  70826  29232   1940   1670     21    119   2417  30561  13925     58      0      0  
    0      0      0   1453  75011  33923    312     76     22      0      0      0   1209      0      0     52      0     21      0      0  38227    159    866      0      0      0    182      0      0   7473      0     39  15709   6115      0    150     35   4683      5      0    311      0   3278      1      0     18      0    117      9     20      0  11156    319      5      0  21356      2  67737    360  11725  
    1      0   5735    409    360      0   4743      1  62940      0      0      0   2692    289     77      0      0   5557     38  67497    201      0      0   2382      1   3168     24   2348  52069      1  15885    401      0    624  89042    226     13    350      0      0      1      0      0    537   4007    273   2056      0      0      0  28549   1803      0      1  85275    268    654      0      0   2912  
  503   3302    270  16613   4373     61     46      0  18452  15556  27337     57      0  88935      6      0   8217  41405   1712      1      0  25988      0     10      0      0   7423      0      0   3815    228    739     84     16   2832      0    322      1      0     63  16506      0  19322      0   2560      0      0    134      0      4   1167      0      0      0      0   1971    477      0  48102  27510  
  552      0  29064      2      0    240    282    244  26940      0      5   2248    843      0      0  19572    482      2      0      0  95294    238      0   6215      0    777      0    217   4771    310      0  96656      4    116    724     98  39151      1      0   2058    189  89884     64   2299    209      0    435   4216    760     17      7   3868   7059   2191      0      0      0    268      2  12912  
    0      1   8240  30445      0      0      0      0      0  83280     25   2223      0    292      0      0      5      0  12093  25658    794   3862      0      0    329      0  11272  30462      0     22    799  58412  22363     90      0     93      1      0      0      0     33      0      0   1186      2      0      0    108    118      0      0  12565     12      1    320      0      8     31      6    416  
    0      0      0      0      0     58      0      0      0    985    376  26720      0      0     34      0      0    102   2206   2122     87      0      0     25      7      0      0      0     64      0   3516    177      0      4     67      0   3350     12   7878  19611      0   4134      5  59605   5926      0    111   1556      0      0   6566  24950      1     25      0     34  23460    645    175  56627  
   33      2      0    766  62486     54      2      9      0     13  57178      0  44971   1580   2503   6023      0      2      1      2      0   1343   6286  41275    896      0      0      0   3990     38      0  71380    113      1    823      0      0      7  79823      0      0  17861      0      0      0      0      0   4000      0    318     44      0    155      0      0      2  47414   2594   2019      7  
21066      0    599      0      0  20543   3507  38139      0      0      0      0  37450   4426  17100  62447  17279      0     38  15832      0      0      0  18040    158     34     21      6  22021     59  11327     10      0      0      0    730      0      0  48637      0     83      0      0    283  49838      9  29956      0  13603      3      0   1488    119      3      0    100      4      0   1481  10517  
    0   1497      0  42034     30    987    120      0      4      0      0      0     12   5002      0   1198   8177      0      0  82370    946      0  87583      0      0      0      9      7      0      0      0      0      0    374  47745      0    321      0     19      0  15225   1982    458      0      7     46      0  14010    998    148      0   1609     14      0      3      0      5    558  39694      0  
    3   2253      0  36452      4   3303   1516      0      0     14     72      0   6846      0      0      0      0      3      0      0      3  15098   3834      4   3889      1   3291    430      0      0  82700      0      8  39669      2      6  16448    299    120     87      7     15    409  60117  12004      1      0   2491      0  26856    360  92800   2298  32178      4   4444      7     83      0      0  
 8590   1608  47776      0      0    301   5798    301     81     45      0    323      0  19930      0      0      0    354     48   3157      0      8     15      3  28579  43228      0      0     97    510      0     14      0   3259   8944      0  19449      0      0      0     38      0      4    353      0      0     33      0    281  40576      2   2080      0      0      4    508      0   1130      2      7  
    0      7      0  13352      0     40   4381      0    742   2522      0      2      0    289  25788   1818    294      0   4323   6608      0      0      0    939      2  84328      1     42  30210      0      0   3636      1      2   9714  17138      0     31  58252   4265    154  75762     18   4859      2      0      0      0    105   3215  58662  11697  10216  23024   4679  33608   8591      0      0  97134  
    1    223      0     62    209      0    161      8  24703     12     18      0     13   3227      0      4   2948    154      0      0      0     86      0    547    323    184     40      0  31296   7715      0  77796      0    139   8111      0      5  15387    872   4727      0      0      0      0  43754      0      0      0      0      0      1  67547   1118      1     16      1  94257   8359  12006      0  
48070    179      6    532      5      0    212   1043  13610    316     10    170    129  17023    941  34117      2      0     26      0  16770      0  17595      0  16673      0      0      0      1  10629      2     10  49247     37      0     24   6024   5600    660    403      0     59      0     53   2935   3290    707  21994      2      0   1694      0   2774   7391      0     65      0      0      0    165  
    0  77055   1373  11068   3601      0      0  16976    245      0     15      5      0    232     10      0    532      0    504      0      0      7   1332   4210      0    139      0      0  91304  15067    146    572      0  77966      0     86     80      0      0     18  74376  39220  38768      9      0      1     10   2324      0     17     11     45   8522      0  93508  30129   7964   4674      0      3  
   49  16299     46     49  15597      0      0      0      0      2    193      0  37333   1687      0      1      0     32  46123     49   1260      0   1414      0      0      0  22561      6      0      0      0      2   1701     99      0   5224      0    125    203     22  18343      0   1069      0   3755      0  94759      0      0  15418      0  32204    300  11945  83241    112  12320  48456      0      0  
    0  39171      0      0    133  32701    291   5454   5514  51733      0      2      1  62409      0      1  80805     14  22499  50349      6    137  63170    696      0  77129      0      0      0      0  51960    361     58    130      0      0   8173     24     11     18  47169  10070     57    772  82233      9   3091      0      0      0     11     54  11204    543    727     17     20   7151   7307   3864  
17276    214   3084    177     86  55043      1  30758     14      4      0      0      0    196      2   5253      0    178  29012   5790   3217   1839  51112   7276      2    666      1      0     61     34  97689   1382   1069     13  25327  73518    414      8      1     20     20     72      0     66      0     87   3373   2187    742      7  14385      0      0   7517      0  25969  45374      1    386   1895  
  793      0      0    687      0      1      3     61     21    682      0      3     24    161    897     47      4      0   1943    670  41220      0   1520    691     56    560   1850      0      0  11982      2      0    167      0    271      9  14363  72655      0      0      0      0    152      0     16      0      0  22651  57593      0     29    111      0      0  44211     34     86      0   5316     11  
    3      0  95220      0      0  30141  78689      0   4384     54    892      0      0      0      2     23      3   9937      0      1  26092      0     18      0     38      0      0      5     57      0  11582      3  47358      9      0    703  15994      0  31746     23  74716  20126      0      0   2761   2481    437      1    595      0     44    189    318      2      0    736      0      0  28090      0  
    1     82     21      1      6  13904     61      1      1  85753    597   2654      0   8492    123      0  24249      0     15      0      1      0  32869     57      2  12266   2773     12      0   2080      0     12      0      0      0     91  46955     72      0      0  18934     82   1294  83621      0      0      6      9     91  36541     26      0   1281   7889     41      2    128      1    152    316  
  509      0      2      1   1091      1      2   3015      3      0      1  33548  20503  29179   2723      0      0      0      0      6      0      7      0      1     39  18887   9600      0    186    231     30      0      0     68      9      2    529      0     11     32      0    164  49188   1323      0   3723   6848  33077    461    602     47      0      0   2013    648      0    224      0  25730    187  
    2   2159   1336      0      0      0  11389      0      0   1687   2626      4     33      0      0      1    837      7      8  10121      0      0      0   8854     25    236    244      0      1      0   3474     83      0      0      0   2423    201  13821      0     24     11      0      0    870      5      1    149   1412      0      0  23655      0    872   2902      3     36      0    141      0      6  
    0      5      2      9      0      0      0   5446    142      0    558  27795      0      9   1757      0    595      0      0     24      0      0      0      0     11      1    317      0      0   3616     15      0      8      0      6      1     10      0   2981  13280      0     62     10     15      7    232      0      0      0      0      0      3     45      0      0  83925   7863      0    695  36585  
   16      0     20   1330  87286     13   3332      0      0      0    206      2      0   1257     34  59602      1   2108      0     64  75326   1984  19471     15      6  15086     42  38214    139      6     30    307      0      0      0    217      1      0      5    417      0      0  86100      0    111     39      2     10     20   1209      0  51913      0    548      2      0      1      5    278      5  
