50

  0    8   13    7   19    3  253  253  261  268  263  265  107  115  102  115  102  108  233  235  226  224  229  239  232  220  225  226  222  223  281  284  271  277  279  270  387  375  375  371  370  376  244  239  243  255  249  239  164  159  
  8    0    5    5   11    5  251  251  258  266  260  263  100  108   95  108   95  100  235  237  228  226  230  241  226  214  219  220  216  217  282  286  272  278  280  272  382  370  371  367  366  372  241  236  240  252  246  237  158  153  
 13    5    0    8    6   10  250  250  258  265  260  262   96  104   91  104   91   96  237  239  230  228  232  243  223  211  215  217  213  214  284  288  273  280  282  274  380  368  369  365  364  370  240  235  239  251  245  236  154  149  
  7    5    8    0   14    4  256  256  264  271  266  268  104  112  100  112  100  105  239  241  232  230  234  245  231  219  224  225  221  222  286  290  276  282  285  276  388  376  376  372  371  378  247  241  246  258  252  242  162  158  
 19   11    6   14    0   15  249  250  256  264  259  261   91   99   87   99   87   91  239  241  232  230  233  245  219  207  212  213  209  210  286  290  275  281  284  276  378  366  366  362  361  368  239  233  238  250  244  235  150  145  
  3    5   10    4   15    0  253  253  261  268  263  265  105  112  100  113  100  105  235  237  228  226  230  241  230  218  223  225  220  221  282  286  272  278  281  272  386  374  374  370  369  376  244  239  243  255  249  239  162  157  
253  251  250  256  249  253    0   12    9   15   11   13  200  189  193  199  192  198  134  135  135  134  120  130  127  119  126  131  117  121  135  142  126  131  131  142  153  144  139  136  135  144   10   22   11    9    4   14  145  155  
253  251  250  256  250  253   12    0   19   19   12   19  204  194  198  204  196  203  124  124  125  123  110  119  137  130  137  142  128  132  124  130  114  119  119  131  161  153  147  144  142  152   13   31   19   21   13   21  152  162  
261  258  258  264  256  261    9   19    0   10   11    5  205  194  199  204  197  203  142  143  144  142  128  137  126  119  126  131  117  121  141  147  132  137  137  149  144  135  130  127  126  135   19   25   18    7   13   22  149  159  
268  266  265  271  264  268   15   19   10    0    7    5  214  203  208  213  206  213  140  141  142  141  127  135  135  128  135  140  126  130  136  142  128  132  132  145  142  134  128  125  124  133   25   34   26   17   20   29  158  168  
263  260  260  266  259  263   11   12   11    7    0    9  210  200  204  210  202  209  134  134  135  134  120  128  136  129  135  141  127  131  131  137  122  127  127  139  149  141  135  132  131  141   19   32   22   16   15   25  156  166  
265  263  262  268  261  265   13   19    5    5    9    0  210  199  204  209  202  208  142  143  144  142  129  137  130  124  130  135  121  125  139  145  131  135  135  148  142  133  128  125  123  133   22   30   23   12   17   26  154  164  
107  100   96  104   91  105  200  204  205  214  210  210    0   11   10    8   12    1  240  242  234  232  230  243  135  125  128  128  128  128  278  284  267  273  275  273  305  292  295  291  290  295  192  180  188  198  195  185   68   60  
115  108  104  112   99  112  189  194  194  203  200  199   11    0   12   10   13   10  234  236  228  226  223  236  124  114  117  118  117  117  271  276  259  266  268  266  294  281  284  279  279  284  182  169  178  187  185  175   56   49  
102   95   91  100   87  100  193  198  199  208  204  204   10   12    0   17    2    9  231  232  225  223  221  234  135  125  128  129  127  127  269  274  258  264  266  264  303  290  292  288  288  293  185  174  182  192  189  179   67   60  
115  108  104  112   99  113  199  204  204  213  210  209    8   10   17    0   18    8  244  246  239  236  234  247  129  120  122  123  122  122  281  287  270  276  278  277  301  288  291  287  286  291  191  179  188  197  195  185   63   54  
102   95   91  100   87  100  192  196  197  206  202  202   12   13    2   18    0   11  229  230  223  221  218  231  135  124  127  128  126  127  267  272  256  262  264  262  302  289  291  287  286  292  184  172  180  190  187  177   66   59  
108  100   96  105   91  105  198  203  203  213  209  208    1   10    9    8   11    0  239  241  233  231  229  242  134  124  127  128  127  127  277  282  265  272  274  272  304  291  294  290  289  294  191  178  187  196  194  184   66   59  
233  235  237  239  239  235  134  124  142  140  134  142  240  234  231  244  229  239    0    2    8    9   14    8  238  226  235  240  225  230   49   52   41   46   48   37  279  272  264  262  261  271  128  144  135  143  133  133  220  227  
235  237  239  241  241  237  135  124  143  141  134  143  242  236  232  246  230  241    2    0    9   11   15    7  239  227  236  241  226  231   48   50   40   45   47   35  279  272  265  262  261  271  129  145  135  144  133  133  221  228  
226  228  230  232  232  228  135  125  144  142  135  144  234  228  225  239  223  233    8    9    0    2   15   15  236  224  232  238  223  227   57   60   49   54   56   44  282  275  267  265  264  274  129  144  135  144  134  133  215  223  
224  226  228  230  230  226  134  123  142  141  134  142  232  226  223  236  221  231    9   11    2    0   14   16  234  222  230  235  221  225   58   61   50   55   57   46  280  273  266  264  262  272  127  142  133  142  132  131  213  220  
229  230  232  234  233  230  120  110  128  127  120  129  230  223  221  234  218  229   14   15   15   14    0   13  224  212  220  226  211  215   52   56   42   48   50   43  266  259  252  249  248  258  114  130  121  129  119  118  207  214  
239  241  243  245  245  241  130  119  137  135  128  137  243  236  234  247  231  242    8    7   15   16   13    0  236  225  233  238  224  228   42   45   34   39   41   31  272  266  258  256  254  264  124  141  131  139  128  129  220  228  
232  226  223  231  219  230  127  137  126  135  136  130  135  124  135  129  135  134  238  239  236  234  224  236    0   14    8    8   14   10  255  261  244  250  251  258  176  163  168  163  163  166  125  106  119  119  125  118   69   76  
220  214  211  219  207  218  119  130  119  128  129  124  125  114  125  120  124  124  226  227  224  222  212  225   14    0    8   14    3    4  244  251  234  240  240  247  182  169  173  169  169  172  117   98  110  112  117  110   58   65  
225  219  215  224  212  223  126  137  126  135  135  130  128  117  128  122  127  127  235  236  232  230  220  233    8    8    0    6    9    5  252  259  241  247  248  255  182  169  173  169  169  172  124  105  117  119  124  117   62   68  
226  220  217  225  213  225  131  142  131  140  141  135  128  118  129  123  128  128  240  241  238  235  226  238    8   14    6    0   15   11  258  264  247  253  254  260  183  170  175  171  171  174  130  111  123  124  129  122   63   69  
222  216  213  221  209  220  117  128  117  126  127  121  128  117  127  122  126  127  225  226  223  221  211  224   14    3    9   15    0    4  243  249  232  238  239  246  179  166  170  166  166  170  115   96  109  110  115  108   60   68  
223  217  214  222  210  221  121  132  121  130  131  125  128  117  127  122  127  127  230  231  227  225  215  228   10    4    5   11    4    0  247  253  236  242  243  250  180  167  172  167  167  171  119  100  113  114  119  112   61   68  
281  282  284  286  286  282  135  124  141  136  131  139  278  271  269  281  267  277   49   48   57   58   52   42  255  244  252  258  243  247    0    6   12    5    4   16  262  257  248  247  245  255  133  151  140  144  136  139  248  257  
284  286  288  290  290  286  142  130  147  142  137  145  284  276  274  287  272  282   52   50   60   61   56   45  261  251  259  264  249  253    6    0   17   11   10   16  267  263  253  252  250  260  139  158  146  151  142  145  254  263  
271  272  273  276  275  272  126  114  132  128  122  131  267  259  258  270  256  265   41   40   49   50   42   34  244  234  241  247  232  236   12   17    0    7    9   18  257  252  243  241  239  250  123  142  130  135  126  129  237  245  
277  278  280  282  281  278  131  119  137  132  127  135  273  266  264  276  262  272   46   45   54   55   48   39  250  240  247  253  238  242    5   11    7    0    3   16  259  254  246  244  242  252  128  147  135  140  131  134  243  252  
279  280  282  285  284  281  131  119  137  132  127  135  275  268  266  278  264  274   48   47   56   57   50   41  251  240  248  254  239  243    4   10    9    3    0   19  258  253  244  243  241  251  129  147  136  140  131  135  245  253  
270  272  274  276  276  272  142  131  149  145  139  148  273  266  264  277  262  272   37   35   44   46   43   31  258  247  255  260  246  250   16   16   18   16   19    0  275  269  261  259  257  268  139  157  146  152  142  145  247  255  
387  382  380  388  378  386  153  161  144  142  149  142  305  294  303  301  302  304  279  279  282  280  266  272  176  182  182  183  179  180  262  267  257  259  258  275    0   13   14   17   18   10  162  157  159  147  157  163  238  246  
375  370  368  376  366  374  144  153  135  134  141  133  292  281  290  288  289  291  272  272  275  273  259  266  163  169  169  170  166  167  257  263  252  254  253  269   13    0   12   12   13    5  153  147  149  137  148  153  225  234  
375  371  369  376  366  374  139  147  130  128  135  128  295  284  292  291  291  294  264  265  267  266  252  258  168  173  173  175  170  172  248  253  243  246  244  261   14   12    0    4    5    8  149  143  145  133  143  149  228  237  
371  367  365  372  362  370  136  144  127  125  132  125  291  279  288  287  287  290  262  262  265  264  249  256  163  169  169  171  166  167  247  252  241  244  243  259   17   12    4    0    2    9  145  140  142  130  140  145  224  233  
370  366  364  371  361  369  135  142  126  124  131  123  290  279  288  286  286  289  261  261  264  262  248  254  163  169  169  171  166  167  245  250  239  242  241  257   18   13    5    2    0   10  144  139  141  128  138  144  223  232  
376  372  370  378  368  376  144  152  135  133  141  133  295  284  293  291  292  294  271  271  274  272  258  264  166  172  172  174  170  171  255  260  250  252  251  268   10    5    8    9   10    0  153  147  150  137  147  153  228  236  
244  241  240  247  239  244   10   13   19   25   19   22  192  182  185  191  184  191  128  129  129  127  114  124  125  117  124  130  115  119  133  139  123  128  129  139  162  153  149  145  144  153    0   19    7   16    6    7  139  149  
239  236  235  241  233  239   22   31   25   34   32   30  180  169  174  179  172  178  144  145  144  142  130  141  106   98  105  111   96  100  151  158  142  147  147  157  157  147  143  140  139  147   19    0   12   18   19   12  124  134  
243  240  239  246  238  243   11   19   18   26   22   23  188  178  182  188  180  187  135  135  135  133  121  131  119  110  117  123  109  113  140  146  130  135  136  146  159  149  145  142  141  150    7   12    0   13    7    4  134  144  
255  252  251  258  250  255    9   21    7   17   16   12  198  187  192  197  190  196  143  144  144  142  129  139  119  112  119  124  110  114  144  151  135  140  140  152  147  137  133  130  128  137   16   18   13    0   11   16  141  151  
249  246  245  252  244  249    4   13   13   20   15   17  195  185  189  195  187  194  133  133  134  132  119  128  125  117  124  129  115  119  136  142  126  131  131  142  157  148  143  140  138  147    6   19    7   11    0   10  142  152  
239  237  236  242  235  239   14   21   22   29   25   26  185  175  179  185  177  184  133  133  133  131  118  129  118  110  117  122  108  112  139  145  129  134  135  145  163  153  149  145  144  153    7   12    4   16   10    0  132  142  
164  158  154  162  150  162  145  152  149  158  156  154   68   56   67   63   66   66  220  221  215  213  207  220   69   58   62   63   60   61  248  254  237  243  245  247  238  225  228  224  223  228  139  124  134  141  142  132    0   10  
159  153  149  158  145  157  155  162  159  168  166  164   60   49   60   54   59   59  227  228  223  220  214  228   76   65   68   69   68   68  257  263  245  252  253  255  246  234  237  233  232  236  149  134  144  151  152  142   10    0  

  0    4    0    0   84   32   22    0    0   53   10    0   49    0    0   51    0   13   41    0    0    0    0    0    4    0    0    0    0    0    0   24   22   92    0   12    0    0   72    0    0   37   41   68    0    0   29    0    0    0  
 38    0    0    0   55    2   72    0    0   49    0   18   65    0    0   80    0    0    0    0    0    0    0    0    0    0    0    0    0    0    0   54   33   36    0    0    0    0    0    0    0   58    0   86    0    0    0    0    0    0  
  0    0    0    0    0    0    0   11   79    0   60    0    0    6    0    0   64    0    0   66   73   66    5   88    0   22   43    0   27   71    0    0    0    0    0    0    0   12    0    1   26    0   78    0   80    0   92   77   66   44  
  0    0    0    0    0    0    0    0    0    0    0   97    0   44   88    0    0    0    0    0    0    0    0    0    0    0   66   33    0    0    0    0    0    0   30    0   75    0    0    0    7    0    0    0    0   30    0    0    0    0  
 16   12    0    0    0   25   75    0    0   76    0    0   19    0    0   85    0    0    0    0    0    0    0    0    0    0    0    0    0    0    0   63   78   32    0    0    0    0    0    0    0   13    0   45    0    0    0    0    0    0  
 21   91    0    0   81    0   61    0    0   26    0    0   63    0    0   36    0    0    0    0    0    0    0    0    0    0    0    0    0    0    0   51   52    0    0    0    0    0    0    0    0   70    0   46    0    0    0    0    0    0  
 25   48    0    0   69   87    0    0    0   47   22   44   23    0   41   78   90   59   25    0    0    0    0    0   64    0    0    0    0    0    0   80   45   49    0    0   89    0    0   29    0   93   19   26    0   58    3   28    0   42  
  0    0   80    0    0    0    0    0   11    0    0    0    0   31    0    0    0    0    0   75   20    1   46    0    0    1    3    0   43    2    0    0    0    0   24    0    0    2    0   81   42    0    0    0    0    0    0   17    0    3  
  0    0    1    0    0    0    0   91    0    0   85    0    0    0    0    0    7    0    0   58   53    1   76    7    0   49   30    0   38   18   82    0    0    0    0    0    0   93    0   34    5    0   67    0   55    0   72   19    7    7  
 33   19    0    0   48   75   68    0    0    0    0    0   10    0    0   50    0    0    0    0    0    0    0    0    0    0    0    0    0    0    0   75   58    0    0    0    0    0    0    0    0    8    0   26    0    0    0    0    0    0  
 26    0   66    0    0    0   25    0   11    0    0   31    2    0    0   85   71   88   69   50   27    0    0    1   90    0   21    0   60   82   15   45   82   76    0   13    0   47   39   18   37   13   42    0   26    4   69    8   51   43  
  0   91    0   77    0    0   22    0    0    0   88    0   26   59   36   73   13    0    0    0   87    0    0    0    0    0   78   30    0   94    0    1   68   38   53    0   43    0    0    6   42   44    0    4    0   21   55    6    0   44  
 41   33    0    0   42   95   58    0    0   22   98   73    0    0    0   21   97   74   42    0    0    0    0   17   43    0    0    0    0    0    6   35   38   73    0    5    0    0   20    0    0   74   14   21    8    0   49   57   16    0  
  0    0   73   24    0    0    0   26    0    0    0   78    0    0   75    0    0    0    0   26   14    0   73    0    0   25   84    1    0    7    0    0    0    0   25    0   47    0    0   68   63    0    0    0    0   54    0    0    0   64  
  0    0    0   75    0    0   38    0    0    0    0   72    0   69    0   50    0    0    0    0    0    0    0    0    0    0    5   81    0    0    0   80    0    0   67    0   77    0    0    0   73    0    0   78    0   66    0    0    0    0  
 86   55    0    0    5   58   78    0    0   48   42   36   99    0   83    0    0    0    0    0    0    0    0    0    6    0    0    0    0    0    0   79   71   18    0    0   22    0    0   15    0   28    0   11    0    7   89    1    0    0  
  0    0   33    0    0    0    1    0   22    0   93   56   82    0    0    0    0   94   50   63   98    0    0   75   19   36    9    0   71   69   22    0   57   50    0    4    0   35   92   36    8   20   57    0    7   33   53   87   72   76  
 64    0    0    0    0    0   59    0    0    0   73    0   36    0    0    0   59    0   95    0    0    0    0   76   28    0    0    0    0    0   38    0   80   81    0   85    0    0   54    0    0   61    1    0   38    0   81   57   30   48  
 23    0    0    0    0    0   49    0    0    0   56    0   21    0    0    0   68   14    0    0    0    0    0   46   71    0    0    0    0    0   19    0    7   27    0   38    0    0   81    0    0    1   41    0   81    0   25   98   71    0  
  0    0   18    0    0    0    0   70   50    0   88    0    0   93    0    0   30    0    0    0   27   70   89    0    0   82   99    2   62   29    0    0    0    0    1    0    0   59    0   53   89    0    0    0   27    0    0   32    0   76  
  0    0   63    0    0    0    0   23    5    0    4   98    0   91    0    0   43    0    0   45    0    1    7   81    0   52   37   10    1   71    0    0    0    0   20    0    0   17    0   88   38    0    0    0    7   29   27   62    0   80  
  0    0   58    0    0    0    0   33   85    0    0    0    0    0    0    0    0    0    0   72    1    0    5    0    0   30   75    0   13   70    0    0    0    0    0    0    0   62    0   55   85    0    0    0    0    0    0   77    0   98  
  0    0   69    0    0    0    0   78    6    0    0    0    0   34    0    0    0    0    0   78   27   65    0    0    0   53   12   15   26   31    0    0    0    0   21    0    0   28    0   40   22    0    0    0    0   83    0   83    0   35  
  0    0   21    0    0    0    0    0   47    0   82    0   77    0    0    0   47   50   64    0   68    0    0    0   39    0    0    0   82   27   67    0   75    3    0   17    0   90   76   51    0    6   44    0   74    0   72   26   80   55  
 88    0    0    0    0    0   30    0    0    0   73    0   37    0    0   62   81   98   39    0    0    0    0   47    0    0    0    0    0   61   20   26   83   77    0   29    0    0   51   64    0    3   39    0   41    0    9   93   72   61  
  0    0   68    0    0    0    0   40   20    0    0    0    0   11    0    0   93    0    0   14   65   42   92    0    0    0    1    0   84   43    0    0    0    0    0    0    0   10    0   50   14    0    0    0    0    0    0   49    0   83  
  0    0   20   21    0    0    0   84   69    0   93   63    0   40   79    0   74    0    0   33   28   54   41    0    0   37    0   59    0   57    0    0    0    0   70    0   66    0    0   21    1    0    0    0    0   68    0   16    0   37  
  0    0    0   42    0    0    0    0    0    0    0   20    0   50   67    0    0    0    0    8   92    0   85    0    0    0   17    0    0   78    0    0    0    0    7    0   90    0    0   47   73    0    0    0    0   17    0   52    0   49  
  0    0    2    0    0    0    0   83   34    0   72    0    0    0    0    0   73    0    0   13   60    5   51   26    0   89    0    0    0   15    0    0    0    0    0    0    0   56    0   17   26    0   25    0   14    0    0   82   39   31  
  0    0   84    0    0    0    0   91   38    0   97   89    0   43    0    0   95    0    0   67   36   78   52   86   37   91   77   47   58    0    0    0    0    0    0    0    0   90    0   78   84   48   12    0    7   93   70   51   73   75  
  0    0    0    0    0    0    0    0   91    0   61    0    4    0    0    0   61   42   37    0    0    0    0   10   35    0    0    0    0    0    0    0    7   96    0   19    0    0   90    0    0   74   72    0   56    0   77   39   23   57  
  4   77    0    0   42   48   74    0    0   86   51   55    3    0   35   88    0    0    0    0    0    0    0    0   70    0    0    0    0    0    0    0   40   53    0    0   84    0    0    1    0   48    0   37    0   33   31   92    0   25  
 71   79    0    0   86   32    6    0    0   86    4   73   68    0    0    1   13   42   50    0    0    0    0   90   44    0    0    0    0    0   31   14    0   54    0   93    0    0   47   56    0   33   30   36   68   68   85   52   72   78  
 16   18    0    0   32    0   57    0    0    0   70   14   80    0    0    2   52   58   52    0    0    0    0   60    6    0    0    0    0    0   40   67   52    0    0   27    0    0    8   85    0   12   43   24   49    0   30   29   76   85  
  0    0    0   19    0    0    0   72    0    0    0   69    0   89   72    0    0    0    0   97   64    0   35    0    0    0   97   33    0    0    0    0    0    0    0    0   66    0    0    0   92    0    0    0    0   14    0    0    0    0  
 76    0    0    0    0    0    0    0    0    0   98    0   96    0    0    0   15   56   51    0    0    0    0   34   48    0    0    0    0    0   16    0   89   45    0    0    0    0   94    0    0   60   43    0   78    0   54   76   45   10  
  0    0    0   59    0    0   13    0    0    0    0   60    0   24   67   48    0    0    0    0    0    0    0    0    0    0    5   46    0    0    0   62    0    0   50    0    0    0    0    0   66    0    0   26    0   11    0    0    0    0  
  0    0   16    0    0    0    0   65   35    0   43    0    0    0    0    0   94    0    0   94   57   86   26   60    0   22    0    0   51   10    0    0    0    0    0    0    0    0    0   23    0    0   81    0   94    0   16   68   20   13  
  1    0    0    0    0    0    0    0    0    0   35    0   45    0    0    0   97   85   88    0    0    0    0   97   53    0    0    0    0    0   53    0   97   46    0   32    0    0    0    0    0    0   22    0    1    0   50    0   92    0  
  0    0   27    0    0    0   24   95   40    0   47   25    0   76    0   34   18    0    0    6    2   65   12   41   94   60   12   49   78   34    0   16   43   66    0    0    0   29    0    0   83   59   18    0   15   21   48   55   64   45  
  0    0   86   36    0    0    0    6   98    0    5   29    0   57   19    0    1    0    0   90   60   78   47    0    0   94   97   25   43   80    0    0    0    0   62    0   68    0    0   70    0    0    0    0    0   79    0    6    0   94  
 31   94    0    0   46   15   26    0    0   62   98   44   69    0    0   51    4   12   65    0    0    0    0   24    4    0    0    0    0   97   42   60   83   87    0   15    0    0    0    5    0    0   10   42   15   22   33    8   31   72  
 76    0   85    0    0    0   95    0   97    0   88    0    4    0    0    0   90   63   90    0    0    0    0   76   47    0    0    0   73   10   99    0   20   49    0   35    0   99   32   11    0   62    0    0    9    0   55   62   22   76  
  3   59    0    0   63   18   41    0    0   79    0   72   18    0    8   23    0    0    0    0    0    0    0    0    0    0    0    0    0    0    0   84   86   79    0    0   48    0    0    0    0    5    0    0    0   55    0    0    0    0  
  0    0   52    0    0    0    0    0   37    0   26    0   78    0    0    0   98   73   60   23   34    0    0   84   23    0    0    0   54   18   84    0   21   98    0   20    0   28   77    8    0   99   93    0    0    0   68   81   43    8  
  0    0    0   91    0    0   48    0    0    0   89   38    0   90   49   65   66    0    0    0   79    0   97    0    0    0   32   86    0   17    0   36   42    0   11    0   20    0    0    9   94   66    0    4    0    0   61   88    0   67  
 64    0    9    0    0    0   81    0   88    0   93   13   20    0    0   42   76    3   95    0    7    0    0   82   12    0    0    0    0   42   79   88   95    1    0   21    0   63   14   38    0   21   77    0   64   65    0   26   54   75  
  0    0   69    0    0    0   99   16   74    0   13   78   92    0    0   22   61   36   26   69   83   17   89   20   82   42   47    1   79   73   17   66   86   15    0   14    0   79    0   21   76   39   20    0   15   93   99    0   25   62  
  0    0   48    0    0    0    0    0   33    0   42    0   32    0    0    0   68    4   33    0    0    0    0   90   36    0    0    0   63    4   58    0   42   28    0   36    0   49   55   15    0    8   88    0   71    0   41   82    0   55  
  0    0   64    0    0    0   24   97   13    0   20   73    0   77    0    0   88   40    0   47   28   39   57   30   18   43   80   30   81   84    8   41   73   24    0    7    0    4    0   42   37   37   42    0   87   40   83   98   90    0  
