140

  0   24   12   25   20   21   20    7   26   12   28   16   12   14   22   19    8   13   28   21   18  157  171  176  155  157  150  156  156  162  150  160  154   36   43   27   46   38  248  260  239  232  256  244  253  245  245  253  252  250  248   71   65   57   75   78   61   69   84   69   79   61   74   64   81   77   74   60   70   61   63   61   80   79   73   68   81   71   68   85   67   71   79   66   71   80   79   74    6    4   14    6    3    8    8   11   15   18   14   25    9    4   15    6   11   10   15    8   10   18    9   15   15    6   19   17   19   11    7   12   15   15   14   12   18   67   83   86   72   88   66   93   71   75   78   85   71   78   81   65  
 24    0   13   11   16    8   14   21   18   15   15    9   16   27    4   30   24   12   11   24   15  134  147  153  169  172  164  171  170  175  165  176  168   47   55   35   56   41  231  243  221  215  239  226  236  228  228  235  235  233  231   92   87   80   96  101   83   91  106   90  102   83   96   86  104  100   96   83   92   82   85   84  103  102   95   89  103   94   90  107   88   92  102   88   94  103  102   97   30   20   37   28   25   32   32   34   39   39   24   43   19   24   35   23   34   33   37   17   18   22   28   23   20   29   41   40   37   24   30   31   36   38   37   26   26   85  101  105   92  108   84  112   89   91   98  105   88   98  102   84  
 12   13    0   13   10    9    9    8   16   11   16    9   12   14   14   18   16   10   16   15    8  146  159  165  165  168  160  166  166  171  161  170  164   36   44   25   46   33  237  249  228  221  245  232  242  234  234  242  241  239  237   83   77   69   87   90   73   81   96   81   90   73   86   76   93   89   86   72   82   73   75   73   92   91   85   79   93   83   80   97   79   83   90   78   83   92   91   86   18    8   24   18   14   21   20   23   26   30   19   36   13   12   26   10   22   20   27   10   12   20   19   19   18   17   31   29   29   17   19   22   27   25   25   20   23   78   94   97   84  100   77  104   82   85   89   97   81   90   93   77  
 25   11   13    0    8    4    6   19    8   21    4   16   23   22   15   23   28   19    4   16    8  136  148  153  177  179  172  178  177  183  172  182  176   39   47   26   47   31  224  236  215  209  232  220  230  222  222  229  229  227  225   96   89   81   99  102   85   94  108   94  103   86   99   89  105  101   99   84   94   85   87   85  105  103   98   92  106   95   93  109   91   96  102   91   96  104  104   99   30   20   36   30   27   33   32   35   38   42   31   48   24   24   39   21   35   32   39   21   24   30   31   30   28   30   43   42   42   29   31   35   39   36   37   32   34   91  106  110   97  112   89  117   95   97  102  109   94  102  106   89  
 20   16   10    8    0    8    2   13    6   21    9   18   22   14   19   15   26   19   12    7    2  144  156  161  175  177  170  176  175  181  170  180  174   31   39   18   40   24  228  240  219  212  236  224  233  225  225  233  232  230  228   91   84   75   94   96   79   89  102   89   96   80   93   83   99   94   93   78   89   80   82   79   99   97   92   87  100   89   87  104   86   91   96   85   90   98   98   93   24   16   29   26   23   28   26   30   32   38   30   45   23   18   35   15   29   25   35   20   22   30   28   29   28   24   38   37   39   27   26   31   35   29   31   30   33   87  103  106   92  108   86  113   91   95   97  105   91   98  101   86  
 21    8    9    4    8    0    6   16   10   17    8   12   18   20   12   22   24   15    7   15    7  138  151  156  172  175  168  174  173  179  168  178  171   39   47   27   48   32  229  241  219  213  237  224  234  226  226  234  233  231  229   92   86   78   95   99   81   90  104   90   99   82   95   85  102   97   95   81   90   81   84   82  101  100   94   88  102   92   89  106   87   92   99   87   92  101  100   95   26   17   33   26   23   29   29   32   35   38   26   44   20   20   35   18   31   28   35   17   19   26   27   26   24   26   39   38   38   25   27   30   35   33   34   27   29   86  102  106   93  108   85  113   90   93   98  105   89   98  102   85  
 20   14    9    6    2    6    0   14    7   19    8   16   21   15   17   17   25   17   10   10    2  142  155  160  174  176  169  175  175  180  169  179  173   33   42   21   42   27  228  240  219  213  236  224  233  225  226  233  232  231  228   91   84   76   94   97   80   89  102   89   97   81   93   84  100   95   94   78   89   80   82   79   99   97   93   87  100   90   88  104   86   91   97   86   90   99   98   94   24   16   30   26   23   28   27   30   33   38   28   45   22   18   35   16   29   26   35   18   21   29   28   28   26   25   38   37   38   26   26   31   35   30   31   29   32   87  103  106   92  108   85  113   91   94   97  105   90   98  101   85  
  7   21    8   19   13   16   14    0   20   14   21   15   15    9   21   14   14   14   23   14   12  154  167  172  162  164  157  163  163  169  158  167  161   31   39   21   41   31  241  253  232  226  249  237  246  238  239  247  245  244  241   77   71   62   81   83   66   75   89   76   84   67   80   70   86   82   80   65   76   67   68   66   86   84   79   74   87   77   74   90   73   77   83   72   77   85   85   80   11    4   17   13   10   15   13   17   19   25   19   32   13    5   22    2   16   13   21   11   13   22   16   20   19   11   25   24   26   16   12   19   22   18   18   18   23   74   90   93   79   95   73  100   78   82   84   92   78   85   88   72  
 26   18   16    8    6   10    7   20    0   26    5   22   28   19   22   19   32   24    9   11    8  139  151  156  181  183  176  182  181  187  176  186  180   32   41   20   41   23  221  234  213  206  230  217  227  218  219  227  226  224  221   97   90   81  101  102   85   95  108   96  102   87   99   90  106  100  100   84   95   86   88   85  105  103   99   94  106   96   94  110   93   97  102   92   96  104  104  100   30   22   35   32   29   34   33   36   38   45   35   51   29   24   42   22   35   31   41   25   28   35   34   35   33   31   45   43   45   33   32   38   41   35   37   36   39   93  109  113   99  115   92  119   98  101  104  112   97  104  107   92  
 12   15   11   21   21   17   19   14   26    0   25    6    1   23   12   28    9    3   24   25   19  147  161  167  155  158  151  157  156  162  151  161  154   45   53   35   55   44  245  257  236  229  253  241  251  243  242  250  250  248  246   77   72   66   81   87   69   76   92   75   88   68   82   71   89   86   81   68   77   67   71   69   88   88   80   74   89   79   75   92   73   77   88   73   79   89   87   82   18   11   26   15   12   18   20   21   26   24    9   28    4   15   20   15   21   22   22    4    3    9   13    9    7   17   27   25   22    9   17   16   22   27   25   11   12   70   86   90   77   93   69   97   74   76   83   90   73   83   87   69  
 28   15   16    4    9    8    8   21    5   25    0   20   27   23   19   23   32   23    5   15   10  135  147  152  181  183  176  182  181  187  176  186  179   37   46   25   45   28  221  233  212  205  229  216  226  218  218  226  225  223  221   99   92   84  102  105   88   97  110   97  105   89  101   92  108  103  102   86   97   88   90   87  107  105  100   95  108   98   95  112   94   99  104   94   98  107  106  102   32   23   38   33   30   36   35   38   41   46   35   52   28   26   42   24   37   34   42   25   27   34   35   34   32   32   46   45   45   33   34   38   43   38   39   35   38   94  110  113  100  116   93  120   98  101  105  113   97  106  109   93  
 16    9    9   16   18   12   16   15   22    6   20    0    7   23    7   27   15    3   18   23   16  142  155  161  161  164  156  163  162  167  157  167  160   45   53   34   55   42  239  252  230  224  247  235  245  237  237  244  244  242  240   83   78   71   87   93   74   82   98   81   93   74   87   77   95   91   87   74   83   73   76   75   94   94   85   80   94   85   81   98   79   83   93   79   85   94   93   88   22   13   30   20   16   23   24   26   31   30   15   34   10   17   26   17   26   25   28    8    9   14   19   15   12   21   32   31   28   15   22   21   28   31   29   17   18   76   92   96   83   99   75  103   80   82   89   96   79   89   93   75  
 12   16   12   23   22   18   21   15   28    1   27    7    0   24   13   28    8    4   25   26   20  148  162  168  154  157  149  156  155  160  150  160  153   46   54   35   56   45  247  259  237  231  254  242  252  244  244  251  251  249  247   76   71   65   80   86   68   75   91   74   87   67   81   70   88   85   80   68   76   66   70   69   87   87   78   73   88   78   74   91   72   76   87   72   78   88   86   81   18   11   26   14   11   18   19   20   26   23    8   27    4   15   19   16   21   22   21    4    3    8   12    8    5   17   26   25   21    8   17   15   21   27   24   10   11   69   85   89   76   91   68   96   73   75   82   88   72   82   86   67  
 14   27   14   22   14   20   15    9   19   23   23   23   24    0   28    5   22   23   26    9   13  158  170  175  168  169  163  168  168  175  163  172  166   22   30   13   32   24  238  250  230  223  247  234  243  234  236  244  242  240  238   80   72   63   83   83   67   77   89   78   83   69   81   72   87   82   82   65   77   69   70   66   87   84   81   76   88   77   76   91   75   80   83   74   77   85   85   82   14   13   16   18   18   19   16   20   20   30   28   38   22   10   28    8   19   13   26   19   22   31   23   28   28   15   28   27   32   25   17   26   27   17   19   26   32   78   94   97   83   98   77  104   83   87   87   95   82   88   90   77  
 22    4   14   15   19   12   17   21   22   12   19    7   13   28    0   32   21   10   15   26   18  135  149  154  165  168  160  167  166  171  161  172  164   49   57   37   58   44  235  247  225  219  242  230  240  232  232  239  239  237  235   89   85   78   94   99   81   89  104   88  100   81   94   84  102   98   93   81   89   80   83   82  100  101   92   86  101   91   88  105   85   89  100   85   91  101  100   94   29   19   36   27   23   30   31   33   37   37   21   40   17   24   33   23   33   32   34   15   16   18   25   20   17   28   39   38   35   21   29   28   34   37   36   23   23   82   97  101   89  104   81  108   86   87   95  102   84   95   99   80  
 19   30   18   23   15   22   17   14   19   28   23   27   28    5   32    0   27   27   27    9   15  159  171  175  172  173  167  172  173  179  167  175  170   18   26    8   27   19  235  247  227  220  244  231  240  231  233  241  239  238  235   83   74   64   86   85   69   79   91   81   84   72   83   74   89   83   84   67   80   72   72   68   89   85   84   79   90   79   78   94   78   83   84   77   79   87   87   84   19   18   19   23   22   24   21   24   24   34   33   42   27   15   32   13   23   17   30   24   27   36   28   33   33   20   32   31   36   30   21   30   31   19   23   31   37   82   98  100   86  102   81  107   87   92   90   99   86   91   93   81  
  8   24   16   28   26   24   25   14   32    9   32   15    8   22   21   27    0   11   31   28   24  156  170  176  149  152  144  151  150  156  145  155  148   44   51   35   54   45  252  265  243  237  260  248  258  249  250  257  257  255  253   68   63   57   73   78   60   68   83   67   79   60   73   63   80   77   72   60   68   59   62   61   79   79   71   65   80   70   66   83   64   68   79   64   70   80   79   73   12   10   20    7    5   11   13   13   19   15    6   20    4   12   12   14   14   16   13    7    5   11    4    7    9   11   18   17   14    3   10    7   13   21   17    4   10   62   78   82   69   85   61   89   67   70   75   82   66   75   78   61  
 13   12   10   19   19   15   17   14   24    3   23    3    4   23   10   27   11    0   21   24   17  145  159  164  158  161  153  160  159  164  154  164  157   45   53   34   55   43  243  255  233  227  250  238  248  240  240  247  247  245  243   80   75   68   84   89   71   79   94   78   90   71   84   74   92   88   83   71   79   70   73   72   90   91   82   76   91   81   78   95   75   80   90   76   81   91   90   84   20   11   27   17   14   20   21   23   28   27   12   31    7   16   23   15   23   23   24    5    6   11   15   11    9   19   29   28   25   12   19   18   24   28   27   14   15   73   89   92   80   95   72   99   77   79   86   92   76   85   89   71  
 28   11   16    4   12    7   10   23    9   24    5   18   25   26   15   27   31   21    0   19   12  132  145  150  179  182  174  181  180  185  175  185  178   42   50   29   50   32  221  234  212  206  229  217  227  219  219  226  226  224  222   99   93   85  103  106   89   98  112   97  106   89  102   92  109  105  102   88   98   89   91   89  108  107  101   96  109   99   96  113   95   99  106   94   99  108  107  103   34   24   39   34   31   37   36   39   42   46   33   51   27   27   42   25   38   35   43   24   26   32   35   33   30   33   47   45   45   32   35   38   43   40   41   35   36   94  109  113  100  116   93  120   98  100  105  113   97  106  109   92  
 21   24   15   16    7   15   10   14   11   25   15   23   26    9   26    9   28   24   19    0    8  150  162  167  176  178  171  177  176  182  171  180  174   23   32   11   32   19  229  241  221  214  237  225  234  225  227  235  233  231  229   89   81   72   92   92   76   86   99   88   92   78   90   81   96   91   91   75   86   78   79   76   96   93   90   85   97   87   85  101   84   89   92   83   87   94   94   91   23   17   26   26   24   27   25   29   30   38   33   46   26   17   36   15   28   22   34   23   26   34   29   33   32   23   37   36   39   30   25   32   35   26   29   32   37   87  103  106   92  107   85  112   91   95   96  104   91   97   99   85  
 18   15    8    8    2    7    2   12    8   19   10   16   20   13   18   15   24   17   12    8    0  144  157  162  173  175  168  174  174  179  168  178  172   32   40   20   41   26  229  242  221  214  238  225  235  226  227  235  234  232  229   89   83   74   93   95   78   87  101   88   95   79   92   82   98   93   92   77   87   79   80   78   98   96   91   86   99   88   86  102   85   89   95   84   88   97   96   92   23   14   28   24   21   26   25   28   31   37   28   43   21   16   34   14   28   24   33   18   20   28   26   27   26   23   37   35   37   25   24   30   33   28   30   28   31   85  101  105   91  107   84  111   90   93   96  104   89   97   99   84  
157  134  146  136  144  138  142  154  139  147  135  142  148  158  135  159  156  145  132  150  144    0   16   25  271  279  268  277  272  275  270  285  272  170  177  159  175  156  173  182  159  157  174  165  180  176  167  168  180  175  177  221  218  213  226  234  215  222  238  219  235  214  228  217  236  233  226  216  222  212  217  217  234  235  224  218  234  225  221  238  217  221  235  218  225  236  234  227  164  154  171  162  159  165  166  168  172  171  154  173  152  158  167  156  168  166  169  150  151  149  160  153  150  163  174  173  168  156  164  162  169  171  171  157  154  209  222  227  218  232  208  234  211  209  225  229  209  224  229  207  
171  147  159  148  156  151  155  167  151  161  147  155  162  170  149  171  170  159  145  162  157   16    0    9  287  295  284  293  288  291  286  301  288  181  188  170  186  167  162  171  148  147  162  154  169  166  156  156  169  163  167  235  232  227  240  248  229  236  252  233  249  228  242  231  250  246  240  229  236  227  231  230  248  249  239  232  249  239  235  252  232  235  249  232  239  249  248  242  177  167  183  175  172  179  179  181  185  185  168  187  165  171  181  169  181  179  183  164  164  163  174  167  163  176  188  186  182  169  177  176  183  184  184  171  168  224  237  243  232  247  223  249  226  224  240  244  224  238  244  222  
176  153  165  153  161  156  160  172  156  167  152  161  168  175  154  175  176  164  150  167  162   25    9    0  295  303  293  301  296  300  295  309  297  185  192  175  189  170  154  163  140  139  153  146  161  158  147  148  161  155  158  242  239  233  247  254  235  243  258  240  255  234  248  238  256  252  247  235  243  233  237  236  254  255  245  239  255  246  241  258  238  242  254  239  246  255  254  248  182  172  189  181  178  184  184  187  191  191  174  193  171  176  187  174  187  185  189  170  170  170  180  173  170  182  193  192  188  175  183  182  189  189  190  177  174  231  245  250  239  254  230  256  233  232  246  251  231  245  250  229  
155  169  165  177  175  172  174  162  181  155  181  161  154  168  165  172  149  158  179  176  173  271  287  295    0   13    6   10    2    7    9   22    6  183  185  179  190  191  399  411  389  383  407  394  405  397  396  403  404  402  400   98  110  122   99  116  116  106  109   99  119  110  108  109  109  117  102  121  105  108  113  120  105  118  101  101  103  111  107  102  102   98  121  106  111  113  110  105  154  159  154  150  152  149  152  148  149  138  146  130  152  159  140  161  149  155  142  156  153  147  147  146  149  153  140  141  137  148  151  144  141  154  150  145  143   91   77   77   90   78   93   72   86   81   90   80   86   87   89   92  
157  172  168  179  177  175  176  164  183  158  183  164  157  169  168  173  152  161  182  178  175  279  295  303   13    0   11    2   11   16    8    9    8  183  185  180  190  192  403  415  394  387  411  398  409  401  400  407  408  406  404   96  108  120   96  112  113  103  105   97  115  108  104  107  105  112   99  118  103  106  111  118  101  114   98   99   99  108  104   97  101   96  116  103  108  109  106  101  155  161  155  152  154  150  153  149  150  139  149  132  155  160  142  163  151  156  143  158  156  151  149  149  152  154  141  142  139  150  153  146  143  155  151  148  146   92   76   75   89   76   93   69   87   82   88   78   87   85   87   93  
150  164  160  172  170  168  169  157  176  151  176  156  149  163  160  167  144  153  174  171  168  268  284  293    6   11    0    9    6   13    4   20    4  177  180  174  184  186  395  407  385  379  402  390  401  393  392  399  400  397  396   92  104  116   93  110  110  100  103   93  113  104  102  103  103  110   96  115   99  102  107  114   99  112   95   95   97  105  101   96   96   92  114  100  105  107  104   98  149  154  149  145  147  144  146  143  144  133  141  125  148  154  135  156  144  150  137  151  148  143  142  142  144  148  135  136  132  143  146  139  136  149  144  140  138   86   71   71   85   72   87   66   81   75   84   74   81   81   83   87  
156  171  166  178  176  174  175  163  182  157  182  163  156  168  167  172  151  160  181  177  174  277  293  301   10    2    9    0    9   15    6   12    5  182  184  180  189  191  402  414  392  386  409  397  407  399  399  406  406  404  402   96  107  120   96  112  113  103  105   96  115  107  104  107  105  112   99  118  103  106  110  117  101  114   98   99   99  108  104   98  100   96  116  103  108  109  106  101  154  160  154  151  153  149  152  148  149  138  148  131  154  159  141  162  150  155  142  157  155  149  148  148  151  153  140  141  138  149  152  145  142  154  150  147  145   91   76   74   89   75   92   69   86   81   88   78   86   85   86   92  
156  170  166  177  175  173  175  163  181  156  181  162  155  168  166  173  150  159  180  176  174  272  288  296    2   11    6    9    0    7    8   20    5  183  186  180  190  192  400  412  390  384  407  395  406  398  397  404  405  403  401   98  110  122   99  116  116  106  109   99  119  110  108  109  109  116  102  121  105  108  113  120  105  118  101  101  103  111  107  102  102   98  120  106  111  113  110  104  154  160  154  151  153  149  152  148  150  138  147  131  153  159  141  162  150  156  142  156  154  148  147  147  150  153  140  141  137  148  152  144  142  155  150  146  144   92   77   77   91   78   93   72   87   81   90   80   87   87   89   93  
162  175  171  183  181  179  180  169  187  162  187  167  160  175  171  179  156  164  185  182  179  275  291  300    7   16   13   15    7    0   16   25   12  189  192  186  197  198  405  417  395  389  412  400  411  403  402  409  410  408  406  105  117  129  106  123  123  113  116  106  126  117  115  116  116  124  109  128  113  115  120  127  112  125  108  108  110  118  114  109  110  105  128  113  118  120  117  112  160  166  161  157  159  156  158  155  156  144  152  137  159  165  147  168  156  162  149  162  159  153  153  153  155  159  147  148  143  154  158  150  148  161  156  152  149   98   84   84   97   85  100   79   93   87   98   87   93   94   96   99  
150  165  161  172  170  168  169  158  176  151  176  157  150  163  161  167  145  154  175  171  168  270  286  295    9    8    4    6    8   16    0   16    4  177  179  174  184  186  396  408  386  380  403  391  401  393  393  400  400  398  396   91  103  115   92  108  108   98  101   92  111  103  100  102  101  109   94  113   98  101  106  113   97  110   94   94   95  104   99   94   95   91  113   99  103  105  102   97  149  154  148  145  147  144  146  143  144  133  142  125  148  154  135  156  144  150  137  151  149  143  142  142  145  148  135  136  132  143  146  139  136  149  144  141  139   85   71   70   84   71   87   64   81   75   83   73   81   80   82   87  
160  176  170  182  180  178  179  167  186  161  186  167  160  172  172  175  155  164  185  180  178  285  301  309   22    9   20   12   20   25   16    0   17  184  186  182  190  194  407  419  397  391  414  402  412  404  404  411  411  409  407   96  107  120   96  110  113  103  103   97  113  108  103  107  103  111   98  118  102  107  110  117  100  112   98   99   97  107  104   96  101   96  114  103  107  107  104  100  157  164  156  154  157  153  155  151  152  142  152  135  158  163  145  165  153  158  146  161  159  154  152  153  155  157  143  144  141  153  155  148  145  157  152  151  149   93   78   76   90   76   95   70   89   85   88   78   89   86   86   95  
154  168  164  176  174  171  173  161  180  154  179  160  153  166  164  170  148  157  178  174  172  272  288  297    6    8    4    5    5   12    4   17    0  180  183  178  187  189  399  411  389  383  406  394  404  397  396  403  404  401  399   95  107  119   95  112  112  102  105   95  115  107  104  106  105  112   98  117  102  105  110  117  101  114   98   98   99  107  103   98   99   95  116  102  107  109  106  101  152  158  152  148  151  147  150  146  147  136  145  129  151  157  139  160  147  153  140  154  152  146  145  145  148  151  138  139  135  146  149  142  140  152  148  144  142   89   74   73   88   75   90   68   84   79   87   77   84   84   86   90  
 36   47   36   39   31   39   33   31   32   45   37   45   46   22   49   18   44   45   42   23   32  170  181  185  183  183  177  182  183  189  177  184  180    0    8   12   10   15  232  245  225  218  242  229  237  228  231  240  236  235  232   89   79   67   91   85   73   84   93   88   85   77   86   79   91   84   89   70   84   78   76   71   92   85   88   85   93   82   83   97   84   89   84   82   82   88   89   88   33   35   30   38   39   38   34   37   34   48   50   56   44   32   47   31   36   30   44   42   44   53   43   50   51   34   44   43   50   46   36   46   44   29   34   48   54   91  106  108   94  109   90  114   96  102   96  106   96   98   99   90  
 43   55   44   47   39   47   42   39   41   53   46   53   54   30   57   26   51   53   50   32   40  177  188  192  185  185  180  184  186  192  179  186  183    8    0   21    5   22  235  247  228  221  244  232  239  230  233  242  238  237  234   90   79   67   91   84   74   84   92   89   83   78   86   79   90   83   89   70   85   79   76   71   91   84   89   87   93   82   83   96   85   90   82   83   82   87   88   88   39   43   35   45   45   44   40   43   39   53   57   61   52   39   52   38   41   36   49   49   52   61   50   58   58   41   49   48   56   53   42   52   50   34   39   55   61   94  109  110   96  110   92  116   99  106   98  107   99  100  100   93  
 27   35   25   26   18   27   21   21   20   35   25   34   35   13   37    8   35   34   29   11   20  159  170  175  179  180  174  180  180  186  174  182  178   12   21    0   21   12  230  242  222  215  239  226  234  226  228  236  233  232  229   89   80   69   91   89   75   85   96   88   89   78   88   80   93   88   90   72   85   78   77   73   94   89   89   85   95   84   84   99   84   89   88   83   85   91   92   89   26   25   26   31   30   31   28   32   30   42   40   50   34   23   40   21   30   24   38   31   34   43   35   41   41   27   39   38   44   37   29   38   38   26   30   39   44   89  104  107   93  108   88  113   94   99   96  105   93   98   99   88  
 46   56   46   47   40   48   42   41   41   55   45   55   56   32   58   27   54   55   50   32   41  175  186  189  190  190  184  189  190  197  184  190  187   10    5   21    0   19  230  242  223  216  240  227  234  225  229  238  233  233  229   95   84   72   96   89   78   89   96   94   88   83   91   84   94   88   94   75   89   84   81   76   96   89   94   91   98   87   88  101   90   95   87   88   87   92   93   93   43   45   39   48   48   47   44   47   43   57   59   65   54   42   56   40   45   40   53   52   54   63   53   60   60   44   53   52   60   56   45   55   53   38   43   57   63   99  113  115  100  115   97  121  104  110  102  112  104  105  105   98  
 38   41   33   31   24   32   27   31   23   44   28   42   45   24   44   19   45   43   32   19   26  156  167  170  191  192  186  191  192  198  186  194  189   15   22   12   19    0  219  231  211  204  228  215  224  215  217  226  222  221  218  100   91   80  102   99   86   96  106   99   98   89   99   91  104   98  101   83   96   89   88   84  105   99  100   97  106   95   95  109   95  100   98   94   95  102  102  100   38   35   37   42   41   43   40   43   42   54   51   62   44   34   52   32   42   36   49   41   44   53   46   51   50   39   51   50   55   48   40   49   50   37   42   50   55  101  116  118  104  119   99  125  105  111  108  117  105  109  111   99  
248  231  237  224  228  229  228  241  221  245  221  239  247  238  235  235  252  243  221  229  229  173  162  154  399  403  395  402  400  405  396  407  399  232  235  230  230  219    0   12   14   17   13    8    7   10    7   16    7    3    6  318  310  299  321  318  304  315  325  316  317  307  318  309  323  317  319  302  315  307  307  303  323  318  319  314  325  314  313  328  313  318  316  312  314  321  321  319  251  244  254  254  251  256  254  257  258  266  255  273  249  245  263  243  256  251  262  246  248  253  256  254  251  252  266  265  266  254  253  259  263  254  257  256  257  315  331  334  320  336  314  341  319  322  325  333  318  326  328  313  
260  243  249  236  240  241  240  253  234  257  233  252  259  250  247  247  265  255  234  241  242  182  171  163  411  415  407  414  412  417  408  419  411  245  247  242  242  231   12    0   24   28   10   18    8   18   16   16   10   10   14  330  322  311  333  330  316  327  337  329  329  319  330  321  335  329  332  314  327  319  319  315  336  330  331  326  337  326  325  340  325  330  328  324  326  333  333  331  264  256  266  266  263  268  266  269  271  278  267  285  261  258  275  255  268  264  275  258  260  265  268  266  263  264  278  277  278  266  266  271  275  266  270  268  269  327  343  346  332  348  326  353  331  334  337  345  330  338  340  325  
239  221  228  215  219  219  219  232  213  236  212  230  237  230  225  227  243  233  212  221  221  159  148  140  389  394  385  392  390  395  386  397  389  225  228  222  223  211   14   24    0    8   17    6   21   21    8   14   22   15   20  310  302  291  313  311  296  307  318  308  310  299  310  301  315  309  311  294  307  299  299  295  316  311  311  306  317  306  305  321  305  310  309  304  306  313  314  311  243  235  246  245  242  247  245  249  250  257  245  264  240  237  254  234  248  243  254  237  239  243  247  245  242  243  257  256  257  244  245  250  254  246  249  247  248  306  322  325  312  327  305  332  310  312  316  324  309  317  320  304  
232  215  221  209  212  213  213  226  206  229  205  224  231  223  219  220  237  227  206  214  214  157  147  139  383  387  379  386  384  389  380  391  383  218  221  215  216  204   17   28    8    0   24   11   23   20   13   22   23   19   20  303  294  284  306  303  289  299  310  301  302  292  303  294  308  302  304  287  300  292  292  288  309  303  304  299  310  299  298  313  298  303  302  297  299  306  306  304  236  228  239  238  235  240  238  242  243  251  239  257  233  230  247  227  241  236  247  230  232  237  240  238  235  236  250  249  250  238  238  243  247  239  242  240  241  299  315  318  305  321  298  325  303  306  310  318  302  310  313  298  
256  239  245  232  236  237  236  249  230  253  229  247  254  247  242  244  260  250  229  237  238  174  162  153  407  411  402  409  407  412  403  414  406  242  244  239  240  228   13   10   17   24    0   13   14   22   11    6   16   11   18  326  318  308  329  327  313  323  334  325  326  316  327  318  332  326  328  311  324  316  316  312  333  327  327  323  334  323  322  337  322  326  326  321  323  330  330  328  260  252  263  262  259  264  262  266  267  274  262  281  257  254  271  251  265  260  271  254  256  260  264  262  259  260  274  273  274  262  262  267  271  263  266  264  265  323  339  342  329  344  322  349  327  329  333  341  326  334  337  321  
244  226  232  220  224  224  224  237  217  241  216  235  242  234  230  231  248  238  217  225  225  165  154  146  394  398  390  397  395  400  391  402  394  229  232  226  227  215    8   18    6   11   13    0   15   16    2   12   16    9   14  314  306  295  317  314  301  311  322  312  314  303  314  305  319  313  316  298  311  303  303  299  320  315  315  310  321  310  309  325  309  314  313  308  311  317  318  315  247  239  250  249  247  252  250  253  254  262  250  268  244  241  259  239  252  247  258  241  243  248  251  249  247  248  262  260  262  249  249  254  259  250  253  252  253  310  326  330  316  332  309  337  315  317  321  329  313  322  324  309  
253  236  242  230  233  234  233  246  227  251  226  245  252  243  240  240  258  248  227  234  235  180  169  161  405  409  401  407  406  411  401  412  404  237  239  234  234  224    7    8   21   23   14   15    0   10   14   19    2    6    5  323  314  304  326  322  309  319  330  321  321  312  322  314  327  321  324  306  319  312  312  307  328  322  323  319  330  319  318  333  318  323  321  317  319  325  326  324  256  249  259  259  256  261  259  262  263  271  260  278  254  250  268  248  261  256  268  251  253  258  261  259  257  257  271  270  271  259  258  264  268  259  262  261  263  320  336  339  325  341  319  346  324  327  330  338  323  331  333  318  
245  228  234  222  225  226  225  238  218  243  218  237  244  234  232  231  249  240  219  225  226  176  166  158  397  401  393  399  398  403  393  404  397  228  230  226  225  215   10   18   21   20   22   16   10    0   16   25    8   11    4  314  306  295  317  314  300  311  321  313  313  303  314  305  319  312  316  298  311  303  303  299  319  314  315  311  321  310  309  324  310  314  312  308  310  316  317  315  248  241  250  250  248  252  250  254  255  263  252  270  246  242  260  240  253  248  259  243  245  250  253  251  249  249  262  261  263  251  250  256  260  251  254  253  255  312  328  331  317  333  310  338  316  319  321  330  315  322  325  310  
245  228  234  222  225  226  226  239  219  242  218  237  244  236  232  233  250  240  219  227  227  167  156  147  396  400  392  399  397  402  393  404  396  231  233  228  229  217    7   16    8   13   11    2   14   16    0   11   15    8   13  316  308  297  319  316  302  313  323  314  315  305  316  307  321  315  317  300  313  305  305  301  322  316  317  312  323  312  311  326  311  316  315  310  312  319  319  317  249  241  252  251  248  253  251  255  256  264  252  270  246  243  260  241  254  249  260  243  245  250  253  251  248  250  263  262  264  251  251  256  260  252  255  253  254  312  328  331  318  334  311  338  316  319  323  331  315  323  326  311  
253  235  242  229  233  234  233  247  227  250  226  244  251  244  239  241  257  247  226  235  235  168  156  148  403  407  399  406  404  409  400  411  403  240  242  236  238  226   16   16   14   22    6   12   19   25   11    0   21   14   22  324  316  306  327  325  311  321  332  322  324  313  324  316  330  324  326  308  321  313  313  309  330  325  325  320  332  321  319  335  319  324  324  318  321  328  328  325  257  249  260  259  256  261  259  263  264  271  259  278  254  251  268  248  262  257  268  251  253  257  261  259  256  258  271  270  271  258  259  264  268  260  263  261  262  320  336  339  326  341  319  346  324  326  331  339  323  331  334  318  
252  235  241  229  232  233  232  245  226  250  225  244  251  242  239  239  257  247  226  233  234  180  169  161  404  408  400  406  405  410  400  411  404  236  238  233  233  222    7   10   22   23   16   16    2    8   15   21    0    7    4  322  313  302  324  321  308  318  328  320  320  311  321  313  326  320  323  305  318  311  311  306  327  321  322  318  329  318  317  332  317  322  319  316  318  324  325  323  255  248  258  258  255  260  258  261  262  270  259  277  253  249  267  247  260  255  267  250  252  257  260  258  256  256  270  269  270  258  257  263  267  258  261  260  262  319  335  338  324  340  318  345  323  326  329  337  322  330  332  317  
250  233  239  227  230  231  231  244  224  248  223  242  249  240  237  238  255  245  224  231  232  175  163  155  402  406  397  404  403  408  398  409  401  235  237  232  233  221    3   10   15   19   11    9    6   11    8   14    7    0    8  320  312  301  323  320  307  317  328  319  320  309  320  312  325  319  322  304  317  309  309  305  326  320  321  317  328  317  316  331  316  320  319  314  317  323  324  321  254  246  257  256  253  258  256  260  261  269  257  275  251  248  265  245  259  254  265  248  250  255  258  256  254  254  268  267  269  256  256  261  265  257  260  258  260  317  333  336  323  338  316  343  321  324  327  336  320  328  331  316  
248  231  237  225  228  229  228  241  221  246  221  240  247  238  235  235  253  243  222  229  229  177  167  158  400  404  396  402  401  406  396  407  399  232  234  229  229  218    6   14   20   20   18   14    5    4   13   22    4    8    0  317  309  298  320  317  304  314  324  316  316  306  317  309  322  316  319  301  314  307  306  302  323  317  318  314  324  313  313  328  313  318  315  312  314  320  320  318  251  244  254  254  251  256  254  257  258  266  255  273  249  245  263  243  256  251  262  246  248  253  256  254  252  252  266  264  266  254  253  259  263  254  257  256  258  315  331  334  320  336  314  341  319  322  325  333  318  326  328  313  
 71   92   83   96   91   92   91   77   97   77   99   83   76   80   89   83   68   80   99   89   89  221  235  242   98   96   92   96   98  105   91   96   95   89   90   89   95  100  318  330  310  303  326  314  323  314  316  324  322  320  317    0   12   24    5   25   17    8   23    2   28   12   14   11   21   25    7   22    8   11   15   22   17   28    6    3   16   15    9   19    5    0   30    7   15   24   20   11   67   75   64   65   68   63   64   61   59   53   68   49   73   73   57   75   62   66   56   75   74   73   65   70   73   66   53   54   55   68   65   62   56   64   60   66   68   18   23   22   10   20   17   27   21   30    8   18   24   11   11   19  
 65   87   77   89   84   86   84   71   90   72   92   78   71   72   85   74   63   75   93   81   83  218  232  239  110  108  104  107  110  117  103  107  107   79   79   80   84   91  310  322  302  294  318  306  314  306  308  316  313  312  309   12    0   12   12   18    6    5   20   12   21    5   10    1   18   17   10   11    5    7    3   10   16   20   10   10   16    8    4   20    8   12   22    5    8   18   16   10   60   69   56   59   63   56   57   54   52   48   64   46   68   66   52   69   55   59   51   70   69   69   59   66   69   60   46   48   50   64   58   57   51   56   53   62   64   27   35   34   21   32   26   38   31   40   20   30   33   23   21   27  
 57   80   69   81   75   78   76   62   81   66   84   71   65   63   78   64   57   68   85   72   74  213  227  233  122  120  116  120  122  129  115  120  119   67   67   69   72   80  299  311  291  284  308  295  304  295  297  306  302  301  298   24   12    0   24   21    7   17   27   24   22   13   19   13   24   20   22    3   18   15    9    4   24   22   22   22   26   15   16   29   20   24   22   17   15   23   23   21   52   61   46   52   55   49   49   46   43   42   59   42   62   58   46   60   47   50   44   63   63   64   53   61   64   52   39   40   45   58   51   51   44   46   44   56   60   36   46   46   33   44   35   51   41   50   32   42   42   35   34   36  
 75   96   87   99   94   95   94   81  101   81  102   87   80   83   94   86   73   84  103   92   93  226  240  247   99   96   93   96   99  106   92   96   95   91   91   91   96  102  321  333  313  306  329  317  326  317  319  327  324  323  320    5   12   24    0   21   18    7   18    7   24   14   10   12   16   20    3   22    7   14   15   21   12   23    2    8   11   12    8   13    8    6   25    9   12   19   15    6   70   79   67   69   72   66   68   64   62   57   73   54   77   76   61   79   65   70   60   79   78   77   69   74   77   70   56   57   59   72   68   66   60   66   64   70   72   23   26   24   15   21   23   27   26   35    9   19   29   14   10   24  
 78  101   90  102   96   99   97   83  102   87  105   93   86   83   99   85   78   89  106   92   95  234  248  254  116  112  110  112  116  123  108  110  112   85   84   89   89   99  318  330  311  303  327  314  322  314  316  325  321  320  317   25   18   21   21    0   19   18    8   27    3   23   12   20    7    2   18   19   18   26   18   18   11    2   20   26   14   11   18   15   25   26    4   21   11    3    7   15   73   82   67   73   77   70   70   68   64   63   80   62   83   79   67   81   68   71   65   84   84   85   74   81   85   73   60   62   66   79   72   72   65   67   65   77   80   43   47   44   36   40   42   46   46   56   30   39   49   35   29   44  
 61   83   73   85   79   81   80   66   85   69   88   74   68   67   81   69   60   71   89   76   78  215  229  235  116  113  110  113  116  123  108  113  112   73   74   75   78   86  304  316  296  289  313  301  309  300  302  311  308  307  304   17    6    7   18   19    0   11   23   17   21    7   14    6   21   18   16    5   11    9    3    5   20   21   15   15   21   10    9   24   13   17   22   10   10   20   19   15   55   65   51   55   59   52   53   50   47   45   61   43   64   62   48   64   50   54   47   66   65   66   56   62   66   55   42   43   47   60   54   53   47   51   48   58   61   30   40   39   26   38   29   44   34   44   25   36   37   29   27   30  
