200

  0  205  205  188  214  176  186  175  193  192  181  189  309  318  315  316  319  303  171  186  187  165  190  186  182  201  188  197  191  184  200  188  173  166  152  131  130  135  138  163  124  153  169  154  173  277  275  269  298  278  285  286  117  128  124  140  147  160  151  113  149  142  164  146  158  139  120  128  167  102   83   93   84   88   53   87   95   76   89   79   76   71   44   52   36   48   65   68   47   59   49   89  230   78   94   79   74  110   90   97   82  110   95  255  247  241  247  255  266  226  241  217  258  245  228  129  138  129  128  161  149   30   39   53   69   23   66   45   41   41   53  126  147  130  122  142  119  158  130  142  139  146  133  134  295  277  307  275  314  305  270  305  313  303  142  120  114   92  137  138  126  162  148  145  187  184  158  178  150  166  169  181  168  113   99   93  114  127  128  126  323  335  302  303  306  285  293  309  297  259  257  259  242  272  251  125  131  128  121  133  
205    0   11   30   13   33   32   35   13   36   36   40  110  116  111  121  118  104   61   25   58   72   36   46   43   30   24   27   55   26   51   24   50   65  147  148  159  158  132  138  159  147  180  168  134  153  167  165  164  153  159  152  110  105  105   90   78   86   96  115   80  124   89  120   91  123  105  119   92  184  187  172  200  199  198  215  198  198  167  212  156  183  189  167  187  177  173  158  197  179  164  169  150  131  116  126  131   95  117  111  125  250  250  106  129  117  108  108  130  110  122  106  137  131  103  110  112  104  102  110   98  174  166  153  141  182  141  159  165  165  152   83   72   92  104   73  101   58   97   95   81   67   84   99  168  175  185  167  196  189  157  190  202  167  130  121  167  161  155  129  124   54   57   73   19   35   51   30   63   42   48   29   57   99  112  113  103   91   95   96  140  154  118  111  134  112  106  125  118  113  113  107   94  125   99  201  237  186  208  196  
205   11    0   23   22   30   25   31   19   27   30   31  106  113  109  115  115  100   70   32   68   80   46   55   52   41   32   37   65   34   62   32   58   73  140  141  153  152  126  130  153  155  189  176  143  163  177  175  174  164  169  162  106  100  101   85   73   78   90  111   75  117   82  113   84  117  101  114   84  189  192  177  205  204  202  220  204  202  172  217  160  187  192  169  189  180  177  161  200  183  166  174  160  130  115  127  131   96  119  110  125  255  254   95  118  106   98   97  120   99  112   96  126  121   93  105  106   99   98  102   91  175  167  154  140  182  143  160  167  167  154   87   78   97  109   79  106   64  103  102   87   72   90  105  178  186  195  178  206  200  167  201  212  177  123  116  162  157  148  123  118   60   60   79   25   44   57   36   69   48   55   36   65   97  111  113  100   88   91   92  133  147  110  105  126  104   99  118  110  103  103   97   84  115   89  207  243  193  215  203  
188   30   23    0   43   14    2   13   28    9    7   12  121  130  128  129  131  115   73   39   76   82   55   63   58   55   40   50   75   39   74   40   61   75  118  119  130  129  103  108  131  155  190  176  147  180  192  190  192  180  186  180   84   78   78   62   50   56   67   89   52   95   60   90   61   94   79   91   62  182  182  169  195  194  189  210  195  192  163  206  149  176  178  155  175  167  165  149  187  170  152  165  171  111   95  111  114   80  104   91  106  245  243   91  108   96   91   93  114   87  101   81  117  110   82   83   83   76   75   80   69  158  149  135  121  165  128  143  151  151  138   76   74   91  103   73   97   62   98  100   82   66   83  101  195  200  213  193  224  216  183  217  229  195  101   94  139  135  126  100   96   59   48   74   30   51   52   37   64   44   56   39   68   77   91   95   79   67   69   70  141  155  119  117  130  108  108  126  116   98   98   93   78  112   85  202  237  189  208  199  
214   13   22   43    0   46   45   48   22   48   49   53  107  111  104  118  113  101   61   29   54   72   34   43   42   25   27   24   51   31   45   27   51   65  160  161  172  171  146  151  172  146  179  167  132  142  157  155  152  142  147  140  123  118  118  103   91   99  109  127   93  137  103  133  104  136  118  132  105  187  191  176  205  203  205  220  202  203  171  217  162  189  196  174  194  185  179  164  204  186  172  173  142  142  127  135  140  105  125  122  135  254  255  113  139  127  117  115  138  120  132  117  146  141  114  123  125  116  115  123  111  183  176  163  152  191  149  169  174  174  161   90   76   96  108   78  106   62  101   97   86   72   89  102  156  165  174  157  185  178  146  179  191  155  143  134  180  173  168  142  137   57   66   77   27   36   57   37   69   49   51   34   59  110  124  123  115  104  108  108  140  154  118  111  137  116  106  126  119  121  121  114  103  132  107  203  239  188  210  198  
176   33   30   14   46    0   14    3   26   23   12   23  134  142  139  142  144  128   62   32   67   70   48   55   48   51   34   45   67   31   67   33   50   63  117  116  127  126  101  109  127  141  176  162  135  175  186  183  188  175  181  176   77   72   72   57   45   56   65   82   48   93   61   89   61   91   72   87   64  167  168  154  180  180  175  196  180  177  148  192  135  162  164  142  161  153  151  135  173  156  138  151  162  100   84   98  102   67   91   80   95  231  229  105  120  108  104  107  127   97  113   91  129  121   93   78   80   71   69   81   67  145  137  123  110  153  114  130  138  138  125   62   60   76   88   59   83   48   83   86   68   52   68   87  191  194  208  187  219  211  177  212  224  192   99   88  134  128  123   98   91   46   34   61   24   42   39   27   50   31   45   30   56   66   80   83   70   58   62   63  155  169  133  130  145  122  122  141  131  111  111  107   92  125   99  188  222  175  194  185  
186   32   25    2   45   14    0   13   30    9    5   10  123  132  129  130  133  116   74   41   77   83   57   65   59   57   42   52   77   40   76   42   63   76  115  116  128  127  101  106  128  155  190  176  148  182  194  192  194  182  188  182   82   76   76   60   48   54   65   87   50   92   57   88   59   92   77   89   60  182  181  168  194  194  188  210  195  191  162  205  148  176  177  154  173  166  164  148  186  170  151  165  172  110   93  110  113   79  103   90  105  244  242   91  107   95   90   93  113   85  100   80  116  109   80   80   81   74   73   78   66  156  148  134  119  164  126  141  149  150  136   76   75   91  102   73   97   62   98  100   82   66   83  101  198  202  215  195  226  218  185  219  231  197   98   92  137  133  123   98   93   60   48   75   32   52   52   38   64   45   57   41   69   75   89   94   78   65   67   68  142  155  120  118  131  108  109  127  117   97   97   93   78  111   85  202  236  189  208  199  
175   35   31   13   48    3   13    0   28   21   10   21  134  143  139  142  144  128   64   35   70   73   50   58   51   53   36   48   70   34   70   36   53   65  114  113  125  124   98  107  125  144  179  164  137  178  189  186  191  178  184  178   75   70   70   55   43   54   63   80   46   90   58   87   58   89   70   85   62  169  169  156  182  181  176  197  182  178  150  192  136  163  165  142  161  153  152  136  173  157  138  152  164   99   83   98  101   67   91   79   94  232  230  103  117  106  101  105  125   95  110   89  127  119   91   76   78   69   67   79   64  145  137  123  109  153  114  130  138  138  125   63   63   78   90   61   84   51   85   88   70   54   70   89  194  196  211  190  222  214  179  215  226  194   96   86  132  126  121   95   89   49   35   63   27   45   41   30   52   34   47   33   59   65   80   83   69   57   60   61  155  168  133  130  143  121  122  140  130  109  109  105   90  123   97  189  224  176  195  187  
193   13   19   28   22   26   30   28    0   36   33   40  123  129  123  133  131  117   51   13   50   61   28   37   33   27   13   22   48   15   46   14   39   54  143  141  153  152  127  134  153  136  170  157  125  152  164  162  164  152  158  152  102   98   97   83   71   81   91  106   74  119   86  115   86  117   97  112   89  171  174  159  187  186  186  203  186  185  154  200  144  171  176  154  174  165  161  145  185  167  152  156  144  120  105  114  119   83  104  101  114  237  238  113  134  122  115  115  137  114  127  109  143  136  108  103  106   96   94  106   93  162  154  142  130  170  129  148  153  153  140   70   60   79   91   61   88   45   85   84   69   54   72   86  167  172  184  165  195  188  154  189  201  167  124  114  160  152  149  124  117   41   45   61    6   25   39   18   51   30   36   17   46   88  102  101   94   83   87   87  152  166  129  124  145  123  117  137  129  120  121  115  101  133  107  189  225  175  196  185  
192   36   27    9   48   23    9   21   36    0   12    5  117  127  125  123  127  110   82   48   85   92   64   72   67   63   49   58   84   48   82   49   71   84  114  116  128  126  101  103  129  164  199  185  156  188  201  198  199  188  194  187   85   78   79   62   50   53   64   90   51   92   55   87   58   91   80   90   58  190  190  177  202  202  195  217  203  199  171  213  156  184  184  162  180  173  172  156  193  177  158  173  180  115   99  116  119   85  111   95  111  252  250   82   99   87   81   84  105   78   92   73  108  101   72   82   82   76   75   76   66  162  154  140  125  170  133  147  156  156  143   84   83   99  111   82  105   71  106  109   91   75   91  110  203  209  220  201  231  224  191  225  237  202   98   93  138  135  123   98   95   68   56   83   39   60   61   46   73   53   66   49   77   80   94  100   82   69   70   72  134  148  112  111  122  100  102  119  109   89   88   84   69  102   76  210  245  197  217  208  
181   36   30    7   49   12    5   10   33   12    0   11  128  137  134  134  138  121   73   42   78   82   58   66   59   59   43   54   77   41   77   43   62   75  111  112  123  122   96  102  124  153  189  174  147  184  196  193  196  185  190  184   77   71   71   55   43   50   60   82   45   88   54   84   55   87   72   84   57  178  178  165  191  190  184  206  191  187  159  201  144  172  173  150  169  161  160  144  181  165  146  161  173  105   88  105  108   74   99   85  100  241  238   93  107   96   91   95  115   85  101   80  117  109   81   76   77   69   68   74   62  151  143  129  114  159  122  136  145  145  132   73   72   88   99   71   94   61   95   98   80   64   80   99  200  204  217  197  228  220  186  221  233  200   94   87  132  128  119   93   89   59   45   73   33   53   51   38   62   43   57   41   68   70   84   89   72   60   62   63  146  159  124  122  134  112  113  131  121  100   99   95   80  113   87  199  233  186  205  196  
189   40   31   12   53   23   10   21   40    5   11    0  120  130  129  126  131  114   84   51   87   93   67   75   69   66   52   62   87   50   86   52   73   86  109  112  123  121   96   99  124  165  200  185  158  191  204  202  203  192  197  191   81   73   75   57   46   48   60   86   47   87   51   83   53   87   76   85   53  189  188  176  201  200  193  216  202  197  169  211  155  182  182  159  178  171  170  154  191  175  155  172  182  111   95  114  116   83  108   92  108  251  248   82   97   85   80   83  104   75   90   70  106   99   70   77   77   72   71   71   61  159  151  136  121  167  131  144  153  153  140   83   84   99  111   82  105   72  106  109   91   75   91  110  207  212  224  205  235  228  194  229  240  206   93   89  133  131  118   93   90   69   56   84   42   62   62   48   73   54   67   51   79   77   91   97   78   65   66   68  136  150  115  114  124  101  104  122  111   88   88   84   68  102   76  210  244  197  216  207  
309  110  106  121  107  134  123  134  123  117  128  120    0   15   26   15   13    6  168  134  159  179  141  149  149  130  133  131  155  136  147  133  158  172  211  220  231  228  205  196  234  251  283  273  234  207  227  229  207  208  210  199  200  191  193  175  165  160  172  205  165  196  160  191  164  197  195  200  159  294  297  282  310  309  308  326  309  308  277  323  266  294  298  275  295  286  283  268  306  289  272  279  230  232  216  232  236  201  225  212  228  360  361   93  127  120  104   94  110  127  126  131  126  132  119  194  190  189  189  175  174  279  271  257  242  286  248  264  272  272  259  193  182  202  214  184  211  168  207  204  192  177  195  208  215  237  231  228  242  239  218  240  251  207  201  205  245  248  224  202  204  164  166  183  129  143  162  141  174  153  157  139  165  197  211  216  198  185  186  187   49   60   37   23   64   59   33   42   48   97   99   89   96   96   90  310  346  295  317  304  
318  116  113  130  111  142  132  143  129  127  137  130   15    0   15   26    3   19  171  140  161  182  145  153  153  133  138  134  157  142  149  138  163  176  224  233  244  241  217  210  246  253  284  275  235  202  222  224  200  202  204  193  210  202  204  186  176  172  184  216  176  208  171  203  176  209  206  212  171  298  303  287  316  314  315  331  314  314  282  328  273  299  305  283  303  294  290  274  313  296  280  285  228  241  225  240  244  209  232  221  237  365  366  107  142  134  119  108  125  141  140  145  141  146  133  205  202  200  200  187  186  288  279  266  251  295  256  273  280  280  267  199  187  207  219  189  217  173  212  208  197  183  200  213  208  232  223  223  234  232  213  233  244  200  213  217  257  259  237  215  216  169  173  188  135  147  168  146  179  159  162  145  169  207  221  225  208  195  196  198   59   69   51   37   77   73   47   55   62  111  113  103  110  111  105  313  350  298  321  308  
315  111  109  128  104  139  129  139  123  125  134  129   26   15    0   40   18   28  163  133  152  173  137  144  145  125  131  126  148  135  139  132  155  168  227  235  246  244  219  213  248  244  273  265  225  188  208  210  185  187  189  178  210  202  204  186  175  173  185  215  175  210  173  205  177  211  205  212  173  290  296  280  309  307  309  324  306  307  275  321  266  293  300  277  298  288  283  268  308  290  275  277  215  239  223  236  240  205  227  219  234  358  360  115  151  142  127  117  135  148  148  151  150  155  140  205  203  200  200  190  187  284  276  263  249  292  252  269  276  276  263  194  180  200  212  183  210  166  205  200  190  177  194  205  194  218  209  209  219  217  199  219  229  185  216  217  259  259  240  217  217  162  168  181  129  140  161  140  173  153  155  138  162  204  219  222  207  194  195  197   74   84   64   49   90   84   58   68   74  120  122  112  116  121  112  304  341  289  313  298  
316  121  115  129  118  142  130  142  133  123  134  126   15   26   40    0   23   19  179  145  171  190  153  161  161  142  144  142  167  147  160  144  170  184  211  222  232  229  206  196  235  264  295  285  247  223  242  244  222  223  225  214  204  195  197  179  170  163  175  209  169  198  162  192  167  199  200  203  161  304  307  292  320  319  317  336  319  318  287  332  276  303  306  284  303  295  292  277  315  298  280  289  245  238  222  239  242  208  233  218  234  370  370   88  122  115  100   89  102  124  120  129  119  126  116  197  193  193  193  176  177  285  277  263  248  293  256  271  279  279  266  202  192  212  224  194  221  178  218  215  202  187  205  219  230  252  246  243  257  254  233  255  266  222  202  209  247  251  225  204  207  174  174  193  139  154  172  151  184  163  168  150  177  203  217  223  203  190  190  192   34   45   27   16   51   51   27   29   38   91   93   84   93   88   86  321  357  306  328  316  
319  118  115  131  113  144  133  144  131  127  138  131   13    3   18   23    0   19  174  141  164  184  147  155  155  135  140  137  159  144  151  140  165  178  223  233  244  241  217  209  246  256  287  277  238  205  225  227  203  205  207  196  211  203  205  187  176  172  184  216  176  208  172  203  176  209  207  212  171  300  305  289  318  316  316  333  316  316  284  330  274  301  307  284  304  295  291  276  315  297  281  287  231  242  226  242  245  210  234  223  238  367  368  106  140  133  118  107  123  140  139  144  139  145  132  205  202  201  201  187  186  289  281  267  252  296  258  274  281  282  268  201  189  209  221  191  219  175  214  211  199  185  202  215  211  235  227  226  237  235  216  237  247  203  213  217  257  260  237  215  216  171  174  190  137  149  169  148  181  161  164  146  172  208  222  226  209  196  197  198   56   66   49   35   74   71   45   52   60  110  112  102  109  109  103  316  352  300  323  310  
303  104  100  115  101  128  116  128  117  110  121  114    6   19   28   19   19    0  162  128  153  173  135  144  143  124  127  125  149  130  142  127  152  166  205  214  225  222  199  191  228  246  277  267  229  205  224  225  205  205  207  197  193  185  187  169  159  154  166  198  158  190  153  185  158  191  189  194  153  288  291  276  304  303  302  320  303  302  271  316  260  287  292  269  289  280  277  261  300  283  266  273  226  225  209  226  229  194  218  206  221  354  354   88  123  115  100   90  106  122  121  126  122  128  114  187  184  183  183  169  168  272  264  250  235  280  242  258  265  266  252  187  176  196  208  178  205  162  201  198  186  171  189  202  213  234  229  225  240  236  215  238  249  205  195  199  239  241  218  196  198  158  159  177  123  137  156  134  168  147  151  133  160  191  205  210  192  178  179  181   50   63   36   21   63   56   30   41   46   92   95   85   90   93   85  304  340  289  311  299  
171   61   70   73   61   62   74   64   51   82   73   84  168  171  163  179  174  162    0   37   16   11   27   19   19   38   38   37   20   36   29   37   12    5  166  158  169  169  146  162  167   86  119  107   74  125  132  128  142  125  132  129  112  113  110  103   93  111  117  115   98  140  117  138  115  138  108  129  121  127  134  118  147  145  151  162  143  146  113  160  108  133  145  124  145  134  125  112  152  132  124  116  102  112  101   96  103   73   82   96  103  195  198  163  181  169  163  165  186  159  174  153  190  183  154  119  126  112  109  135  117  142  135  126  120  149  105  128  130  129  119   47   24   42   52   30   53   19   44   37   32   29   38   43  143  138  158  132  168  159  123  160  171  146  146  126  170  156  167  143  132   17   44   26   46   26   27   36   26   31   17   34    6   91  100   90   99   94  101  100  201  215  178  171  195  173  166  186  179  170  170  165  150  183  157  142  179  127  150  137  
186   25   32   39   29   32   41   35   13   48   42   51  134  140  133  145  141  128   37    0   37   48   16   25   19   20    2   14   36    3   36    2   26   40  148  145  156  156  131  141  155  122  157  144  111  143  154  152  156  143  149  144  102  100   98   86   74   88   96  107   78  123   93  120   92  121   98  115   96  159  163  148  176  175  176  192  174  175  143  189  133  160  167  145  166  156  151  136  175  157  143  145  132  117  102  108  113   78   97   97  109  226  227  126  146  135  128  128  150  125  140  120  155  148  120  106  110   98   96  113   98  156  148  137  126  164  121  141  146  146  133   61   48   68   80   50   77   34   73   71   57   44   61   74  159  162  176  155  187  179  145  180  192  160  129  115  161  152  153  128  119   29   39   49    9   12   29    9   40   21   23    5   33   87   99   96   93   83   89   88  164  179  142  136  158  136  130  150  142  134  134  128  114  146  120  176  213  162  184  172  
187   58   68   76   54   67   77   70   50   85   78   87  159  161  152  171  164  153   16   37    0   23   22   13   18   30   37   31    5   37   14   36   20   21  177  171  181  182  158  172  180   93  125  114   77  112  121  117  128  113  119  115  125  125  123  114  103  120  127  128  108  152  125  149  124  150  121  141  129  140  147  131  160  158  166  176  156  160  127  174  123  147  160  140  161  149  140  127  167  147  140  129   95  128  116  112  119   88   99  111  119  207  212  163  183  172  164  165  187  162  177  157  192  185  157  132  138  124  121  145  128  158  151  143  136  165  122  145  146  146  135   63   40   57   67   46   69   33   59   51   48   44   54   57  129  128  145  121  156  147  112  148  159  132  157  139  184  171  180  155  145   30   57   42   46   25   39   40   41   40   26   37   20  105  115  106  113  107  113  112  194  209  172  164  191  169  160  180  174  170  170  164  151  183  157  153  190  137  161  146  
165   72   80   82   72   70   83   73   61   92   82   93  179  182  173  190  184  173   11   48   23    0   38   29   30   49   48   48   28   46   37   48   22    7  170  161  171  172  150  166  169   75  109   96   65  124  130  125  142  125  132  129  114  116  112  107   98  117  122  116  103  144  123  142  120  142  110  131  127  117  124  108  137  135  143  153  133  137  104  151   99  124  137  117  138  126  117  104  143  124  117  106   96  110  100   92   99   72   78   95  101  185  188  173  190  178  173  175  196  168  183  161  199  191  163  123  130  115  112  141  122  137  130  122  118  144  100  124  124  124  113   45   21   35   44   28   46   24   35   27   27   29   33   34  142  135  157  130  167  158  121  158  169  147  149  129  171  156  170  147  135   24   48   23   56   37   33   46   28   39   26   45   15   92  100   88  101   97  104  102  211  226  189  182  206  184  177  197  189  180  180  175  160  193  167  131  168  116  139  126  
190   36   46   55   34   48   57   50   28   64   58   67  141  145  137  153  147  135   27   16   22   38    0   10    9   12   15   10   20   17   20   15   18   31  162  158  169  169  144  156  168  112  145  133   98  127  139  136  141  128  134  129  114  112  111  100   88  103  111  118   93  137  108  134  107  135  110  128  112  154  159  143  172  170  175  188  169  171  139  185  132  157  167  146  167  156  149  135  175  156  145  141  116  124  110  112  118   84  100  105  116  221  223  141  162  150  143  143  165  141  155  136  170  164  136  119  123  111  109  128  112  160  152  142  133  167  124  145  149  149  137   63   44   65   76   49   75   32   68   64   54   44   59   68  144  146  161  139  171  164  129  165  176  145  143  128  173  163  166  141  132   27   47   46   25    6   32   22   40   27   20   17   25   96  108  103  103   95  101  100  174  188  152  145  170  148  140  160  153  148  148  142  129  161  135  169  205  154  177  164  
186   46   55   63   43   55   65   58   37   72   66   75  149  153  144  161  155  144   19   25   13   29   10    0    7   20   24   19   12   25   15   24   14   24  167  162  173  173  149  161  172  103  135  124   89  122  132  129  136  122  129  124  117  116  114  105   93  109  116  121   98  142  114  139  113  140  113  132  118  146  153  136  166  164  170  181  162  165  132  179  126  151  162  141  162  151  143  129  169  150  140  134  107  124  111  110  116   84   97  106  115  214  217  150  171  159  152  152  175  150  164  145  180  173  145  123  128  115  113  134  117  157  150  140  132  164  121  143  146  145  134   61   40   59   70   45   70   29   62   56   49   41   54   62  139  139  155  132  166  157  122  158  170  141  148  131  176  165  171  146  136   25   49   41   34   13   32   28   37   30   19   25   19   98  109  102  106   98  105  104  184  198  161  154  179  158  149  169  162  158  158  152  138  170  144  160  197  145  168  155  
182   43   52   58   42   48   59   51   33   67   59   69  149  153  145  161  155  143   19   19   18   30    9    7    0   21   20   19   19   19   22   19   10   23  160  155  166  166  142  154  164  104  138  126   92  129  139  135  144  129  136  131  110  109  107   97   86  102  109  114   91  135  107  132  106  133  106  125  111  145  151  135  164  162  166  179  161  163  130  177  123  149  159  137  158  148  140  126  166  147  136  132  113  117  104  104  111   78   92   99  109  212  215  146  166  154  147  148  170  144  159  139  174  168  139  116  121  108  106  127  110  152  145  135  126  159  116  138  141  141  129   55   36   56   68   40   67   24   60   55   46   36   51   60  146  146  162  139  173  165  129  165  177  148  140  124  169  158  164  139  129   19   42   38   28    8   26   22   32   23   12   18   16   91  103   96   99   91   97   97  182  196  160  153  177  155  147  167  160  153  153  147  134  166  140  160  197  146  168  155  
201   30   41   55   25   51   57   53   27   63   59   66  130  133  125  142  135  124   38   20   30   49   12   20   21    0   18    6   26   22   21   18   31   43  167  165  176  175  150  160  175  122  154  143  107  125  138  136  137  126  131  125  122  120  118  106   94  107  116  126   98  143  111  139  112  141  117  135  115  166  172  156  185  183  187  200  182  184  151  198  144  170  180  158  179  168  161  147  187  168  157  153  119  134  120  123  129   95  112  115  127  233  236  136  159  147  138  138  161  139  152  135  167  161  133  126  130  118  116  132  117  172  164  153  144  179  136  157  161  161  149   75   57   77   89   61   88   44   81   76   67   56   71   81  141  146  158  138  169  161  128  162  174  141  149  135  181  172  173  147  139   40   57   58   26   17   43   28   52   37   32   24   37  106  118  113  112  103  108  108  165  179  143  135  161  140  130  150  144  143  144  137  125  155  129  180  217  165  188  175  
188   24   32   40   27   34   42   36   13   49   43   52  133  138  131  144  140  127   38    2   37   48   15   24   20   18    0   12   35    5   34    1   27   41  150  147  158  158  133  143  157  123  157  145  111  141  153  150  154  142  148  142  105  102  101   88   76   90   98  109   80  125   94  122   94  123  100  117   98  161  165  150  178  176  178  194  176  176  145  190  135  162  169  147  168  158  152  138  177  159  145  147  131  119  104  110  115   80   99   99  112  227  229  126  147  135  128  129  151  126  140  121  156  149  121  108  112  101   99  115  100  158  150  139  128  166  123  144  148  148  136   63   49   69   82   52   79   35   74   72   59   46   63   76  158  161  174  154  185  178  143  179  190  158  131  118  164  154  155  130  122   31   42   50   10   12   31   11   42   23   24    8   34   89  102   98   95   85   91   91  163  178  141  135  157  136  129  149  141  134  134  128  114  147  120  178  214  163  185  173  
197   27   37   50   24   45   52   48   22   58   54   62  131  134  126  142  137  125   37   14   31   48   10   19   19    6   12    0   28   16   25   13   28   42  162  159  170  170  145  154  170  122  155  144  108  130  143  140  143  131  137  130  117  114  113  101   89  101  110  121   93  137  106  134  106  136  112  129  110  164  169  153  182  181  184  198  180  181  149  195  141  167  176  155  175  165  158  144  184  165  153  151  123  129  115  119  125   90  107  110  122  231  233  133  155  143  135  135  157  135  148  131  163  157  129  120  124  113  111  126  112  167  160  149  139  175  132  153  157  157  144   71   54   74   86   58   85   41   78   74   64   52   68   79  146  150  163  143  174  167  133  168  179  146  143  130  176  166  167  142  134   36   52   55   21   14   39   23   48   32   29   19   35  100  113  109  107   97  103  103  164  178  142  135  160  139  130  150  143  140  140  134  121  152  126  179  216  164  187  174  
191   55   65   75   51   67   77   70   48   84   77   87  155  157  148  167  159  149   20   36    5   28   20   12   19   26   35   28    0   36    9   35   22   25  178  173  184  184  160  173  182   97  128  118   81  110  120  117  126  111  117  113  127  127  125  116  105  121  128  131  109  153  126  150  125  151  123  143  130  144  152  135  165  163  171  180  161  165  132  179  127  152  165  144  165  154  145  132  171  152  144  134   96  131  119  116  123   92  103  114  123  212  216  161  182  170  163  163  185  161  175  156  191  184  156  134  139  126  123  146  129  162  156  146  140  170  126  149  150  150  139   67   44   62   72   50   73   36   63   55   52   48   59   62  127  127  144  121  154  146  111  147  158  130  159  142  187  174  182  157  147   33   59   46   45   25   42   40   45   41   28   36   23  108  118  110  116  109  115  114  191  205  169  161  188  166  157  177  170  168  168  162  149  180  154  157  194  141  165  151  
184   26   34   39   31   31   40   34   15   48   41   50  136  142  135  147  144  130   36    3   37   46   17   25   19   22    5   16   36    0   37    4   25   39  146  143  154  154  129  139  153  121  155  142  110  144  155  153  158  145  151  145  100   98   96   84   73   86   95  104   77  121   91  118   91  120   95  113   95  157  161  146  174  173  174  190  172  172  141  186  131  158  165  143  163  153  148  133  173  154  141  143  132  114   99  105  110   75   94   95  107  223  225  127  146  135  128  129  151  125  140  120  155  148  120  104  108   96   94  111   96  153  146  134  123  161  119  139  144  143  131   59   46   65   78   48   75   31   71   69   55   41   59   72  161  163  177  156  188  180  146  181  193  162  127  113  159  150  151  126  117   27   37   47    9   12   26    6   38   18   21    3   32   84   97   94   90   81   86   86  166  180  144  138  160  137  132  151  143  134  134  129  115  147  121  174  211  160  182  170  
200   51   62   74   45   67   76   70   46   82   77   86  147  149  139  160  151  142   29   36   14   37   20   15   22   21   34   25    9   37    0   34   28   34  182  177  188  188  163  175  187  105  136  126   88  108  119  116  122  108  114  109  132  131  129  119  108  123  131  136  112  156  128  153  127  155  128  147  131  153  161  145  174  172  180  189  170  174  141  188  137  161  174  153  174  163  154  141  180  161  153  143   98  138  126  124  130   99  111  121  130  221  225  157  180  168  160  159  182  160  173  155  188  182  154  138  143  130  128  148  132  171  164  154  147  178  134  157  159  158  147   75   52   71   81   58   82   43   72   65   61   55   67   71  124  127  141  119  152  144  109  145  156  126  162  146  192  180  186  160  151   39   64   54   44   26   47   41   52   45   34   37   31  113  124  117  121  113  119  119  184  198  162  154  182  161  150  170  164  164  165  158  146  176  151  166  203  150  174  159  
188   24   32   40   27   33   42   36   14   49   43   52  133  138  132  144  140  127   37    2   36   48   15   24   19   18    1   13   35    4   34    0   26   41  149  146  158  157  132  142  157  123  157  144  111  141  153  151  155  142  148  142  104  101  100   88   76   89   98  108   80  125   94  121   94  123   99  117   98  160  164  149  177  176  177  193  175  176  144  190  135  161  169  147  167  157  152  137  177  158  145  146  131  118  104  109  115   80   98   99  111  227  228  127  147  135  128  129  151  126  140  121  156  149  121  108  111  100   98  114   99  158  150  138  128  165  123  143  148  147  135   63   49   69   81   51   78   35   74   71   58   45   62   75  158  161  175  154  185  178  144  179  190  159  130  117  163  154  155  129  121   30   41   50   10   12   30   11   41   22   24    7   33   88  101   98   95   85   90   90  164  178  142  135  158  136  130  149  142  134  134  128  115  147  121  177  213  162  184  172  
173   50   58   61   51   50   63   53   39   71   62   73  158  163  155  170  165  152   12   26   20   22   18   14   10   31   27   28   22   25   28   26    0   14  158  151  162  162  139  153  160   96  131  118   86  131  140  136  147  132  139  135  106  105  103   95   84  101  108  109   89  132  107  130  105  130  101  121  111  136  141  125  154  152  157  170  151  153  121  167  113  139  149  128  149  138  131  116  156  137  127  123  112  110   98   96  102   70   83   92  102  203  205  151  169  158  152  153  175  148  163  142  179  171  143  112  118  105  102  126  108  143  136  126  119  151  107  129  132  132  120   47   26   46   58   31   57   15   50   46   36   27   41   50  149  147  165  140  175  167  131  167  179  152  138  120  165  152  160  136  125   11   37   28   34   16   20   25   24   21    6   23    7   86   96   88   94   87   94   93  190  204  168  161  184  162  156  175  168  159  158  153  139  172  145  151  188  137  159  147  
166   65   73   75   65   63   76   65   54   84   75   86  172  176  168  184  178  166    5   40   21    7   31   24   23   43   41   42   25   39   34   41   14    0  164  156  166  167  145  160  164   82  116  103   72  127  134  130  145  128  135  132  110  111  108  102   92  110  116  112   97  139  116  136  114  136  105  127  121  123  129  113  142  140  146  157  138  141  108  155  103  128  140  119  140  129  120  107  147  127  119  111  102  108   97   91   98   69   78   92   99  190  193  165  182  171  165  167  189  160  175  154  192  184  156  118  124  110  107  134  116  137  131  122  116  144  101  124  125  125  114   43   19   37   47   25   48   17   39   33   27   25   33   38  145  140  161  134  171  162  126  162  173  149  144  124  168  153  165  142  130   17   43   21   48   30   27   38   23   32   19   37    7   88   97   86   97   92   99   97  204  219  182  175  199  177  170  190  182  172  172  167  153  186  159  137  174  123  145  132  
152  147  140  118  160  117  115  114  143  114  111  109  211  224  227  211  223  205  166  148  177  170  162  167  160  167  150  162  178  146  182  149  158  164    0   20   25   20   21   15   30  218  250  233  223  289  298  294  303  289  296  291   59   54   58   63   74   62   52   59   69   25   58   28   57   28   62   40   56  209  198  194  207  209  185  218  214  200  187  212  166  187  171  154  163  163  173  161  180  174  148  189  266   92   87  115  110  107  123   90   98  251  240  128  107  105  117  128  130   92  103   84  117  104   98   48   40   55   58   38   50  131  125  112   96  136  129  123  136  137  128  131  150  151  156  144  148  147  158  169  151  141  146  164  306  304  322  298  333  324  289  325  336  307   20   45   43   60   16   23   38  148  122  149  141  156  138  141  142  137  151  145  160   83   83  101   73   73   66   68  205  214  189  195  182  166  183  193  180  129  127  133  119  140  127  235  259  228  237  238  
131  148  141  119  161  116  116  113  141  116  112  112  220  233  235  222  233  214  158  145  171  161  158  162  155  165  147  159  173  143  177  146  151  156   20    0   11   11   16   33   13  204  236  219  211  283  290  286  299  283  290  286   47   46   49   58   71   64   52   46   67   25   62   30   59   25   51   30   62  192  180  177  189  191  166  199  195  182  170  192  149  168  152  135  143  144  155  143  160  155  129  172  256   74   71   98   93   94  108   75   81  231  220  142  124  121  132  142  146  107  120   99  135  122  112   39   35   47   50   46   50  112  106   93   77  116  111  104  117  118  109  120  141  140  143  135  135  139  146  157  140  132  135  152  300  296  316  291  326  318  282  319  330  303   20   32   26   40   10   19   26  141  115  139  139  152  132  137  133  132  145  141  153   71   68   86   61   65   58   59  218  228  201  206  197  179  195  206  193  144  142  147  132  156  140  218  241  212  219  221  
130  159  153  130  172  127  128  125  153  128  123  123  231  244  246  232  244  225  169  156  181  171  169  173  166  176  158  170  184  154  188  158  162  166   25   11    0    5   27   40    6  212  243  225  220  293  300  296  309  294  300  296   57   57   59   70   82   75   63   55   79   36   74   41   70   36   61   41   73  196  183  181  192  194  168  202  199  184  174  195  153  172  153  138  145  147  158  147  162  158  132  176  266   79   78  104   98  103  115   82   87  233  221  152  132  130  141  151  154  116  128  108  142  129  121   50   47   58   60   57   62  112  107   95   81  116  116  106  119  120  112  130  150  148  151  144  143  150  155  166  149  142  144  161  311  306  327  301  337  328  292  329  340  313   31   42   18   38    8   30   37  152  125  149  150  163  142  148  143  143  156  152  163   80   76   93   71   75   68   69  228  237  211  217  206  189  205  216  203  153  150  156  142  164  150  222  244  217  223  226  
135  158  152  129  171  126  127  124  152  126  122  121  228  241  244  229  241  222  169  156  182  172  169  173  166  175  158  170  184  154  188  157  162  167   20   11    5    0   26   36   10  214  245  228  222  294  301  297  309  294  301  297   58   57   60   69   81   74   62   56   78   34   72   39   68   35   62   41   71  200  187  185  195  198  172  206  202  188  178  199  157  175  157  142  149  151  162  151  166  162  136  180  267   83   81  107  102  104  117   85   90  237  225  148  128  126  137  148  150  112  124  104  138  125  117   50   46   58   60   54   60  117  111   99   85  121  119  110  123  124  116  131  152  150  153  146  145  150  157  168  151  143  145  162  311  307  327  302  337  329  293  329  341  314   29   43   23   43    4   29   37  152  126  150  150  163  143  148  144  143  156  152  164   81   78   96   72   76   69   70  224  234  208  214  202  185  202  212  199  149  147  152  138  160  146  226  248  220  227  229  
138  132  126  103  146  101  101   98  127  101   96   96  205  217  219  206  217  199  146  131  158  150  144  149  142  150  133  145  160  129  163  132  139  145   21   16   27   26    0   26   29  197  230  213  202  270  278  274  285  271  277  273   38   34   38   44   56   48   36   39   52    9   47   14   43    9   41   19   46  189  179  174  189  190  168  200  194  182  167  193  147  168  153  136  146  145  155  141  162  156  129  169  246   73   66   95   91   86  103   69   78  233  223  128  113  109  118  129  134   94  108   85  124  110   98   27   21   35   38   31   35  115  108   94   78  120  109  105  118  120  109  111  130  131  135  124  127  127  138  148  130  121  125  143  287  284  304  279  314  305  270  306  317  289    4   25   40   50   23    3   17  129  102  128  125  138  119  123  122  119  132  127  141   62   62   81   53   53   46   47  204  214  186  191  183  165  180  191  178  130  128  133  118  143  126  215  240  208  217  217  
