200

  0   12    5   24   19   30  192  182  178  171  176  175  194  153  178  179  169  158  188  188  203  163  179  177  206  192  191  209  224  182  187  210  220  217  183  199  186  197  212  209  215  216  215  200  138  157  141  153  178  147  146   49   37   43   28   59  147  131   96   82   83   57   47   36   44   46   54   57   37   44   61   62   50   46   49   43  112  112  127  133  114  127  130  161  152  156  157  140  157  156  139  139  132  126  124   93   75   58   63   99   87   75   71   90   61   61   59   87   71   79  113  114   81   92  112   75   75  108   99   21   15  171  137  166  134  154  152  130  175  169  144  165  135  154  165  152  151   96  129  110  111  105  109  118  126  103   77  110  107   94  111  107  122  115  123  133  107  129  100  121  117  109  165  194  163  179  175  180  176  194  197  169  173  172  171  200   86  114  110   82  109  118  116  103  100  103  118   81   91   79   91   75   94   82   81   94  164  160  151  146  
 12    0   17   23   17   19  190  180  175  171  173  172  192  151  176  176  167  156  185  185  205  166  182  180  209  194  193  212  218  176  182  203  213  211  177  194  179  191  205  202  208  210  210  195  134  151  138  148  174  143  141   40   27   32   16   70  139  121   89   74   77   63   56   47   54   52   62   67   43   53   66   69   61   55   55   54  123  123  137  143  125  137  141  172  163  166  168  151  168  167  150  149  143  137  135   97   78   63   70  103   93   77   74   96   64   67   63   91   77   71  106  108   74   84  104   66   66   99   91   15    9  169  135  163  132  153  149  127  173  167  144  162  134  151  164  151  150  100  134  114  116  109  111  122  130  105   84  100   97   84   99   97  112  104  113  122   97  118   90  109  107   97  176  206  175  191  187  192  187  206  208  180  184  183  183  211   79  104  101   73  100  108  107   95   90   92  109   72   83   86   94   77  102   88   86  100  153  150  140  136  
  5   17    0   23   24   34  190  181  177  169  175  174  192  152  177  178  167  157  187  186  199  160  176  173  203  189  187  205  224  183  187  210  221  218  184  200  187  198  213  210  216  217  215  200  137  157  140  152  177  146  146   53   43   48   32   53  149  133   98   85   84   57   46   32   42   46   54   55   37   42   62   61   48   45   50   39  107  107  121  127  109  122  124  156  147  150  152  135  151  151  134  133  127  121  118   94   77   59   62  100   88   77   73   91   63   61   60   88   72   84  118  119   86   97  117   80   81  113  105   27   20  170  135  165  133  153  151  129  173  168  142  164  134  153  163  150  149   93  125  106  107  102  106  114  122   99   72  115  113  100  116  112  127  120  129  139  113  134  106  126  122  114  160  189  158  174  170  175  170  189  192  163  167  166  166  195   91  119  116   88  114  123  121  108  106  108  123   86   96   79   92   77   94   83   83   95  167  163  154  149  
 24   23   23    0   39   27  168  159  155  148  152  151  171  130  155  156  145  135  164  164  182  143  159  157  186  171  171  189  200  159  164  187  197  195  161  176  163  174  190  186  192  193  192  177  114  133  117  129  154  123  123   35   45   48   26   63  127  112   75   63   61   80   69   55   66   69   77   78   60   65   85   85   71   68   73   61  115  110  124  132  115  125  130  163  151  153  157  142  159  155  138  136  131  128  125  117   99   82   86  123  111   98   95  114   84   84   82  110   95   92  127  129   95  104  125   85   86  118  110   38   32  148  113  142  111  131  129  106  151  146  122  141  112  130  142  129  128   78  113   92   95   87   88  100  108   83   67  116  112  102  111  113  128  119  127  137  114  133  104  121  125  110  168  199  168  184  179  184  177  198  201  170  176  175  174  203  100  123  120   92  119  126  126  114  106  108  129   92  104  103  114   98  117  106  105  118  148  142  136  129  
 19   17   24   39    0   30  207  197  192  187  190  189  209  168  192  193  184  173  202  202  221  181  197  195  224  210  209  227  234  191  198  218  228  226  192  210  194  207  221  217  224  226  226  211  151  167  154  164  191  159  157   53   25   32   28   74  153  134  104   88   92   50   46   42   45   39   50   57   29   45   51   56   53   46   41   50  127  129  144  149  130  144  145  176  168  172  173  155  171  173  156  156  149  141  139   80   62   48   57   87   77   60   58   82   48   53   48   75   63   60   94   96   62   74   93   58   58   90   82    6    8  186  152  180  149  170  166  144  190  184  161  178  151  168  181  168  167  115  148  128  130  124  127  137  145  121   96   94   93   78   99   91  106  100  109  118   91  114   86  108  100   96  179  207  176  192  189  194  191  208  210  184  186  185  186  213   67   96   93   65   91  101   98   85   85   88  100   63   73   72   78   60   89   73   70   85  163  162  151  147  
 30   19   34   27   30    0  182  173  166  166  164  162  185  143  167  166  161  148  176  177  203  165  180  179  209  192  193  211  206  162  170  189  199  196  162  180  165  178  191  187  194  196  197  183  125  139  128  136  164  132  128   23   21   22    2   86  123  104   74   58   64   80   74   65   72   69   79   85   59   72   82   86   79   74   71   73  139  136  150  157  140  151  155  187  176  179  182  166  183  181  164  162  157  153  149  110   91   78   87  116  108   88   88  112   77   83   78  105   93   69  103  105   71   78  101   59   61   92   85   25   24  161  129  153  124  146  140  119  166  159  139  152  127  141  158  146  144  103  138  116  120  112  110  124  132  106   93   89   85   75   85   86  101   92  100  110   87  106   77   95   98   83  192  222  191  207  203  207  202  222  224  195  200  199  198  227   76   96   94   66   93  100  100   89   79   81  104   68   80  102  108   89  119  103   99  115  135  132  122  118  
192  190  190  168  207  182    0   10   25   30   24   28    3   39   20   27   25   34   16   10   68   71   62   76   82   58   73   82   71   78   54   87   95   92   84   69   85   73   94   93   89   82   66   57   60   66   56   60   32   55   70  164  203  201  184  192  112  132  122  139  123  246  232  214  227  236  241  237  227  226  252  249  229  230  240  217  210  184  190  200  201  189  207  229  210  205  218  219  233  209  203  196  198  214  205  284  267  249  250  290  277  266  262  279  252  250  250  278  261  247  279  280  250  252  275  234  236  260  256  204  199   21   55   35   58   38   45   63   17   23   52   34   56   43   29   42   41  113  112  107  115  109   93  103   98  103  151  248  240  240  225  247  256  245  249  256  248  253  233  233  260  229  238  270  248  261  255  256  237  268  270  232  250  249  242  269  253  262  260  238  261  262  268  261  240  240  274  243  256  267  282  266  278  272  273  284  165  143  162  146  
182  180  181  159  197  173   10    0   19   26   17   21   12   29   13   22   17   24   14    9   70   68   61   75   84   60   74   85   72   74   51   85   94   91   79   67   81   70   93   91   88   82   67   56   51   59   47   52   26   46   62  154  193  191  174  183  105  124  113  129  113  236  223  205  218  226  232  228  218  217  243  240  220  221  231  208  204  178  184  195  195  183  201  224  205  200  213  213  228  205  197  191  192  208  199  275  257  240  241  281  268  256  253  270  243  241  240  268  252  237  270  271  240  243  265  224  227  251  246  194  189   11   46   26   49   29   36   53    9   13   44   25   47   34   22   34   33  105  106  100  108  101   85   96   92   95  143  238  231  231  215  237  247  236  240  247  239  244  224  224  250  220  233  265  243  256  250  251  232  263  265  227  245  244  237  265  244  252  251  229  252  253  258  252  230  231  264  234  246  258  272  257  269  262  263  275  158  136  154  139  
178  175  177  155  192  166   25   19    0   41    3    4   27   28    6    3   30   23   11   15   89   83   78   92  103   78   91  103   59   55   33   68   78   74   61   50   62   53   76   74   71   66   53   40   41   42   38   36    7   34   46  146  186  183  168  186   88  108  101  119  104  234  221  203  216  223  230  227  215  216  239  238  219  219  227  207  210  185  193  203  202  192  210  234  215  211  223  222  237  215  207  200  201  215  206  271  253  236  239  277  265  252  249  268  239  238  237  265  249  228  260  261  231  233  255  215  218  240  236  189  184   16   48   13   44   33   26   49   23   17   51   14   47   24   34   41   38  110  116  107  116  107   89  104  101  100  147  227  219  220  203  226  235  223  227  234  227  231  212  211  239  207  243  275  252  266  259  261  243  274  275  237  255  253  247  275  235  241  240  219  241  241  247  241  219  219  254  224  237  256  269  252  268  260  260  272  141  118  137  122  
171  171  169  148  187  166   30   26   41    0   39   42   31   31   35   45   12   29   40   35   52   43   37   50   64   39   51   65   98   95   74  110  119  115  100   91  102   94  117  115  113  107   92   81   55   74   51   65   48   55   73  149  186  186  167  165  118  133  115  130  112  223  209  190  204  214  218  213  206  203  230  227  205  207  218  192  181  155  160  171  172  160  178  199  180  176  188  189  204  180  173  166  169  185  175  263  246  228  227  269  255  246  241  256  232  228  228  256  239  233  266  267  235  239  262  221  223  249  244  185  180   26   37   43   47   23   45   50   19   26   27   40   39   44   11   20   23   86   82   79   86   81   66   74   68   76  123  238  231  230  218  237  248  237  242  250  238  246  224  227  250  221  208  240  218  232  225  226  207  238  240  202  220  219  212  239  239  251  250  226  250  252  257  249  230  230  262  230  242  244  260  246  254  249  251  261  172  150  166  150  
176  173  175  152  190  164   24   17    3   39    0    3   27   25    5    6   28   20   13   15   87   81   76   89  101   76   90  101   62   57   35   71   80   77   62   52   64   55   78   76   74   68   55   42   39   42   36   36    9   33   46  144  184  182  166  183   88  107  100  117  103  232  218  201  214  221  228  225  212  213  237  236  217  217  225  205  207  183  190  201  199  190  207  231  212  208  220  219  235  212  204  198  199  213  204  269  251  234  237  275  263  250  247  265  237  236  235  263  247  227  259  260  230  231  254  214  216  239  235  187  182   14   45   11   42   30   24   47   21   14   48   12   45   22   31   38   35  107  114  104  113  105   86  101   98   97  144  225  218  219  202  224  234  222  226  233  226  230  211  210  238  206  240  273  249  263  257  258  240  271  273  235  252  251  244  273  233  240  239  217  240  240  246  240  218  218  252  223  235  254  267  250  266  258  258  270  141  119  137  122  
175  172  174  151  189  162   28   21    4   42    3    0   30   26    8    5   30   21   15   18   90   83   79   92  104   79   93  105   61   54   32   68   78   74   59   50   60   52   75   73   71   66   54   40   38   39   34   33    6   31   43  142  182  180  164  183   85  104   98  115  101  231  218  200  213  220  227  224  211  212  236  235  216  216  224  204  208  184  191  202  200  191  208  233  213  210  222  220  236  214  205  199  200  214  205  268  250  233  236  274  262  248  246  264  235  235  234  262  246  225  256  257  228  229  252  211  214  236  233  185  181   16   45    9   41   32   23   46   24   17   49   10   45   21   33   40   36  107  115  105  114  106   87  102   99   97  144  223  215  217  199  222  231  220  223  231  223  227  209  208  235  204  241  274  250  264  258  260  242  272  274  236  253  252  246  274  231  237  236  215  237  238  244  238  215  215  250  221  233  253  265  249  265  257  256  269  138  116  134  119  
194  192  192  171  209  185    3   12   27   31   27   30    0   41   22   29   27   36   18   13   66   72   62   76   81   57   72   81   71   80   56   88   96   93   86   70   87   74   96   94   90   83   67   58   63   69   59   63   34   58   73  166  205  203  186  194  115  134  125  142  126  248  234  216  229  238  243  239  230  228  254  252  231  232  242  219  212  185  191  201  202  190  208  230  210  206  219  220  234  210  204  197  199  215  206  287  269  252  252  292  280  268  265  281  255  253  252  280  263  249  282  283  252  255  277  237  239  263  259  206  201   23   58   37   61   40   48   65   19   26   53   37   58   46   31   44   43  115  113  109  116  110   94  104   99  105  152  250  243  243  227  249  259  248  252  259  251  256  236  236  263  232  239  271  249  262  256  257  237  269  270  233  251  250  243  270  256  264  263  241  264  265  271  264  242  243  276  246  258  269  284  268  280  274  275  286  168  145  164  149  
153  151  152  130  168  143   39   29   28   31   25   26   41    0   26   30   21    5   35   34   83   65   66   76   95   70   81   96   86   70   54   90  100   96   75   72   77   73   96   94   94   90   79   64   24   45   21   35   31   25   43  125  164  162  145  158   87  102   86  102   85  208  194  177  190  198  204  200  189  189  214  212  192  193  202  180  182  158  166  177  174  166  182  208  189  185  197  195  211  189  180  174  175  188  179  246  228  211  213  252  240  227  224  242  214  213  212  240  223  208  241  242  211  214  237  196  198  223  218  165  160   18   20   20   20    9   14   24   23   16   25   17   19   14   20   18   13   82   91   80   89   80   61   77   75   72  119  211  204  203  189  210  220  209  213  221  211  217  197  198  223  193  216  249  225  239  233  235  217  248  250  211  228  227  221  250  215  224  223  200  224  225  230  223  203  203  236  205  217  230  244  228  242  234  235  246  141  120  135  119  
178  176  177  155  192  167   20   13    6   35    5    8   22   26    0    9   25   21   10   10   83   78   72   86   97   72   85   97   64   61   39   74   84   80   67   56   68   59   81   80   77   71   57   45   43   47   39   41   14   37   51  147  187  185  169  184   93  112  104  121  106  234  220  202  216  223  229  226  215  215  239  238  218  219  227  206  207  182  189  200  198  188  206  230  210  207  219  218  233  211  203  196  198  212  203  271  253  236  238  277  265  252  249  267  239  238  237  265  249  230  262  263  233  235  258  217  220  242  239  189  185   11   45   15   44   29   27   49   17   12   47   15   45   26   28   37   34  107  112  104  112  104   86  100   97   97  144  229  222  223  206  228  238  227  230  238  230  234  215  215  242  210  239  271  248  262  255  257  238  269  271  233  251  249  243  271  237  244  243  221  243  244  250  244  222  222  256  226  239  255  269  252  267  260  260  272  146  124  142  127  
179  176  178  156  193  166   27   22    3   45    6    5   29   30    9    0   33   26   13   17   92   86   82   95  106   81   95  106   56   52   29   65   75   71   58   47   59   49   72   70   68   63   49   36   42   40   38   35    5   34   45  146  186  184  168  188   86  106  101  119  104  235  222  205  218  225  231  229  216  217  240  239  221  221  229  209  213  188  196  206  205  195  212  237  218  214  226  225  240  218  210  203  204  218  209  272  254  237  240  278  266  253  250  269  240  240  238  266  250  228  260  261  231  233  255  215  218  240  236  189  185   19   50   13   46   36   27   50   26   20   54   15   49   25   37   44   41  112  119  110  118  110   92  107  104  102  149  226  218  220  202  225  234  223  226  233  227  230  212  210  238  206  246  278  255  269  262  264  246  277  278  240  258  256  250  278  235  241  239  219  241  241  247  241  218  218  253  224  237  257  270  253  270  261  261  273  139  116  135  120  
169  167  167  145  184  161   25   17   30   12   28   30   27   21   25   33    0   18   30   26   63   53   49   62   76   51   63   77   88   83   62   98  108  104   88   80   90   82  105  103  102   96   82   70   45   63   41   54   37   44   62  144  182  181  162  167  107  123  106  122  105  222  208  189  203  212  217  213  204  202  228  226  205  206  216  192  186  160  167  177  177  166  184  207  187  183  196  196  210  187  180  173  175  190  181  261  244  226  226  267  254  243  239  255  229  227  226  254  238  227  260  262  230  233  256  215  217  242  238  182  177   14   32   31   39   15   33   43    9   14   27   29   34   32    4   17   18   88   89   83   91   84   68   78   74   78  126  231  224  223  210  230  240  229  234  242  231  238  217  219  243  214  215  248  225  239  232  234  215  246  248  210  228  226  220  247  234  244  243  219  243  245  250  243  223  223  256  224  237  243  259  243  254  248  249  260  161  139  155  140  
158  156  157  135  173  148   34   24   23   29   20   21   36    5   21   26   18    0   30   29   81   66   66   77   94   69   80   95   82   68   51   87   97   93   73   69   75   70   93   91   90   86   74   60   28   45   24   36   27   26   44  130  169  167  150  163   88  104   90  106   89  213  200  182  195  203  209  206  195  194  219  217  198  198  207  185  187  162  170  181  179  170  187  212  192  189  201  199  215  193  184  178  179  193  184  251  234  216  218  257  245  233  229  247  219  218  217  245  229  213  246  247  216  219  241  200  203  227  223  170  165   13   25   17   25   11   15   29   19   11   29   14   24   14   19   20   16   87   95   84   93   84   66   81   79   77  124  215  208  207  193  214  224  213  217  225  215  221  201  202  227  197  220  253  229  243  237  239  221  252  253  215  232  231  225  253  220  229  227  205  228  229  235  228  207  207  241  210  222  235  249  233  247  239  240  251  142  121  137  121  
188  185  187  164  202  176   16   14   11   40   13   15   18   35   10   13   30   30    0    5   83   82   75   89   97   73   87   97   58   63   38   72   81   77   68   54   69   57   79   78   74   68   53   42   52   53   48   48   17   45   58  157  196  194  178  193   98  119  113  130  115  243  230  212  225  233  239  236  224  224  249  247  228  228  237  216  215  190  197  207  207  196  214  237  218  214  226  226  241  218  210  204  205  220  211  281  263  246  248  287  275  262  259  277  249  248  247  275  259  239  271  272  242  244  266  226  229  251  247  199  194   19   55   24   54   38   37   58   22   21   55   24   55   35   35   45   43  116  119  112  120  113   95  108  104  106  153  238  230  231  214  237  246  235  238  246  238  242  224  222  250  219  246  278  255  269  263  264  245  276  278  240  258  257  250  278  246  252  251  230  252  253  259  252  230  230  265  235  248  265  278  262  277  269  269  281  151  128  148  132  
188  185  186  164  202  177   10    9   15   35   15   18   13   34   10   17   26   29    5    0   77   77   70   84   92   67   82   92   63   68   44   78   86   82   73   59   74   63   85   83   80   73   58   48   53   56   49   51   21   47   61  158  197  195  178  191  102  122  115  132  116  242  229  211  224  232  238  235  224  223  248  246  227  227  236  214  212  187  193  204  203  192  210  233  214  210  222  222  237  214  206  200  201  217  207  280  263  246  247  286  274  262  259  276  248  247  246  274  258  240  273  274  243  245  268  227  230  253  249  199  194   17   53   26   53   36   38   58   18   19   52   26   53   36   31   42   40  113  115  109  117  110   93  105  101  103  151  240  232  233  216  239  248  237  241  248  240  245  226  225  252  221  242  274  252  265  259  260  241  272  274  236  254  253  246  274  247  254  253  231  254  255  261  254  232  232  267  237  249  264  278  262  276  268  269  281  155  133  152  136  
203  205  199  182  221  203   68   70   89   52   87   90   66   83   83   92   63   81   83   77    0   40   23   29   14   13   15   14  137  144  121  155  163  159  150  137  151  140  162  161  157  150  133  125  106  126  103  117   96  107  125  190  224  225  204  183  170  184  163  176  157  249  233  214  228  241  243  235  234  227  257  252  228  232  246  215  183  155  156  165  173  155  174  188  169  163  177  184  195  167  166  159  163  183  173  290  274  256  252  295  280  275  270  281  261  254  256  283  265  272  306  308  274  280  303  261  263  291  286  220  214   75   83   93   96   74   96   98   67   76   69   91   86   95   62   68   73  107   85   96   98   99   94   87   79  100  140  283  276  272  264  281  293  282  288  296  282  292  269  274  294  267  197  226  210  220  214  214  192  224  225  189  209  208  200  223  279  295  292  267  292  296  300  290  274  275  304  270  282  268  287  275  275  274  278  286  224  202  218  202  
163  166  160  143  181  165   71   68   83   43   81   83   72   65   78   86   53   66   82   77   40    0   18   15   43   32   28   46  141  134  115  151  161  157  140  133  141  135  158  156  155  149  135  123   84  110   81  100   90   88  106  154  186  187  166  143  149  160  132  143  124  209  193  175  188  201  203  196  194  187  217  212  188  192  206  175  148  121  124  134  138  123  142  160  141  136  149  152  165  140  135  128  132  150  140  250  234  216  212  255  240  236  230  241  221  214  216  243  225  234  269  270  236  243  265  224  226  255  249  181  175   67   57   82   72   56   79   72   61   67   43   80   60   79   50   47   52   67   47   56   58   59   55   48   40   61  100  247  241  236  231  245  258  247  253  262  246  258  233  241  258  233  169  200  180  193  186  187  167  198  200  162  181  180  173  199  241  258  256  230  256  260  263  253  238  239  268  232  245  228  247  235  236  234  238  246  202  181  194  179  
179  182  176  159  197  180   62   61   78   37   76   79   62   66   72   82   49   66   75   70   23   18    0   15   31   14   15   33  133  132  111  147  156  152  138  128  139  131  154  152  149  143  127  117   88  111   85  101   85   90  108  167  201  202  181  161  153  166  142  154  135  227  211  192  206  218  221  213  211  205  234  229  206  209  223  193  166  138  140  150  155  140  158  175  156  151  164  169  181  155  151  144  148  166  157  267  251  233  229  273  258  252  247  258  238  232  233  260  242  248  283  284  251  257  280  238  240  268  263  196  190   63   63   80   77   56   80   78   56   63   48   78   66   80   47   49   54   85   65   73   76   77   71   65   58   77  118  260  254  250  242  258  270  260  265  274  259  270  246  252  271  245  184  215  196  208  201  201  181  213  214  177  197  195  188  213  256  272  269  244  269  273  277  267  251  252  281  247  259  246  265  252  253  252  256  263  206  185  199  184  
177  180  173  157  195  179   76   75   92   50   89   92   76   76   86   95   62   77   89   84   29   15   15    0   30   25   15   32  147  145  124  160  169  165  150  141  151  144  167  165  163  157  141  131   97  122   94  112   98  100  118  169  200  201  180  154  162  173  147  158  139  222  205  186  200  213  215  207  207  199  230  224  200  203  218  187  155  127  128  137  144  127  146  162  143  137  150  156  168  141  138  131  135  154  145  262  247  228  224  267  252  248  243  252  234  226  229  255  237  248  283  284  251  257  280  238  240  269  263  194  188   76   70   92   85   67   91   86   69   76   56   90   73   90   59   59   64   80   55   68   69   72   69   59   51   74  111  262  256  251  245  260  273  262  268  277  261  273  248  256  273  248  171  201  183  194  188  188  167  199  200  163  183  182  174  199  255  273  271  244  270  275  278  268  253  254  282  247  259  240  260  248  246  246  251  258  215  195  208  192  
206  209  203  186  224  209   82   84  103   64  101  104   81   95   97  106   76   94   97   92   14   43   31   30    0   25   16    3  151  158  135  169  177  174  163  151  165  154  176  175  171  164  147  139  118  139  114  129  110  119  137  197  230  230  209  182  182  196  172  185  165  251  234  216  229  242  244  236  236  228  259  253  228  233  247  216  179  151  150  159  168  149  168  180  161  155  169  177  187  159  159  152  157  177  167  292  276  257  253  296  281  278  272  281  263  256  258  284  266  277  312  313  280  286  309  267  269  298  292  224  218   89   93  107  107   86  109  109   81   89   79  104   96  108   75   79   84  110   83   97   98  101   99   89   81  104  139  290  284  279  273  288  301  290  296  304  289  301  276  283  301  276  189  217  202  212  205  205  183  214  215  180  201  199  191  214  284  301  299  273  299  303  306  297  281  282  311  276  288  269  289  277  275  275  280  286  236  214  229  214  
192  194  189  171  210  192   58   60   78   39   76   79   57   70   72   81   51   69   73   67   13   32   14   25   25    0   16   26  128  133  110  145  153  149  138  126  140  130  152  150  147  140  124  115   93  114   90  105   85   95  113  179  213  213  193  175  157  172  150  164  145  240  224  206  219  231  234  227  225  218  248  243  219  223  236  207  179  151  153  163  169  152  171  187  168  162  176  181  193  167  164  157  160  179  170  281  265  246  243  286  271  266  260  272  251  245  247  274  256  260  295  296  263  269  291  250  252  280  274  209  203   64   71   82   84   61   84   86   56   64   57   79   74   83   50   56   60   98   79   87   90   90   84   79   71   90  132  271  264  261  252  269  281  270  275  284  270  280  257  262  282  255  196  226  208  219  213  213  192  224  225  189  208  207  199  224  268  283  281  255  281  284  288  279  262  262  293  259  271  260  278  266  267  265  269  277  211  190  205  189  
191  193  187  171  209  193   73   74   91   51   90   93   72   81   85   95   63   80   87   82   15   28   15   15   16   16    0   19  143  146  124  159  168  164  152  141  153  144  166  165  162  155  139  129  103  125  100  116   99  105  123  181  214  214  193  169  168  181  156  169  149  236  220  201  215  228  230  222  222  214  244  238  214  218  233  202  169  141  141  151  158  141  159  174  155  149  162  169  180  153  151  144  148  168  158  277  261  243  238  282  267  263  257  267  248  241  243  270  251  261  296  297  264  270  293  251  253  282  276  208  202   77   78   94   92   71   95   93   69   77   64   92   81   94   61   64   69   95   70   82   84   86   83   74   66   88  126  274  268  263  257  272  284  274  280  288  273  284  260  267  285  259  183  212  195  206  200  199  178  210  211  175  195  194  186  210  268  285  283  257  283  287  290  281  265  266  295  260  272  255  274  263  261  261  265  272  221  200  215  199  
209  212  205  189  227  211   82   85  103   65  101  105   81   96   97  106   77   95   97   92   14   46   33   32    3   26   19    0  151  158  135  169  177  173  164  151  165  154  176  175  171  164  147  139  119  139  116  130  110  120  139  200  232  233  212  185  183  197  174  187  167  254  237  219  232  245  247  239  239  231  262  256  231  236  250  219  182  154  153  162  171  152  171  183  164  158  171  180  189  162  162  155  160  180  170  295  279  260  256  299  284  281  275  284  266  259  261  287  269  280  315  316  282  289  311  270  272  300  294  227  221   89   95  107  109   87  110  110   81   90   81  105   98  109   76   81   85  113   86  100  101  104  101   92   84  107  143  292  286  282  275  291  303  292  298  307  292  303  279  285  304  278  192  219  205  214  208  207  186  217  218  183  203  202  194  216  287  304  302  276  301  306  309  299  283  284  313  278  291  272  292  280  278  278  283  289  237  216  231  215  
224  218  224  200  234  206   71   72   59   98   62   61   71   86   64   56   88   82   58   63  137  141  133  147  151  128  143  151    0   47   37   30   31   29   50   26   48   30   36   37   28   20    8   24   89   67   87   71   55   79   78  183  223  219  208  240   96  120  133  151  142  280  269  252  265  269  277  276  260  264  284  285  269  268  273  257  268  244  252  263  260  252  269  293  274  271  282  281  297  275  266  260  261  274  265  315  296  281  286  321  311  294  293  314  282  284  282  309  295  260  288  289  263  262  283  246  249  265  263  230  227   75  105   66   98   92   78  102   80   76  110   69  104   77   92  101   97  167  176  166  175  166  147  163  160  157  203  249  241  246  221  249  255  244  245  251  250  248  235  228  261  227  302  335  311  325  319  320  302  333  335  297  314  313  306  335  266  265  265  248  266  264  272  269  243  242  279  255  267  303  313  294  317  306  304  318  136  115  138  125  
182  176  183  159  191  162   78   74   55   95   57   54   80   70   61   52   83   68   63   68  144  134  132  145  158  133  146  158   47    0   25   28   38   35    5   22    7   18   31   28   33   35   40   31   60   30   60   39   48   51   40  139  178  174  164  206   48   73   88  105   99  238  228  213  225  228  236  237  218  224  242  244  229  227  231  218  241  219  229  240  234  229  244  272  253  251  262  257  274  255  244  238  238  248  240  271  253  239  245  278  268  250  249  272  239  242  239  266  253  213  241  242  217  214  235  199  202  218  216  186  184   69   85   52   72   79   56   75   77   69   95   55   82   56   85   88   83  141  158  143  153  142  122  143  142  132  174  201  193  199  174  201  207  197  198  204  203  201  188  181  214  180  280  314  287  302  296  299  282  312  314  276  292  291  285  315  219  217  217  201  219  216  224  221  196  195  231  208  219  261  269  251  276  264  261  276   93   71   93   79  
187  182  187  164  198  170   54   51   33   74   35   32   56   54   39   29   62   51   38   44  121  115  111  124  135  110  124  135   37   25    0   36   46   43   30   18   31   20   43   41   40   36   28   13   53   31   51   35   26   43   41  148  188  184  172  203   69   92   98  116  106  244  232  216  228  233  240  240  224  227  248  248  232  231  236  220  234  210  219  230  226  219  235  261  242  239  250  248  264  243  233  227  228  240  232  278  260  245  249  285  274  258  256  277  246  248  245  273  258  227  256  257  230  229  251  212  215  234  231  194  191   48   72   34   62   62   43   66   55   49   79   37   70   42   66   71   66  132  145  132  142  132  113  131  129  123  168  219  211  214  192  218  226  214  217  223  220  220  205  200  231  198  270  303  278  293  286  288  271  301  303  265  282  280  274  303  233  234  233  215  235  234  241  237  212  212  248  222  234  266  276  258  280  269  267  281  118   95  116  102  
210  203  210  187  218  189   87   85   68  110   71   68   88   90   74   65   98   87   72   78  155  151  147  160  169  145  159  169   30   28   36    0   11    8   27   19   24   16    7    7    5   11   27   30   84   56   84   64   62   75   66  166  205  200  191  233   71   95  115  132  127  266  256  241  252  255  264  264  246  252  269  271  257  255  258  246  266  244  253  264  259  253  269  296  277  274  285  282  298  278  268  262  262  274  265  298  280  266  272  305  296  277  276  299  266  270  266  293  280  239  265  266  242  239  259  224  227  241  240  213  211   84  107   70   96   98   78   99   91   85  115   73  105   77  102  107  102  166  180  167  176  166  147  166  164  156  200  224  216  223  196  224  229  219  219  224  226  222  211  202  236  202  304  338  312  327  321  323  306  336  338  300  316  315  309  338  244  241  240  226  242  239  248  245  219  218  255  233  244  289  296  278  304  291  288  303  107   87  110   98  
220  213  221  197  228  199   95   94   78  119   80   78   96  100   84   75  108   97   81   86  163  161  156  169  177  153  168  177   31   38   46   11    0    4   37   28   34   27    8   11    7   13   31   39   95   67   95   75   71   86   77  176  214  210  201  244   79  103  125  142  137  276  266  251  263  265  274  275  256  262  280  282  268  265  268  257  277  255  264  275  270  264  280  307  288  285  296  293  309  289  279  273  273  285  276  308  290  276  283  315  306  287  286  310  276  280  276  303  290  247  273  274  250  247  267  232  236  249  248  223  221   94  117   80  107  108   89  110  100   95  125   83  116   88  111  117  113  177  191  178  187  177  158  176  175  167  211  231  223  230  203  232  236  226  226  231  233  229  219  208  244  209  315  348  323  338  331  333  316  347  349  311  327  326  320  349  253  248  248  234  250  246  255  253  226  225  262  242  252  299  306  287  314  301  298  313  111   92  115  104  
217  211  218  195  226  196   92   91   74  115   77   74   93   96   80   71  104   93   77   82  159  157  152  165  174  149  164  173   29   35   43    8    4    0   34   25   32   23    8   10    3   10   28   35   92   64   91   71   68   83   74  174  212  208  199  240   78  102  123  139  134  274  264  249  260  263  271  272  253  259  277  279  265  263  266  254  274  251  261  271  267  260  276  303  284  281  293  289  305  285  275  269  269  281  273  306  288  274  280  313  303  284  284  307  274  278  274  301  288  246  272  273  249  246  266  231  234  248  247  221  219   90  114   77  103  104   85  107   97   91  122   79  112   84  108  113  109  173  187  174  184  174  154  173  171  164  207  231  223  229  202  231  235  225  225  230  232  228  217  208  243  208  311  345  319  334  328  330  313  343  345  307  323  322  316  346  251  247  247  232  249  245  254  252  225  224  261  240  251  297  304  285  312  299  296  311  111   92  115  104  
183  177  184  161  192  162   84   79   61  100   62   59   86   75   67   58   88   73   68   73  150  140  138  150  163  138  152  164   50    5   30   27   37   34    0   25    2   20   29   26   32   35   43   35   64   34   64   43   53   55   43  139  178  174  164  208   46   71   88  105  100  240  230  215  226  229  237  238  219  226  243  245  231  229  232  220  244  223  233  244  238  233  248  276  258  255  266  261  278  259  248  242  242  252  244  272  254  239  246  278  269  250  250  273  239  244  240  267  254  213  240  241  216  213  234  198  201  216  215  187  185   75   89   58   76   84   61   79   83   75  100   60   87   61   91   93   88  145  163  147  157  146  127  147  147  136  177  200  192  197  172  199  205  195  196  201  201  199  186  178  212  178  284  318  291  306  300  303  287  316  318  281  296  295  289  319  218  216  215  200  217  214  223  220  194  193  230  207  218  262  270  251  278  265  261  276   89   67   89   76  
199  194  200  176  210  180   69   67   50   91   52   50   70   72   56   47   80   69   54   59  137  133  128  141  151  126  141  151   26   22   18   19   28   25   25    0   24    5   26   24   22   18   19   13   69   43   68   49   43   59   54  158  198  194  183  219   70   94  107  125  117  256  245  229  241  245  253  253  236  241  260  261  246  244  249  234  251  228  237  247  243  236  252  279  260  257  268  265  281  261  251  245  245  257  249  290  272  257  262  296  286  269  268  290  257  260  257  284  271  234  262  263  237  236  257  220  223  239  237  205  202   66   89   52   79   80   61   83   73   66   97   55   88   60   83   88   84  150  163  150  159  150  130  148  147  140  184  223  215  220  196  223  229  218  220  225  224  223  209  202  235  201  287  321  295  310  304  306  288  319  321  283  299  298  292  321  240  239  239  222  240  238  246  243  217  216  253  229  240  279  288  269  293  281  279  294  113   92  114  101  
186  179  187  163  194  165   85   81   62  102   64   60   87   77   68   59   90   75   69   74  151  141  139  151  165  140  153  165   48    7   31   24   34   32    2   24    0   19   27   23   30   33   42   35   66   36   66   45   55   58   45  142  180  176  167  211   48   72   91  108  103  242  232  217  229  231  240  241  222  228  245  247  234  231  234  223  246  225  235  246  240  235  250  278  260  258  268  263  280  261  250  245  244  254  246  274  256  242  249  281  272  253  252  275  242  246  242  269  256  215  242  242  218  215  236  200  203  218  217  189  187   76   91   59   78   86   63   81   84   76  102   62   89   63   92   95   90  147  165  150  159  148  129  149  149  138  179  201  193  199  173  201  207  196  197  203  203  200  188  180  214  180  286  320  293  309  303  305  289  319  321  283  298  297  291  321  220  218  217  202  219  216  225  222  196  195  232  209  220  265  272  253  280  267  264  279   90   68   90   77  
197  191  198  174  207  178   73   70   53   94   55   52   74   73   59   49   82   70   57   63  140  135  131  144  154  130  144  154   30   18   20   16   27   23   20    5   19    0   23   21   21   19   23   17   69   42   68   49   46   59   52  155  195  191  180  218   66   90  105  122  115  254  243  228  240  243  251  252  234  239  258  259  244  242  247  233  251  228  237  248  244  237  253  280  261  258  269  266  282  262  252  246  246  258  249  288  269  254  260  294  284  266  265  288  255  258  255  282  269  231  259  260  234  232  253  216  219  236  234  203  200   68   90   54   80   81   62   83   75   69   99   56   89   61   86   90   86  150  164  151  160  150  131  149  148  141  184  219  211  216  192  219  225  214  216  221  221  219  206  198  231  198  288  321  296  311  305  307  289  320  322  284  300  299  293  322  237  235  235  218  237  234  242  239  213  213  249  226  237  277  285  267  291  279  277  291  109   87  109   96  
212  205  213  190  221  191   94   93   76  117   78   75   96   96   81   72  105   93   79   85  162  158  154  167  176  152  166  176   36   31   43    7    8    8   29   26   27   23    0    3    8   16   34   38   90   61   89   69   69   81   71  168  206  201  193  237   71   95  117  134  129  269  259  244  255  258  266  267  248  255  272  274  260  258  261  249  271  249  259  270  265  259  275  302  283  280  291  287  304  284  274  268  268  279  271  300  282  268  275  307  298  279  278  302  268  272  269  295  283  239  265  266  242  239  259  224  227  241  240  215  213   91  113   77  101  104   84  105   98   92  121   80  111   84  109  113  109  171  187  173  182  172  152  172  170  162  205  223  215  222  195  223  228  218  218  223  225  220  210  200  235  201  310  343  317  333  326  328  312  342  344  306  322  321  315  344  244  240  240  226  242  238  247  245  218  217  254  233  244  291  298  279  307  293  290  305  104   84  107   96  
