200

  0   13   16   22   21    3   28    7    8   18    4  144  140  139  137  131  126  141  134  128  144  120  142  130  131  195  202  202  191  192  207  199  195  148  144  160  156  156   50   57   48   46   45   63   44   67   59   45   62   67   58   52   54  160  154  159  139  161  155  114  119  145  131  221  216  225  219  219  205  217  214   88   73   85   65   80   66   68   80   86   83   72   86   56   65   44   52   60   56   48   74   59   70   68   72   54   60   69   68   77   75   14   18   14   26   12   25   27   14   88   80   74   81   97   85   92   74   90   89   71   71   86   75   59   70   67   63   59   57   56   62   46   67   56   59   61   64   55   55   53   52  132  134  147  137  145  152  139  132  129  133  137  143  135  139  149  142  134   78  139  138  140  138  138  130  129  127  126  128  145  124  142  124  143  122  151  144  134  146  149  146  149  145  129  130   97   98   95   93  143  135  142  144  131  143  140  133  136  121  130  
 13    0    8   13    9   15   25   12   12   31   11  157  153  153  150  144  139  154  147  141  157  133  155  143  144  190  197  198  186  186  202  194  190  160  156  172  168  168   58   65   57   53   50   69   50   72   66   50   65   72   66   58   61  152  146  150  131  152  147  127  131  157  142  224  220  228  221  221  207  218  216   92   78   90   71   83   70   72   83   90   87   77   89   47   55   35   47   52   49   40   68   53   64   64   64   48   55   64   61   72   68   22   24   22   27   23   26   33   23   79   71   66   71   88   77   83   64   81   80   63   61   76   70   53   68   61   58   59   55   53   59   44   66   51   57   62   60   54   53   49   47  145  146  161  149  158  165  152  144  142  146  149  156  148  152  162  155  147   90  126  124  127  125  125  117  116  114  113  115  132  111  129  111  130  109  148  140  130  143  146  142  145  141  126  126  101  102  101   99  155  148  153  156  143  156  153  145  123  108  118  
 16    8    0    6    8   17   17   12   11   34   16  160  156  155  153  147  142  157  150  144  160  136  157  146  146  198  204  206  193  193  209  202  197  159  154  170  167  166   52   60   52   48   43   62   44   66   61   43   58   65   61   52   56  159  152  156  137  158  153  125  129  155  140  233  228  236  229  229  215  227  224  100   86   98   79   91   78   80   91   98   95   85   97   40   49   28   39   44   41   32   60   45   56   56   57   40   47   56   53   64   61   19   20   19   20   22   19   27   20   72   64   59   64   81   69   76   58   74   73   56   55   70   62   45   60   53   50   51   46   45   50   36   58   43   49   54   51   46   45   41   39  145  145  160  148  158  164  152  144  142  146  148  155  148  151  161  155  146   88  126  124  128  124  126  118  116  115  114  115  133  112  129  112  131  110  156  148  137  151  154  150  153  149  134  134   94   94   94   92  159  151  158  160  147  159  157  149  119  105  114  
 22   13    6    0    6   23   16   17   16   40   22  165  162  160  159  153  148  163  156  150  165  142  163  152  152  199  205  207  194  194  210  203  198  163  158  174  171  170   55   63   55   50   44   63   46   67   63   45   59   66   64   54   59  158  151  155  136  157  151  129  133  159  143  237  232  240  232  233  219  230  228  104   90  102   84   95   83   85   96  102  100   90  101   35   43   22   35   39   36   27   55   41   51   52   52   36   43   52   48   60   56   24   24   24   22   27   20   30   26   66   58   53   59   76   64   70   52   68   68   51   49   64   59   41   58   48   45   50   44   42   47   34   56   39   47   53   48   45   42   38   35  150  150  165  153  163  169  157  149  147  151  153  160  153  156  166  160  150   93  121  119  124  119  122  114  112  110  109  110  128  107  125  107  126  106  158  149  138  153  155  152  154  151  136  136   95   94   95   93  165  157  164  166  153  165  163  155  113  100  108  
 21    9    8    6    0   22   22   18   17   39   19  165  162  161  158  153  148  163  155  149  165  142  163  152  152  192  199  200  188  187  203  196  191  166  161  177  174  173   60   68   59   55   50   69   52   73   68   50   65   72   68   60   64  152  145  150  130  151  146  132  136  162  147  231  226  234  226  227  213  224  222   99   85   97   79   90   78   80   90   97   94   85   96   40   47   27   41   44   42   33   61   47   57   58   57   42   49   58   54   66   62   27   27   26   27   29   26   35   28   70   62   58   62   80   69   75   56   72   72   56   53   68   65   47   64   54   51   56   51   49   53   41   62   45   53   59   54   51   49   44   41  152  153  167  156  165  171  159  151  149  153  156  162  155  158  168  162  153   96  119  117  121  118  119  111  109  107  107  108  126  105  122  105  123  103  151  143  132  146  149  145  148  145  129  129  101  100  101   99  164  156  162  165  152  164  161  153  114  100  110  
  3   15   17   23   22    0   27    6    7   17    7  143  140  138  136  130  125  140  133  127  143  120  141  129  130  197  205  205  193  194  210  202  198  146  141  157  154  154   47   54   45   43   42   61   41   64   56   42   59   64   55   49   51  163  157  162  142  164  158  112  116  142  128  223  218  227  221  221  207  219  216   90   75   87   67   82   68   70   82   88   85   74   88   55   64   43   51   59   55   47   73   58   69   67   71   53   59   67   67   76   73   12   15   12   24    9   23   24   11   87   80   73   81   96   84   91   74   90   88   70   70   86   73   58   68   65   62   57   55   54   61   44   65   55   57   59   62   53   53   52   51  130  132  146  135  143  150  137  129  127  131  134  141  133  137  147  140  132   76  141  139  142  140  140  132  131  129  128  130  147  126  144  126  145  124  154  147  137  149  152  148  152  147  132  133   94   95   92   90  143  135  141  144  131  143  140  133  136  122  131  
 28   25   17   16   22   27    0   21   20   42   29  163  160  157  156  150  145  160  152  147  162  141  160  149  149  214  221  223  210  210  225  218  214  152  148  163  161  159   41   49   42   36   29   48   32   51   48   29   43   50   50   40   45  174  167  171  152  173  167  119  122  148  132  249  244  252  245  246  232  243  240  115  101  112   93  107   93   96  107  114  110  100  113   31   41   21   24   34   29   23   46   31   42   41   45   27   32   41   41   49   47   20   17   20    9   26    7   18   22   62   55   47   57   70   58   66   49   66   63   44   46   62   47   31   43   39   35   34   30   29   35   19   41   28   32   37   36   29   28   26   25  143  141  157  143  154  161  149  140  140  143  144  151  146  147  158  153  141   83  131  129  135  129  134  126  123  122  121  120  140  118  136  119  138  118  173  165  154  168  171  167  170  166  151  151   79   78   79   78  166  157  165  167  153  165  162  157  117  105  111  
  7   12   12   17   18    6   21    0    2   23    9  148  145  143  141  136  130  146  138  132  148  125  146  135  135  199  207  207  195  196  211  203  199  148  144  160  157  156   47   54   45   42   40   59   40   63   56   40   56   62   55   48   50  163  157  162  142  163  158  115  119  145  130  228  223  232  225  225  211  223  220   94   80   91   72   86   72   75   86   93   89   78   92   50   59   38   45   54   49   42   67   52   63   62   65   48   54   62   62   71   68   11   13   11   20   11   19   22   11   81   74   68   75   90   78   86   68   84   83   65   65   80   68   52   64   60   57   53   50   50   56   39   61   50   52   55   57   49   49   47   46  134  135  149  138  147  154  141  133  131  135  138  144  137  140  150  144  135   78  137  135  139  136  137  129  127  125  124  126  144  122  140  123  141  120  156  148  138  151  154  150  154  149  134  135   92   93   91   89  148  140  147  149  136  148  145  138  131  117  126  
  8   12   11   16   17    7   20    2    0   24   10  149  146  144  142  137  131  147  139  134  149  126  147  136  136  200  208  208  196  197  212  204  200  149  144  160  157  156   46   53   44   41   39   58   39   61   55   39   55   61   54   47   49  164  158  162  143  164  159  115  119  145  130  229  224  233  226  227  213  224  222   96   81   93   74   88   74   76   88   94   91   80   94   48   57   36   44   52   48   40   66   51   62   60   64   46   52   60   60   69   66   10   12   10   18   11   18   21   11   80   73   66   74   89   77   84   66   83   81   63   63   79   66   51   62   58   55   51   49   48   54   38   59   48   51   54   56   47   47   45   44  134  135  150  138  147  154  141  133  131  135  138  145  138  141  151  145  135   79  136  135  138  135  136  128  127  125  124  126  143  122  140  122  141  120  158  150  140  152  156  152  155  151  135  136   91   91   90   88  149  141  148  150  137  149  146  140  130  116  124  
 18   31   34   40   39   17   42   23   24    0   20  126  123  122  119  114  109  124  116  111  127  103  124  113  113  197  206  205  194  196  210  202  199  134  130  147  142  143   49   54   45   46   49   65   46   69   58   49   66   69   55   52   52  169  163  168  148  169  165  101  106  131  119  214  209  218  213  213  198  211  208   80   66   76   57   74   59   62   74   80   76   64   80   72   81   60   66   76   71   64   88   73   84   81   87   69   74   81   83   90   89   23   26   23   37   17   37   33   20  104   96   89   97  112  100  108   90  107  105   86   87  103   87   73   80   81   77   68   68   68   75   57   77   70   69   69   76   65   66   66   66  115  119  132  122  130  137  123  116  113  117  122  128  119  124  133  126  119   66  156  155  157  155  154  147  145  143  143  145  162  141  159  141  159  138  153  146  137  148  151  147  152  146  130  132   98  100   95   92  126  117  124  126  113  125  123  116  153  139  148  
  4   11   16   22   19    7   29    9   10   20    0  146  143  142  139  134  129  144  137  131  147  123  144  133  133  191  199  199  187  188  203  195  191  152  147  164  160  160   54   61   52   50   48   67   48   71   63   49   65   71   62   55   58  156  150  155  135  157  151  118  123  149  135  219  214  223  216  217  202  214  212   86   71   83   64   77   64   66   78   84   81   70   84   56   64   44   53   60   56   48   75   60   71   70   72   55   62   70   69   79   75   18   21   18   28   16   28   30   17   87   80   74   80   97   85   92   74   90   89   72   70   85   76   60   72   67   64   62   59   58   64   48   70   57   61   64   65   57   57   55   53  135  137  151  140  149  156  142  135  132  136  140  147  138  142  152  146  137   82  136  135  137  135  135  127  125  123  123  125  142  121  139  121  139  118  148  140  130  143  146  142  145  141  125  126  100  101   99   96  145  137  143  145  133  145  142  134  134  119  129  
144  157  160  165  165  143  163  148  149  126  146    0    5   15    7   13   18    5   13   16   10   24    9   13   17  257  271  263  258  265  274  263  264   89   89  100   86   99  139  135  134  141  151  152  146  153  141  151  159  155  136  144  138  258  256  260  242  261  259   86   92   92  102  207  202  212  216  214  201  216  213  129  127  123  119  134  126  129  135  133  128  122  134  194  203  183  183  197  190  186  203  190  200  193  205  187  189  194  201  202  204  144  146  144  155  139  156  146  142  224  218  208  220  230  218  228  212  228  224  205  209  225  197  190  185  197  192  173  178  180  188  170  183  187  178  173  189  173  178  182  183   53   74   61   76   65   68   56   67   55   59   74   72   52   68   63   57   72   98  280  279  278  279  275  268  268  265  265  269  283  264  281  264  280  259  214  212  211  211  214  212  219  208  197  201  168  173  162  156   29   20   32   32   27   20   19   39  279  265  273  
140  153  156  162  162  140  160  145  146  123  143    5    0   19    5   12   16    9   14   14   15   20   13   11   18  252  266  257  252  260  269  258  259   92   92  104   90  102  137  134  133  139  149  150  144  152  140  149  158  154  134  143  136  253  251  255  237  256  254   87   94   95  104  202  197  207  211  209  196  211  208  124  122  118  115  129  121  124  130  128  123  117  129  191  201  181  181  194  188  183  201  188  198  191  203  185  187  192  199  200  202  141  143  141  153  136  153  144  139  221  215  206  217  228  216  226  210  226  222  203  206  222  195  188  183  195  190  171  176  178  185  168  181  184  176  171  187  171  176  180  181   56   77   64   79   69   72   59   69   58   62   77   75   55   71   67   61   74   97  276  275  274  275  271  264  264  261  261  265  279  260  277  260  276  255  209  207  205  206  209  207  214  203  192  196  168  173  161  156   25   15   28   28   21   16   14   34  276  262  270  
139  153  155  160  161  138  157  143  144  122  142   15   19    0   15   12   16   10    8   16    7   26    7   15    9  265  279  271  265  272  282  271  271   74   74   85   71   84  129  126  125  132  143  141  137  143  131  142  149  145  126  135  128  263  260  264  246  265  263   71   78   77   87  220  215  225  228  227  214  228  226  135  131  128  122  138  129  132  140  138  133  126  140  187  197  177  176  190  183  179  195  183  193  185  198  180  181  185  194  193  196  138  140  138  149  133  149  139  136  216  211  201  213  222  210  220  205  221  217  197  202  218  188  182  175  189  184  164  170  172  179  163  174  179  169  163  181  164  169  174  176   38   59   46   61   50   53   40   51   40   44   59   56   37   53   48   42   56   87  277  276  277  277  274  267  266  263  263  267  282  262  279  262  279  258  221  218  216  218  221  219  225  215  203  207  156  161  149  144   44   32   46   46   38   34   33   52  273  260  267  
137  150  153  159  158  136  156  141  142  119  139    7    5   15    0    8   12    7    9    9   13   17   10    7   13  252  266  258  253  260  269  258  259   88   88  100   86   99  133  130  128  135  145  146  139  148  135  145  153  150  130  138  132  253  250  254  236  256  253   82   89   91  100  205  199  209  213  212  199  213  211  124  121  117  113  128  120  123  129  127  123  116  129  187  197  177  177  190  184  179  197  184  194  187  199  181  183  188  195  196  198  137  139  137  149  132  150  140  135  217  211  202  214  224  212  222  206  222  218  199  202  218  191  184  179  191  186  167  172  174  181  164  177  180  172  167  183  167  172  176  177   51   72   61   74   65   68   55   65   53   57   73   71   51   67   63   57   70   93  273  272  272  273  268  262  261  259  258  263  277  258  275  257  274  253  209  207  205  206  209  207  214  203  192  196  163  168  157  151   28   17   31   31   23   20   18   36  272  258  267  
131  144  147  153  153  130  150  136  137  114  134   13   12   12    8    0    5   10    4    4   14   14   11    3    7  253  266  258  253  260  269  258  259   82   82   94   81   93  125  122  121  128  138  138  132  140  128  138  146  142  123  131  125  251  248  253  234  254  251   75   82   85   92  209  203  213  217  215  202  217  214  123  119  116  111  127  118  121  128  126  121  114  127  181  191  171  170  184  177  173  190  177  187  180  192  174  176  181  188  189  191  131  133  131  142  126  143  133  129  211  205  195  207  217  205  215  199  216  211  192  196  212  184  177  171  184  179  160  165  167  174  157  170  174  165  160  176  160  165  169  171   45   66   55   68   59   63   49   58   47   51   66   65   45   61   58   51   63   85  268  267  267  268  264  257  256  254  254  258  272  253  270  252  269  248  209  206  204  206  209  207  213  203  191  195  156  160  149  143   35   22   37   37   27   26   24   41  266  253  261  
126  139  142  148  148  125  145  130  131  109  129   18   16   16   12    5    0   15    9    3   19   10   16    5    8  249  263  255  249  256  266  255  255   82   81   95   82   93  121  118  116  123  133  134  128  136  124  133  141  138  118  126  120  246  243  248  229  249  247   73   80   84   91  207  202  212  215  213  200  215  212  119  115  112  106  122  113  116  123  122  117  109  123  176  186  166  165  179  172  168  186  172  183  176  187  169  171  176  183  184  186  126  128  126  137  121  138  128  124  206  200  190  202  212  200  210  194  211  206  187  191  207  179  172  167  179  174  155  160  162  170  153  165  169  160  155  171  155  160  164  166   45   65   56   68   60   65   50   58   46   51   66   65   45   61   59   52   63   81  263  262  262  262  259  252  251  249  249  253  267  248  265  247  264  243  205  202  200  202  205  203  209  199  187  191  152  157  145  140   36   23   38   39   26   28   26   40  261  247  255  
141  154  157  163  163  140  160  146  147  124  144    5    9   10    7   10   15    0    8   13    6   23    4   11   13  259  273  264  259  266  276  265  265   84   84   95   82   94  135  132  131  137  148  148  142  149  137  148  155  151  132  140  134  259  256  261  242  262  260   81   87   87   97  211  205  215  219  218  205  220  217  130  127  123  119  135  126  129  136  134  129  122  135  191  201  181  180  194  187  183  200  187  197  190  202  184  186  190  198  199  200  141  143  141  152  136  153  143  139  220  215  205  217  226  215  225  209  225  221  202  206  222  194  187  181  194  189  169  175  177  184  167  179  183  175  169  186  170  174  179  180   48   69   56   71   60   64   51   62   50   54   69   67   47   63   59   53   67   94  278  277  277  278  274  267  266  264  264  268  282  263  280  262  279  258  215  213  212  213  216  214  220  210  198  202  164  169  157  152   33   23   37   36   29   24   23   43  276  263  271  
134  147  150  156  155  133  152  138  139  116  137   13   14    8    9    4    9    8    0    8   10   18    8    7    5  257  271  263  257  264  273  263  263   79   79   91   78   90  127  123  122  129  140  139  134  141  129  139  147  143  123  132  126  255  252  257  238  258  255   73   80   82   90  213  207  217  221  219  206  221  218  127  123  120  115  131  122  125  132  130  125  118  132  183  193  173  172  186  179  175  192  179  189  182  194  176  178  182  190  190  192  133  135  133  144  129  145  135  131  212  207  197  209  218  207  217  201  217  213  194  198  214  185  179  173  186  181  161  166  168  176  159  171  175  166  161  178  161  166  171  172   42   63   52   65   56   60   46   56   44   48   63   62   42   58   55   48   61   86  271  270  270  271  267  260  260  257  257  261  275  256  273  256  272  251  213  211  208  210  213  211  218  207  195  199  156  160  149  143   37   25   40   40   31   29   27   44  269  255  263  
128  141  144  150  149  127  147  132  134  111  131   16   14   16    9    4    3   13    8    0   18   10   15    2    9  249  262  254  249  256  265  254  255   84   84   97   84   95  123  121  119  125  136  137  130  139  126  136  144  141  121  129  123  247  244  249  230  250  247   76   83   87   94  206  200  210  213  212  199  213  211  119  115  112  107  122  114  117  124  122  117  110  123  178  188  168  168  181  175  170  188  175  185  178  190  172  173  178  186  187  188  128  130  128  140  123  140  131  126  208  202  193  205  214  203  212  197  213  209  190  193  209  182  174  169  181  177  158  163  164  172  155  168  171  163  157  174  158  162  166  168   47   68   58   70   62   66   52   60   48   53   68   67   47   63   61   54   65   84  265  264  263  264  260  254  253  250  250  254  268  249  266  249  266  245  205  202  200  202  205  203  209  199  187  191  155  159  148  143   33   20   35   36   24   25   23   38  263  249  258  
144  157  160  165  165  143  162  148  149  127  147   10   15    7   13   14   19    6   10   18    0   28    3   16   13  265  279  271  265  272  282  271  271   79   79   90   76   89  135  132  131  138  149  148  143  149  137  148  156  151  132  141  134  264  261  266  248  267  265   78   84   82   93  217  212  222  226  224  211  226  223  136  133  129  124  140  131  134  141  139  134  127  141  192  202  183  182  195  189  185  201  189  198  191  203  185  187  191  200  199  202  143  145  143  154  139  155  145  141  222  216  206  219  228  216  226  211  227  223  203  207  223  194  188  181  195  190  170  176  178  185  168  180  185  175  170  187  170  175  180  182   44   65   50   66   55   58   46   57   46   50   65   62   43   59   53   47   62   93  281  280  280  281  277  271  270  267  267  271  286  266  283  266  283  262  221  219  217  218  222  219  226  216  204  208  163  168  156  150   39   29   43   42   36   30   29   49  279  265  273  
120  133  136  142  142  120  141  125  126  103  123   24   20   26   17   14   10   23   18   10   28    0   25   12   18  239  252  245  239  246  255  245  245   90   89  103   90  101  119  117  114  120  131  133  125  135  122  131  140  137  117  125  119  237  234  238  220  240  237   78   86   92   97  198  193  203  205  204  191  205  202  109  105  102   97  112  104  107  113  112  107  100  113  171  181  161  162  175  169  163  182  169  179  173  184  165  168  173  180  181  183  121  123  121  133  116  134  125  119  202  196  186  198  208  197  206  190  206  203  183  186  203  177  168  165  176  171  153  157  159  167  149  163  165  157  153  168  153  157  161  162   53   73   66   76   69   74   58   65   54   59   74   74   54   70   69   61   71   82  256  255  254  255  251  245  244  241  241  246  259  240  258  240  257  236  195  192  190  192  195  193  199  189  177  181  153  157  146  141   31   19   33   34   20   26   23   32  256  242  250  
142  155  157  163  163  141  160  146  147  124  144    9   13    7   10   11   16    4    8   15    3   25    0   13   11  262  276  268  263  270  279  268  269   80   80   91   78   90  134  130  130  136  147  146  141  148  136  147  154  150  130  139  133  262  259  263  245  264  262   78   84   83   93  215  210  220  224  222  209  224  221  133  130  126  122  137  129  131  138  137  132  125  138  190  200  180  180  193  187  183  199  187  197  189  201  183  185  189  198  198  200  141  143  141  152  136  153  143  139  220  214  204  217  226  214  224  209  225  221  201  205  221  193  186  180  193  188  168  174  176  183  167  178  183  174  168  185  169  174  178  180   44   65   52   67   56   59   47   58   47   50   65   63   43   59   54   48   63   92  279  278  278  278  275  268  267  265  265  268  283  264  281  263  280  259  219  216  215  216  219  217  223  213  201  205  162  167  155  149   38   27   41   41   33   28   27   47  276  263  270  
130  143  146  152  152  129  149  135  136  113  133   13   11   15    7    3    5   11    7    2   16   12   13    0   10  250  263  255  250  257  266  255  256   85   84   97   84   96  126  123  121  127  138  139  132  141  128  138  146  143  123  131  125  248  245  250  231  251  249   77   84   87   95  205  200  210  214  212  199  213  211  120  117  113  108  124  115  118  125  123  118  111  125  180  190  170  170  183  177  172  190  177  187  180  192  174  176  180  188  189  190  130  132  130  142  125  143  133  128  210  204  195  207  216  205  215  199  215  211  192  195  211  184  177  171  184  179  160  165  167  174  157  170  173  165  160  176  160  164  169  170   48   69   59   71   62   67   52   61   49   54   69   68   48   64   61   54   66   86  267  266  265  266  262  255  255  252  252  256  270  251  268  251  268  247  206  203  201  203  206  204  210  200  188  192  157  161  150  144   32   19   34   35   24   24   22   37  265  251  260  
131  144  146  152  152  130  149  135  136  113  133   17   18    9   13    7    8   13    5    9   13   18   11   10    0  257  271  263  257  264  274  263  263   75   75   88   74   86  122  119  118  125  135  135  130  137  125  135  143  139  119  128  121  254  251  256  237  257  254   69   76   78   86  215  210  220  223  221  208  223  220  127  122  120  114  130  120  124  131  130  125  117  131  179  189  169  168  182  176  171  188  175  185  178  190  172  174  178  186  186  188  130  132  130  141  125  142  132  128  208  203  193  206  214  203  213  197  214  209  190  194  210  181  175  168  182  177  157  162  164  172  155  167  171  162  156  174  157  162  167  168   38   59   49   61   53   57   43   52   40   44   60   58   38   55   52   45   57   81  268  267  268  268  265  258  257  255  254  258  273  253  270  253  270  249  213  210  208  210  213  211  217  207  195  199  151  156  144  139   41   29   44   44   33   33   31   47  265  252  259  
195  190  198  199  192  197  214  199  200  197  191  257  252  265  252  253  249  259  257  249  265  239  262  250  257    0   16    8    8   19   17    6   11  315  312  329  319  326  244  251  242  240  239  258  239  262  254  239  255  261  251  246  248   66   73   72   79   71   77  287  294  314  307  120  120  120  103  107  103  100  100  133  142  140  153  133  147  143  132  131  136  147  130  223  225  214  231  226  228  219  245  234  242  247  239  230  239  247  237  253  246  209  212  209  217  206  216  221  208  242  234  238  230  253  246  245  230  239  244  238  229  234  253  235  256  240  239  248  242  240  243  233  254  234  245  251  244  243  241  235  231  284  297  300  300  301  307  291  291  283  288  299  303  286  298  302  294  296  258  186  188  170  189  166  168  172  169  171  183  173  176  178  173  171  165   46   52   61   50   47   50   46   52   67   66  291  292  290  287  234  238  230  232  231  241  241  220  234  217  238  
202  197  204  205  199  205  221  207  208  206  199  271  266  279  266  266  263  273  271  262  279  252  276  263  271   16    0   16   14   12    5   11    8  327  324  340  332  337  252  259  250  248  246  265  246  269  262  247  262  269  260  254  256   62   69   68   78   66   73  298  305  326  318  135  135  135  118  121  118  114  114  145  153  153  164  145  158  155  144  143  148  159  142  227  228  219  236  231  233  224  250  239  246  252  243  235  243  252  241  258  250  217  220  217  224  214  223  229  216  245  237  242  232  256  249  247  233  241  247  241  232  237  258  240  262  245  244  255  248  246  248  239  259  240  251  258  249  249  246  240  236  296  309  312  312  313  320  303  303  295  300  311  315  298  310  315  307  308  269  183  185  166  185  162  165  169  167  169  180  169  173  174  171  167  163   58   62   69   61   58   61   55   64   78   76  298  299  297  295  248  252  245  246  245  256  255  235  232  216  237  
202  198  206  207  200  205  223  207  208  205  199  263  257  271  258  258  255  264  263  254  271  245  268  255  263    8   16    0   15   24   15    7   16  322  319  335  326  332  252  259  249  248  247  266  247  270  261  247  263  269  259  254  255   73   80   79   87   78   84  293  300  321  314  119  119  118  101  105  103   98   98  140  149  147  160  140  154  150  139  137  143  154  136  231  233  222  239  235  236  227  254  243  250  255  247  238  247  255  245  261  255  217  220  217  225  214  224  229  216  251  243  247  238  262  254  253  238  247  253  246  237  243  262  243  264  248  248  256  251  249  252  241  262  243  253  259  252  252  249  243  239  290  304  306  307  307  313  297  298  289  294  306  309  292  304  308  301  302  266  194  196  178  196  173  176  180  177  179  191  180  183  186  181  178  173   53   59   69   57   54   57   53   60   75   73  299  300  298  295  239  243  235  237  236  246  246  225  242  225  246  
191  186  193  194  188  193  210  195  196  194  187  258  252  265  253  253  249  259  257  249  265  239  263  250  257    8   14   15    0   12   17    9    6  313  310  327  318  324  240  247  238  236  235  254  235  258  250  235  251  257  248  242  244   58   65   65   72   63   70  285  291  312  305  127  126  127  110  113  109  106  106  132  140  139  151  131  145  141  130  129  135  145  128  218  219  209  226  221  223  214  240  229  236  242  233  225  233  242  231  248  241  205  208  205  213  202  212  217  204  236  229  233  224  247  240  239  224  233  238  232  223  228  248  230  251  235  234  244  238  235  238  228  249  229  240  247  239  239  236  230  226  283  296  299  299  300  306  290  290  282  287  298  302  285  297  301  293  294  256  179  181  163  181  158  161  165  162  164  176  165  168  171  166  163  158   44   49   57   48   45   48   42   51   65   63  287  287  286  283  235  238  231  233  231  242  241  221  227  210  231  
192  186  193  194  187  194  210  196  197  196  188  265  260  272  260  260  256  266  264  256  272  246  270  257  264   19   12   24   12    0   17   17    8  318  315  332  323  329  242  248  239  237  235  255  235  258  251  236  251  258  249  243  245   50   57   56   66   54   61  289  295  317  309  139  138  139  122  125  121  119  118  138  145  145  156  136  150  146  135  135  140  150  134  216  216  207  224  219  221  212  238  228  234  240  231  223  232  240  229  246  239  206  209  206  213  203  212  218  205  233  225  230  220  244  237  235  221  229  235  229  220  225  246  228  250  233  232  243  237  234  237  228  248  228  239  246  237  238  235  228  225  288  301  305  304  305  312  296  295  287  292  303  307  290  302  307  299  299  259  171  173  155  174  150  154  157  155  157  169  157  161  163  159  155  151   51   54   59   54   51   53   47   57   70   67  287  287  286  284  243  246  239  241  239  250  249  229  220  204  225  
207  202  209  210  203  210  225  211  212  210  203  274  269  282  269  269  266  276  273  265  282  255  279  266  274   17    5   15   17   17    0   11   12  330  327  344  335  341  257  263  254  253  251  270  251  274  266  251  267  273  264  258  260   66   74   72   83   71   78  301  308  329  322  134  134  133  116  120  118  113  113  149  157  156  168  148  162  158  147  146  152  162  145  232  233  224  241  235  238  229  254  244  251  257  247  240  248  257  246  262  255  221  224  221  229  218  228  233  220  250  242  247  237  261  254  252  238  246  252  246  237  242  263  245  266  249  249  259  253  251  253  244  264  244  255  262  254  254  251  245  241  299  312  316  316  317  323  307  307  298  304  315  318  301  314  318  310  311  272  187  190  171  190  167  170  174  171  173  185  173  178  179  176  171  168   61   66   73   65   62   65   59   67   82   79  303  303  302  299  251  254  247  249  248  258  257  237  237  220  242  
199  194  202  203  196  202  218  203  204  202  195  263  258  271  258  258  255  265  263  254  271  245  268  255  263    6   11    7    9   17   11    0    9  320  317  334  325  331  249  255  246  245  243  262  243  266  258  243  259  266  256  250  252   66   73   72   80   71   77  292  299  319  312  125  125  124  107  111  108  104  104  138  147  145  158  138  152  148  137  136  141  152  135  226  228  217  234  230  232  222  249  238  245  251  242  233  242  251  240  256  249  213  216  213  221  210  220  225  212  245  237  241  232  256  249  247  233  241  247  241  232  237  257  238  260  243  243  252  246  244  247  237  257  238  249  255  247  247  244  238  235  289  302  305  306  306  313  296  297  288  293  305  308  291  303  308  300  301  263  187  189  171  189  166  169  173  170  172  184  173  176  179  174  171  166   51   56   65   55   52   55   50   57   72   70  295  296  294  291  239  243  236  238  237  247  246  226  235  218  239  
195  190  197  198  191  198  214  199  200  199  191  264  259  271  259  259  255  265  263  255  271  245  269  256  263   11    8   16    6    8   12    9    0  319  316  333  324  330  245  252  242  241  239  258  239  262  254  239  255  261  252  247  248   58   65   64   73   62   69  290  297  318  311  132  131  132  115  118  115  111  111  138  146  145  157  137  151  147  136  135  140  151  134  221  222  212  229  224  226  217  243  232  239  245  236  228  237  245  234  251  244  209  212  209  217  206  216  221  209  239  231  236  226  250  243  241  227  235  241  235  226  231  251  233  255  238  237  247  241  239  242  232  252  233  244  250  242  242  239  233  229  288  301  305  305  306  312  296  296  287  293  304  307  291  303  307  299  300  261  178  181  162  181  158  161  165  162  164  176  165  169  171  166  163  158   50   54   61   54   50   53   48   56   70   68  291  291  290  288  241  244  237  239  238  248  248  227  227  211  232  
148  160  159  163  166  146  152  148  149  134  152   89   92   74   88   82   82   84   79   84   79   90   80   85   75  315  327  322  313  318  330  320  319    0    5   14   10   11  113  106  111  118  128  117  123  116  109  127  126  118  106  117  110  299  294  299  279  300  296   34   31    6   26  288  282  292  294  293  279  294  291  182  173  175  163  182  169  172  183  184  179  168  185  177  187  172  163  179  172  171  177  169  176  166  182  167  165  166  179  172  177  139  139  139  144  138  145  134  138  200  197  185  202  202  192  204  193  207  200  182  190  205  167  168  152  173  168  144  152  155  161  149  151  165  151  142  163  147  153  160  163   37   18   30   15   24   24   33   25   36   31   17   17   37   21   27   32   20   70  283  281  287  282  285  277  275  273  272  273  291  270  287  270  289  268  269  265  260  265  269  266  272  263  249  252  115  120  108  104  116  104  119  119  108  108  106  122  265  256  257  
144  156  154  158  161  141  148  144  144  130  147   89   92   74   88   82   81   84   79   84   79   89   80   84   75  312  324  319  310  315  327  317  316    5    0   17   14   14  109  101  107  113  123  112  118  112  105  123  121  114  101  112  106  295  290  295  275  297  293   29   26    3   21  286  281  291  292  291  277  292  289  179  170  172  159  179  165  169  180  181  176  165  182  173  182  167  159  174  167  167  172  164  171  161  177  163  160  161  174  167  172  135  135  135  139  133  141  130  134  195  192  181  197  197  188  199  189  202  195  178  185  200  162  163  147  168  164  139  147  150  157  145  146  160  146  137  158  142  148  155  159   37   16   31   14   25   26   33   24   35   31   15   18   37   21   29   32   18   66  279  277  282  277  280  272  270  269  268  268  287  265  283  266  285  264  266  262  256  262  266  263  268  260  245  248  111  116  104   99  116  104  119  119  108  107  106  121  260  251  252  
160  172  170  174  177  157  163  160  160  147  164  100  104   85  100   94   95   95   91   97   90  103   91   97   88  329  340  335  327  332  344  334  333   14   17    0   14    4  123  115  121  127  137  125  132  124  118  137  134  126  115  126  120  312  307  312  292  314  309   46   41   15   32  301  295  306  308  306  293  307  304  196  187  189  176  196  182  186  197  198  193  182  199  187  196  182  172  188  181  181  185  177  184  174  190  176  174  174  187  179  185  151  150  151  154  149  156  145  150  208  206  194  211  210  200  212  202  215  208  191  199  213  174  177  159  181  177  152  161  164  170  159  159  173  159  150  171  155  161  169  172   50   32   40   29   35   32   45   39   50   44   30   29   50   34   37   43   34   81  294  292  298  292  296  288  286  284  283  283  302  281  298  281  300  279  283  278  273  279  282  279  285  277  262  265  120  125  113  109  128  116  131  131  121  119  118  134  274  265  265  
156  168  167  171  174  154  161  157  157  142  160   86   90   71   86   81   82   82   78   84   76   90   78   84   74  319  332  326  318  323  335  325  324   10   14   14    0   14  122  115  120  127  137  126  132  126  119  137  135  128  115  126  120  305  301  305  286  307  303   42   40   15   36  289  283  293  296  294  281  295  292  186  178  179  168  187  174  177  188  189  183  173  190  187  196  181  173  188  181  181  187  178  185  175  191  177  175  175  188  182  187  148  148  148  153  146  154  143  146  210  207  195  211  212  202  213  203  216  210  192  199  214  176  177  161  182  178  153  162  164  171  159  161  174  160  151  172  156  162  169  173   38   23   26   20   22   19   32   28   38   32   20   17   37   22   23   30   24   79  292  290  295  290  293  285  283  282  281  281  300  278  296  279  297  277  274  270  265  270  273  271  276  268  254  257  125  130  118  113  115  103  118  118  108  106  104  121  274  265  266  
156  168  166  170  173  154  159  156  156  143  160   99  102   84   99   93   93   94   90   95   89  101   90   96   86  326  337  332  324  329  341  331  330   11   14    4   14    0  119  112  117  123  133  121  129  120  114  133  130  123  111  122  116  309  304  309  289  310  306   42   37   12   28  299  293  304  305  304  290  305  302  193  184  186  173  193  179  183  194  195  190  179  196  183  192  178  168  184  177  177  181  174  180  170  187  173  170  170  184  176  181  147  146  147  151  145  152  141  146  204  202  190  207  206  197  208  198  211  204  187  195  209  170  173  156  177  173  148  157  160  166  155  155  170  155  146  167  151  158  165  169   48   29   39   26   34   32   44   36   47   42   28   28   48   32   36   42   31   78  290  288  294  288  292  284  282  280  279  279  299  277  294  277  296  276  280  275  270  276  279  276  282  273  259  262  117  122  110  105  127  115  130  130  119  118  116  133  270  261  262  
 50   58   52   55   60   47   41   47   46   49   54  139  137  129  133  125  121  135  127  123  135  119  134  126  122  244  252  252  240  242  257  249  245  113  109  123  122  119    0    8    5    5   15   17   10   20    9   14   22   21    9    6    4  210  204  208  188  210  204   81   83  109   91  261  256  265  261  261  246  259  256  129  115  124  105  122  107  110  123  128  124  112  128   64   74   59   50   66   59   58   67   56   65   56   71   55   53   56   67   64   67   36   34   36   34   39   35   25   36   89   85   74   89   93   82   93   81   95   89   71   77   93   59   56   46   61   57   34   41   44   51   37   44   52   40   34   52   36   41   47   50  109  103  122  106  118  124  114  104  105  108  106  113  112  110  122  117  104   46  171  169  177  170  175  167  164  163  162  161  181  159  176  160  179  159  201  193  184  195  199  195  199  194  178  179   49   51   46   43  148  137  148  150  135  145  142  142  152  142  145  
