200

  0   71   53   72   73   49   65   64   57   71   55   62   73   64   67   61  155  166  141  155  152  152  192  191  194  196  214  197  214  212  214  207  212  196  214  204  215  195  206  189  176  180  186  171  168  180  221  215  234  207  236  218  214  232  241  219  229  223  212  275  281  261  260  301  309  301  296  306  301  283  291  291  297  291  311  288  295  293  283  283  278  288  302  280  280  284  301  281  281  289  286  274  279  288  202  210  196  225  196  199  211  194  216  201  217  218  209  238  221  217  212  226  214  241  237   83  172  157  162  154  154  152  177  152  173  174  158  164  164  165  154  152  158  117  133  146  119  128  115  258  253  245  263  260  263  249  258  243  235  251  257  245  241  174  163  169  154  174  171  168  173  159  165  162  151  171  170  157  161  167   60   48   45   58  303  308  280  285  283  290  301  303  295  295  295  299  297  300  298  226  221  219  226  233  240  238  250  226  234  231  
 71    0   19   14   10   22   14   15   17   14   20   10    4   16    4   11  109  122  103  119  110  113  126  125  128  128  146  132  146  143  148  141  146  127  146  137  150  131  139  146  128  134  141  126  126  139  174  171  193  163  193  177  171  191  196  178  183  175  168  206  213  194  190  241  246  243  235  244  235  216  226  225  230  224  245  221  229  232  224  220  216  228  241  219  220  225  241  223  222  230  225  212  219  227  172  175  165  192  168  173  184  164  185  173  191  163  155  183  168  164  156  174  160  187  185   35  108   90   97   88   89   85  113   87  107  109   96  101   96  102   88   86   97   86  105  109   93   91   85  196  192  184  204  201  205  190  198  183  175  194  197  185  183  104   93   99   88  106  101  101  104   92   97   93   82  102  100   90   91   97   22   41   29   31  233  238  210  215  213  220  231  233  225  226  227  229  228  230  230  157  152  149  158  166  171  171  182  157  167  163  
 53   19    0   27   20   11   12   11   16   27    3   13   23   12   15   15  124  137  116  131  124  127  145  144  147  147  165  151  165  162  167  160  165  146  165  156  169  150  158  161  144  150  156  141  140  153  179  175  196  167  197  180  175  194  201  181  188  181  172  225  232  213  209  260  265  261  254  263  254  235  245  244  249  243  265  240  249  250  243  239  235  247  259  238  238  243  259  241  240  249  244  231  237  245  171  176  164  192  166  171  183  163  184  172  189  180  172  200  185  181  174  191  177  204  202   47  120  104  110  102  102   99  125  100  120  122  107  112  111  113  101   99  108   83  102  109   89   91   81  215  211  202  222  219  223  208  216  202  193  212  215  203  201  120  109  116  102  121  117  115  120  106  112  108   97  118  117  105  107  113   25   36   20   32  250  254  227  232  229  237  247  250  241  241  242  246  244  246  245  172  168  165  173  180  187  186  197  173  181  178  
 72   14   27    0   24   24   27   28   15    1   30   14   11   29   15   13   97  109   90  106   97  100  121  120  123  124  142  126  142  140  143  136  140  123  142  133  144  124  134  134  116  122  129  114  113  126  186  184  206  176  205  190  184  204  209  191  195  187  180  203  209  189  187  233  239  234  228  237  230  211  220  219  225  220  240  217  224  224  216  213  209  220  233  212  212  217  233  214  214  222  218  205  211  219  186  189  179  206  182  187  198  177  198  187  205  153  145  173  158  154  146  164  150  177  174   22  116   97  105   95   97   92  121   95  115  117  105  110  102  110   95   95  107  100  119  122  107  104   99  189  184  176  196  192  197  181  190  175  167  185  189  177  174  108   96  102   96  112  107  107  110   98  104   99   89  108  104   97   96  102   14   33   27   21  236  241  214  217  216  223  234  237  228  231  232  233  233  234  235  162  158  154  164  172  176  177  188  161  172  168  
 73   10   20   24    0   27    9   10   24   24   19   17   13   10   11   18  117  130  112  128  118  122  130  128  132  131  148  135  148  145  152  144  149  129  149  140  153  135  141  154  135  142  148  133  134  147  165  162  184  155  184  168  162  182  188  169  174  167  159  208  215  196  191  246  250  248  239  248  238  218  229  227  232  226  249  223  232  236  229  224  221  233  245  224  224  230  245  228  226  235  230  216  223  231  162  166  156  183  158  163  175  154  175  164  182  169  161  188  175  170  162  181  166  193  191   45  102   85   91   83   83   80  107   82  102  104   90   94   91   95   82   81   90   77   96   99   83   81   75  200  197  188  209  206  210  195  202  188  179  199  202  190  188  101   90   96   83  102   98   96  100   87   92   89   78   99   97   85   88   94   31   49   35   40  230  235  207  213  210  217  228  230  222  222  223  226  225  227  226  153  148  146  153  161  167  166  178  153  162  158  
 49   22   11   24   27    0   21   21    9   23   15   12   24   22   18   12  117  130  108  124  117  119  145  144  147  147  166  150  166  163  167  159  164  147  166  156  168  148  158  154  138  143  150  135  134  146  190  186  207  178  207  191  186  205  211  192  198  191  183  226  233  213  211  257  263  258  252  261  254  235  244  243  249  243  264  240  248  248  240  237  233  244  257  236  236  241  257  238  237  246  242  229  234  243  182  187  175  203  177  182  194  174  195  183  200  176  168  196  181  176  170  187  173  200  197   41  128  111  118  109  109  106  134  108  128  130  116  121  117  122  109  107  117   94  113  120   99  101   92  213  208  200  219  216  220  205  214  199  191  208  213  201  198  126  115  121  109  128  123  122  126  113  119  115  104  124  122  112  113  119   17   25    9   22  255  260  232  237  235  242  253  255  247  248  249  251  250  252  252  179  174  171  179  187  193  193  204  179  188  184  
 65   14   12   27    9   21    0    1   22   26   10   15   18    2   12   17  122  135  116  132  123  127  138  136  140  139  157  144  157  154  160  152  157  138  157  148  161  143  150  160  142  148  154  139  139  152  169  165  186  157  187  170  165  184  191  171  177  170  162  216  224  205  200  254  258  255  248  256  247  227  237  236  241  235  257  232  241  244  237  232  229  241  253  232  232  238  253  236  234  243  238  224  231  239  163  167  156  184  158  163  175  155  176  164  181  176  168  196  182  177  169  188  173  200  198   48  108   92   98   90   90   87  114   88  109  111   96  101   99  102   90   87   96   76   95  100   82   82   74  209  205  196  217  214  218  202  210  196  187  207  210  198  196  109   98  104   90  109  106  103  108   94  100   97   86  106  106   93   96  102   30   45   30   38  238  243  215  221  218  226  236  238  230  230  231  234  232  235  233  161  156  154  161  168  175  174  185  161  170  166  
 64   15   11   28   10   21    1    0   22   27    9   15   19    2   13   18  124  137  117  133  124  128  140  138  142  141  159  145  158  155  162  154  159  139  159  150  163  144  151  161  143  149  156  141  141  153  169  165  186  157  187  170  165  184  191  171  178  171  162  218  226  206  202  255  260  257  249  258  248  228  239  237  242  237  259  234  242  246  239  233  230  242  255  233  234  239  255  237  236  244  239  226  233  241  163  167  156  184  158  163  175  154  176  164  181  178  170  197  183  179  171  189  175  201  200   49  109   93   99   91   91   88  115   89  110  112   97  102  100  103   91   88   97   75   94  100   81   82   74  210  206  198  218  215  220  204  212  198  189  208  211  199  198  110  100  106   91  111  107  105  109   95  101   98   87  108  107   94   97  103   30   45   30   39  240  244  217  222  219  227  237  239  231  231  232  235  234  236  234  162  157  155  162  170  176  175  187  163  171  167  
 57   17   16   15   24    9   22   22    0   14   19    8   18   24   13    6  109  122  100  116  108  111  136  135  138  139  157  141  157  155  158  151  155  138  157  148  159  139  149  145  129  135  141  126  125  138  190  186  208  178  208  192  186  206  212  192  198  191  183  218  224  204  202  248  254  249  242  252  245  226  235  234  240  235  255  232  239  239  231  228  224  235  248  226  227  231  248  229  228  237  232  219  225  234  184  189  178  205  180  185  197  176  198  186  203  167  159  187  172  167  161  178  164  191  188   32  125  107  114  105  105  102  130  104  124  126  113  118  112  118  105  103  114   97  116  122  103  103   96  204  199  191  210  207  211  196  204  190  181  199  203  192  189  120  108  114  105  122  118  117  121  108  114  110   99  119  116  107  107  113    9   25   13   17  249  253  226  230  229  236  246  249  240  242  243  245  245  246  246  173  169  166  174  182  187  188  199  173  183  179  
 71   14   27    1   24   23   26   27   14    0   29   14   11   29   14   12   97  110   90  106   97  101  121  120  123  124  143  127  143  141  143  136  141  124  143  133  145  125  135  134  117  123  129  114  114  126  186  184  206  176  206  190  184  204  209  191  196  188  181  204  210  190  188  234  240  235  228  237  230  212  221  220  226  220  240  217  225  225  217  214  210  221  234  212  213  217  233  215  214  222  218  205  211  220  186  189  179  206  182  187  198  178  198  187  205  154  146  174  159  154  147  164  150  178  175   22  117   98  106   96   97   93  122   96  115  118  106  110  103  111   96   95  107  100  119  123  107  105   99  189  185  177  196  193  197  182  190  176  167  185  189  177  175  109   97  103   96  112  107  108  111   99  104  100   89  108  104   98   97  103   13   33   26   21  237  241  214  218  217  224  234  238  228  231  233  234  233  234  236  163  159  155  164  172  176  177  188  161  173  169  
 55   20    3   30   19   15   10    9   19   29    0   15   24   10   17   17  126  139  118  134  126  129  146  145  148  148  166  152  166  163  168  161  166  147  166  157  169  151  158  163  146  152  159  143  143  156  176  172  193  164  194  177  172  191  198  178  185  178  169  226  233  214  209  261  266  262  255  264  255  235  245  244  249  244  265  241  249  252  244  240  236  248  261  239  240  245  260  243  242  250  245  232  239  247  167  172  161  189  163  167  179  159  181  168  185  182  174  202  187  183  175  193  179  206  204   50  118  102  108  100  100   97  123   98  119  120  105  110  109  111  100   97  106   80   98  106   85   87   78  216  212  204  224  221  225  209  218  203  194  213  217  205  203  119  108  115  100  120  116  113  118  104  110  107   96  117  116  103  106  112   28   40   24   35  249  253  226  231  228  236  246  248  240  240  241  244  243  245  243  171  166  164  171  178  185  184  196  172  180  176  
 62   10   13   14   17   12   15   15    8   14   15    0   12   17    6    2  111  124  103  119  111  114  133  132  135  136  154  139  154  151  155  148  153  135  154  145  157  137  146  148  131  137  143  128  127  140  182  178  200  171  200  184  179  198  204  185  191  183  175  214  221  201  199  247  253  248  241  250  242  223  233  232  237  232  253  229  237  238  230  226  223  234  247  225  226  231  246  228  227  236  231  218  224  233  177  181  171  198  173  178  190  169  190  179  196  167  159  187  172  168  161  178  164  191  189   35  117  100  107   98   98   95  123   97  117  119  105  110  106  111   98   96  106   91  110  115   97   96   89  202  198  190  209  206  211  195  203  189  180  199  202  191  188  114  102  108   98  116  111  110  114  101  107  103   92  112  110  100  101  107   15   32   20   24  243  247  220  225  223  230  240  243  234  236  237  239  238  240  240  167  162  159  168  175  181  181  192  166  176  173  
 73    4   23   11   13   24   18   19   18   11   24   12    0   20    7   12  105  118   99  115  106  110  123  121  125  125  143  128  143  140  145  137  142  124  143  134  146  127  135  142  124  130  137  122  122  135  175  173  195  165  195  179  173  193  198  180  185  177  170  203  210  191  187  237  243  239  231  240  232  212  222  221  226  221  242  218  226  228  221  216  213  224  237  216  216  221  237  219  218  226  222  208  215  223  174  178  168  195  170  176  187  166  187  176  194  159  151  179  165  160  152  170  156  183  181   32  107   89   97   87   88   85  113   87  107  109   96  101   95  102   87   86   97   89  108  111   96   93   88  192  188  180  200  197  202  186  194  180  171  190  193  181  179  102   91   97   88  105  100  100  103   91   96   92   82  101   98   89   90   96   21   41   30   30  231  236  209  213  211  219  229  232  223  225  226  228  227  229  229  156  151  148  157  165  170  170  181  155  166  162  
 64   16   12   29   10   22    2    2   24   29   10   17   20    0   15   19  125  138  119  135  125  129  140  138  142  141  159  146  158  155  162  154  159  139  159  150  163  145  152  162  144  150  157  142  142  155  168  164  185  156  185  169  164  183  189  170  176  169  161  218  226  207  202  256  260  258  250  258  248  228  239  238  242  237  259  234  243  246  239  234  231  243  255  234  234  240  255  238  237  245  240  226  233  241  161  165  154  182  156  161  173  153  174  162  179  178  171  198  184  179  172  190  176  202  201   51  108   92   98   90   90   87  113   88  109  110   95  100   99  101   90   87   96   74   93   98   80   80   72  211  207  198  219  216  220  205  212  198  189  209  212  200  198  109   99  105   90  110  106  104  108   94  100   97   86  107  106   93   96  103   32   47   32   40  239  243  216  222  218  226  236  239  231  230  231  234  233  235  233  161  156  154  161  169  176  174  186  162  170  166  
 67    4   15   15   11   18   12   13   13   14   17    6    7   15    0    8  111  124  104  120  111  115  130  129  132  132  150  135  150  147  152  144  149  131  150  141  153  134  143  148  130  136  143  128  128  140  176  173  195  166  195  179  174  193  199  180  185  178  170  210  217  198  194  244  250  246  238  247  239  219  229  228  233  228  249  225  233  235  228  223  220  231  244  223  223  228  244  226  225  233  229  215  222  230  173  177  167  194  169  174  185  165  186  174  192  166  158  185  171  166  159  177  163  190  187   36  111   94  101   92   92   89  117   91  111  113  100  104  100  105   92   90  100   87  106  110   93   92   85  199  195  187  207  204  208  193  201  187  178  197  200  188  186  108   97  103   92  110  105  104  108   95  101   97   86  106  104   94   95  101   20   38   26   29  237  242  214  219  217  224  235  237  229  230  231  233  232  234  234  161  156  153  162  170  175  175  186  161  170  167  
 61   11   15   13   18   12   17   18    6   12   17    2   12   19    8    0  109  122  101  117  109  112  133  132  135  135  154  138  154  151  155  148  152  135  154  144  156  137  146  146  129  135  141  126  126  138  184  181  202  173  202  186  181  200  206  187  193  185  177  214  221  201  198  246  252  247  240  249  242  223  232  231  237  231  252  228  236  237  229  225  222  233  246  224  225  230  246  227  226  235  230  217  223  232  180  184  173  200  175  180  192  171  193  181  198  166  158  186  171  166  159  177  163  190  187   33  119  101  108   99  100   96  124   98  118  121  107  112  107  113   99   97  108   93  112  117   99   98   91  201  197  189  208  205  210  194  203  188  179  198  201  190  187  115  103  109   99  117  112  112  115  103  108  104   93  113  110  101  102  108   13   30   18   22  243  248  221  225  223  231  241  244  235  237  238  240  239  241  241  168  163  160  169  177  182  182  193  167  177  174  
155  109  124   97  117  117  122  124  109   97  126  111  105  125  111  109    0   13   19   24    8   16   73   76   73   84   99   74  102  102   87   86   89   91   97   89   88   70   92   37   22   26   33   17   18   31  246  248  271  242  268  256  250  270  270  257  256  246  245  154  153  133  144  151  164  150  149  159  164  152  154  155  165  160  171  157  159  146  133  139  132  139  155  132  133  134  152  131  132  139  138  129  130  141  263  262  257  280  261  267  277  255  273  266  284   66   58   86   67   64   61   72   62   89   82   77  160  140  150  140  144  137  164  144  154  159  158  159  137  159  141  144  161  187  205  201  195  186  186  113  107  101  115  111  113  101  111   95   90  100  109   98   92  131  120  122  142  142  135  143  140  139  141  134  130  136  125  138  127  129  101  107  115   99  225  231  209  206  212  214  224  230  219  232  235  228  232  228  241  175  175  167  181  190  184  193  200  167  188  184  
166  122  137  109  130  130  135  137  122  110  139  124  118  138  124  122   13    0   27   22   15   18   75   79   75   87  100   75  103  104   86   87   89   94   98   91   88   71   94   24   14   14   20    6    6   18  257  259  281  253  279  267  261  281  280  268  266  257  256  152  149  130  144  143  156  141  140  151  159  148  149  151  161  156  165  153  153  138  124  133  125  130  147  124  125  125  144  122  123  130  131  122  122  133  275  274  269  291  273  279  289  267  285  278  296   57   50   77   57   55   54   62   53   79   71   89  169  151  160  151  154  148  174  155  164  169  168  170  147  169  152  154  171  200  218  214  208  199  199  106  101   94  107  103  104   94  103   88   84   92  101   91   84  140  130  131  152  151  144  153  149  149  151  143  140  146  134  148  137  138  114  119  127  111  227  233  212  208  216  218  227  233  222  236  239  232  236  231  245  182  182  173  188  197  190  200  206  173  194  191  
141  103  116   90  112  108  116  117  100   90  118  103   99  119  104  101   19   27    0   16   13   11   90   94   91  101  117   92  119  119  106  105  107  107  115  107  107   88  110   48   40   40   46   33   28   39  252  253  276  246  274  261  255  275  276  262  262  252  250  173  172  152  163  169  182  167  167  178  183  171  173  175  184  179  190  177  178  164  151  158  151  157  173  151  151  152  171  149  150  157  157  148  148  159  265  265  258  283  262  268  279  257  276  268  286   84   76  104   84   82   80   89   80  106   98   68  167  147  157  147  150  144  172  150  162  167  163  166  145  165  148  149  166  185  204  202  193  186  184  132  126  120  133  129  131  120  129  114  109  119  128  117  111  141  130  132  148  151  144  151  149  146  149  142  137  146  135  145  136  138   92   94  104   88  241  247  224  222  228  231  240  246  235  247  250  244  247  244  255  188  188  180  194  202  198  206  213  181  201  197  
155  119  131  106  128  124  132  133  116  106  134  119  115  135  120  117   24   22   16    0   16    8   95   99   96  107  122   96  124  124  108  108  110  114  119  112  110   92  115   36   36   32   37   27   19   26  266  268  290  261  288  276  269  290  290  277  276  267  264  175  172  153  166  163  177  160  161  172  181  170  171  173  183  178  187  176  176  158  144  154  146  151  168  145  146  146  164  142  143  150  151  143  142  154  281  281  274  298  278  284  294  273  291  283  301   78   71   97   76   75   75   81   74   98   89   84  181  161  170  161  164  158  185  164  176  180  178  180  159  179  162  164  181  202  220  218  209  202  200  128  122  116  128  123  125  115  125  110  106  112  123  112  106  154  142  144  162  164  157  165  162  160  163  155  151  158  147  159  149  151  107  109  119  103  248  254  232  229  236  238  247  253  242  256  258  251  255  251  264  198  199  190  205  213  208  216  223  191  211  207  
152  110  124   97  118  117  123  124  108   97  126  111  106  125  111  109    8   15   13   16    0    8   81   85   81   92  107   82  110  110   95   94   97   99  105   97   97   78  100   37   27   28   35   20   17   29  252  253  276  247  273  261  255  276  276  262  261  252  250  162  160  141  152  157  170  155  154  165  171  159  161  163  172  168  178  165  166  152  138  146  139  145  161  138  139  140  158  136  137  145  144  135  136  147  267  267  261  284  265  271  281  259  278  270  288   71   63   91   72   69   67   77   67   93   86   76  165  146  155  146  149  143  170  149  160  165  163  165  143  164  147  149  166  190  208  205  197  190  189  120  114  107  121  117  119  107  117  102   97  106  115  104   98  138  127  128  147  148  141  149  146  145  147  140  136  143  131  144  133  136  100  104  113   97  233  239  217  214  220  222  232  238  227  240  243  236  240  236  248  182  183  174  189  197  192  200  207  175  195  192  
152  113  127  100  122  119  127  128  111  101  129  114  110  129  115  112   16   18   11    8    8    0   89   92   89  100  115   89  117  118  102  102  104  107  113  105  104   86  108   37   32   30   36   24   17   27  259  260  283  254  281  268  262  283  283  269  269  259  257  169  167  147  160  161  174  158  159  170  177  165  167  168  178  174  183  171  171  156  142  151  143  148  165  142  143  143  162  140  141  148  149  140  140  151  274  273  267  291  271  277  287  266  284  276  294   75   68   95   75   73   72   79   71   97   88   79  173  154  163  153  157  150  177  157  168  172  170  172  151  172  154  156  173  195  213  211  203  195  194  124  119  113  125  121  122  112  122  106  102  110  120  109  103  146  135  136  154  156  149  157  154  152  155  147  143  151  139  151  141  143  103  105  115   99  241  247  225  222  228  231  240  246  235  248  251  244  248  244  257  191  191  182  197  205  200  209  216  183  203  200  
192  126  145  121  130  145  138  140  136  121  146  133  123  140  130  133   73   75   90   95   81   89    0    5    2   12   27    6   29   29   22   16   20   21   25   17   23    7   19   85   65   74   76   72   81   87  205  210  231  205  227  219  213  232  228  220  214  204  207   87   90   70   74  118  120  121  111  118  109   91   99   99  105  100  119   97  104  107  103   94   92  105  116   96   96  103  116  102   99  108  101   87   96  102  236  231  230  247  235  242  250  229  243  240  257   59   56   72   70   64   52   74   59   77   83  110  118  104  111  105  109  104  121  110  111  116  123  122   96  121  106  111  126  178  192  181  186  172  178   72   69   61   82   80   86   69   75   64   54   77   75   64   66   84   78   76  107   96   89  101   94  101  101   93   96   91   79  101   87   85  132  146  147  134  152  159  138  134  142  143  152  158  147  162  165  157  161  156  171  113  115  105  121  128  119  130  135  103  125  122  
191  125  144  120  128  144  136  138  135  120  145  132  121  138  129  132   76   79   94   99   85   92    5    0    7    8   25   10   26   26   24   16   21   15   23   14   25   13   17   90   69   79   81   77   85   92  199  205  226  200  222  214  207  227  222  215  209  199  201   86   90   70   72  121  123  124  113  121  110   91  101  100  105  100  121   97  105  110  107   96   95  108  118   99   99  107  119  106  103  112  104   90   99  105  231  226  225  242  231  237  245  224  238  235  253   65   61   77   75   69   58   80   65   82   89  110  113   99  106  100  105   99  116  106  106  111  118  117   91  116  102  106  121  174  188  177  183  168  174   75   73   65   86   84   90   73   79   68   58   81   79   68   70   79   73   71  102   90   84   96   89   96   96   89   92   86   73   96   82   80  131  146  146  134  148  154  133  129  137  138  148  154  142  157  160  152  157  152  166  107  109  100  115  123  113  125  129   97  120  117  
194  128  147  123  132  147  140  142  138  123  148  135  125  142  132  135   73   75   91   96   81   89    2    7    0   13   26    4   29   29   20   14   18   22   24   16   21    6   19   84   65   74   75   72   81   87  206  211  233  207  229  221  214  234  229  222  216  205  208   85   88   68   73  116  118  119  108  116  107   89   97   97  103   98  117   95  102  105  101   92   89  103  114   94   94  101  114  100   97  106   99   85   94  100  238  233  232  249  237  244  252  231  245  242  259   58   55   70   68   63   51   73   58   75   82  112  120  106  113  107  111  106  122  112  113  118  125  124   98  123  108  113  128  180  194  183  189  174  180   70   67   59   80   78   84   67   73   61   52   75   73   62   64   86   80   78  109   97   91  103   96  103  103   95   98   93   80  103   89   87  134  148  149  136  152  158  138  134  142  143  152  158  147  162  165  157  162  156  172  113  116  106  122  129  119  131  135  104  126  123  
196  128  147  124  131  147  139  141  139  124  148  136  125  141  132  135   84   87  101  107   92  100   12    8   13    0   19   15   20   19   23   14   19    9   18    9   24   18   11   97   77   86   88   84   93   99  195  201  222  196  217  210  204  223  218  211  204  194  197   80   85   66   66  121  121  125  113  120  107   87   98   96  101   96  118   93  102  110  108   95   94  109  118   99   99  107  119  106  104  112  104   89  100  105  228  223  222  239  228  234  242  222  235  232  250   70   67   81   80   75   63   85   70   86   93  115  110   97  104   98  102   97  112  104  102  107  115  114   88  113  100  104  119  174  187  175  182  167  174   76   74   66   87   86   92   75   80   70   60   84   80   70   73   75   71   68  100   87   81   92   86   94   93   86   90   82   70   93   80   77  135  151  150  139  141  147  126  122  129  131  140  146  135  150  153  145  149  144  159  101  103   93  109  116  107  118  123   91  113  110  
214  146  165  142  148  166  157  159  157  143  166  154  143  159  150  154   99  100  117  122  107  115   27   25   26   19    0   26    3    6   19   14   14   20    3   11   18   29    8  107   89   98   99   97  106  111  199  206  226  202  221  216  209  228  221  217  208  198  203   61   67   48   48  109  107  114  100  106   90   70   81   79   83   78  101   75   85   97   98   81   82   98  104   88   88   97  107   97   93  101   92   77   89   92  237  230  231  246  237  243  250  230  242  241  258   73   72   79   83   78   67   87   74   84   94  134  117  107  113  108  112  108  118  114  110  114  125  123   97  121  110  114  128  188  200  187  196  179  188   65   65   58   78   78   84   68   71   64   55   78   72   64   69   83   81   77  110   94   89  101   93  104  102   95  101   90   79  103   90   86  154  170  169  158  127  134  115  109  118  118  127  134  122  140  143  133  138  132  149   98  102   91  107  113  101  114  117   87  110  107  
197  132  151  126  135  150  144  145  141  127  152  139  128  146  135  138   74   75   92   96   82   89    6   10    4   15   26    0   28   29   17   13   16   24   23   16   18    4   19   83   64   73   74   72   80   86  209  215  236  210  232  224  218  237  232  225  219  209  212   83   86   65   72  112  115  115  105  113  104   86   94   94  100   95  114   92   98  101   97   88   86   99  110   90   90   97  111   96   94  102   95   81   90   96  241  236  235  253  241  247  255  234  248  245  263   55   52   67   65   60   48   70   55   72   78  115  123  110  117  111  115  109  126  116  116  121  128  127  102  126  112  116  132  184  198  187  192  178  184   66   63   55   76   74   80   63   70   58   48   71   69   58   60   89   84   81  112  101   95  106   99  107  106   99  102   96   84  106   92   91  137  151  152  139  153  159  139  134  142  143  152  159  147  163  166  157  162  157  173  116  118  108  124  131  121  133  137  106  128  125  
214  146  165  142  148  166  157  158  157  143  166  154  143  158  150  154  102  103  119  124  110  117   29   26   29   20    3   28    0    4   22   17   17   19    7   12   21   32   10  110   92  101  102  100  109  114  196  203  223  200  218  213  206  225  218  214  205  195  200   61   67   49   46  112  108  117  103  108   91   70   82   80   84   78  102   76   86   99  101   83   84  100  107   90   91  100  109  100   96  104   95   80   92   95  234  227  228  243  234  240  248  227  239  238  255   76   75   82   87   82   71   90   78   87   97  135  114  105  110  106  110  105  116  112  107  112  122  120   95  119  108  112  126  186  198  184  194  177  186   68   68   61   81   81   87   71   74   67   58   81   75   67   72   80   79   74  108   91   86   98   90  101   99   93   99   88   77  101   87   84  154  170  169  158  124  131  111  106  115  115  124  131  119  136  139  130  135  129  146   94   98   88  103  110   98  111  114   83  106  104  
212  143  162  140  145  163  154  155  155  141  163  151  140  155  147  151  102  104  119  124  110  118   29   26   29   19    6   29    4    0   25   18   19   16    9   12   24   33   10  112   93  102  103  101  109  115  193  200  220  196  215  209  203  221  215  210  202  192  197   63   70   52   48  115  112  120  106  112   94   73   86   84   87   81  106   79   89  103  104   87   88  104  110   94   94  103  113  103  100  108   98   83   95   98  230  224  224  239  231  237  244  224  235  234  251   78   77   85   89   84   73   93   80   90  100  133  111  101  106  103  107  102  112  108  103  108  119  117   91  115  104  108  122  182  194  181  191  174  183   72   71   64   85   84   91   75   78   71   61   85   78   70   75   77   75   71  104   88   83   95   87   98   95   89   95   84   73   97   84   80  152  168  167  156  124  130  110  105  114  114  124  130  118  135  138  129  134  128  144   92   95   85  101  107   95  108  111   81  104  101  
214  148  167  143  152  167  160  162  158  143  168  155  145  162  152  155   87   86  106  108   95  102   22   24   20   23   19   17   22   25    0   10    6   30   16   17    2   19   18   91   74   82   82   83   91   95  216  222  243  218  238  232  225  244  238  233  225  215  219   68   69   49   57   98   99  102   90   97   87   69   77   77   84   78   97   75   81   86   84   72   71   85   95   76   76   84   96   83   80   89   81   66   76   82  251  245  245  261  251  257  265  244  257  255  272   54   54   61   65   60   49   68   56   66   75  132  132  120  126  121  125  120  134  127  125  129  138  137  111  136  123  127  142  198  211  199  206  190  198   52   50   42   64   63   69   52   57   47   38   61   57   47   51   97   94   90  123  109  103  115  108  117  115  109  113  105   93  116  103  100  154  168  169  156  144  150  132  126  136  136  144  151  139  158  161  150  156  149  167  116  120  110  125  132  120  133  136  105  128  126  
207  141  160  136  144  159  152  154  151  136  161  148  137  154  144  148   86   87  105  108   94  102   16   16   14   14   14   13   17   18   10    0    5   21   11    8   10   16    9   94   76   84   85   84   92   98  207  213  234  209  229  223  216  235  229  224  216  206  210   71   74   54   59  107  107  111   99  106   94   76   85   84   90   84  105   81   89   96   94   81   80   95  104   85   85   94  105   93   90   98   90   75   86   91  242  236  236  252  241  248  256  235  247  246  263   61   59   69   72   66   55   75   62   74   83  126  122  110  117  112  116  110  124  117  115  120  129  127  102  126  113  117  132  188  201  189  196  181  188   62   60   52   73   72   78   62   66   57   47   71   67   57   61   88   84   81  113   99   94  106   98  107  106   99  103   95   83  107   93   91  147  162  162  150  141  147  128  123  132  132  141  148  136  153  156  146  152  146  163  109  112  102  117  124  113  126  129   98  121  118  
212  146  165  140  149  164  157  159  155  141  166  153  142  159  149  152   89   89  107  110   97  104   20   21   18   19   14   16   17   19    6    5    0   25   11   12    5   19   12   94   77   85   86   85   94   99  210  217  237  213  233  226  220  239  233  227  220  209  214   67   70   50   56  102  102  106   94  101   90   71   80   79   85   80  100   77   84   91   89   76   75   90   99   80   81   89  100   88   85   93   85   70   81   86  246  240  240  256  246  252  260  239  251  250  267   59   58   66   70   65   54   74   61   71   81  130  127  115  121  116  120  115  128  122  119  124  133  132  106  130  118  122  137  193  206  194  201  186  193   57   55   48   69   68   74   58   62   53   43   67   62   53   57   92   89   85  118  103   98  110  102  112  110  104  108   99   87  111   97   95  152  166  167  155  140  146  128  122  132  131  140  147  135  153  156  146  152  145  163  111  115  104  120  127  115  128  131  100  123  120  
196  127  146  123  129  147  138  139  138  124  147  135  124  139  131  135   91   94  107  114   99  107   21   15   22    9   20   24   19   16   30   21   25    0   20   13   30   27   13  105   85   94   96   92  100  107  187  193  213  188  209  202  196  215  209  203  196  186  189   80   86   67   64  127  126  131  118  125  110   89  101   99  103   97  121   94  104  115  114  100  100  115  123  105  105  114  125  113  110  118  110   95  106  110  221  215  215  231  221  227  235  214  227  225  242   78   76   89   89   84   72   94   79   94  102  117  102   90   96   91   95   90  104   97   95   99  108  107   81  105   93   97  112  169  182  169  177  161  169   82   80   72   94   93   99   82   87   77   67   91   87   77   81   67   64   60   93   79   73   85   78   87   85   79   83   75   63   86   73   70  136  152  150  140  134  140  118  115  122  124  133  139  128  142  145  138  142  137  151   92   94   84  100  108   98  109  114   82  104  101  
214  146  165  142  149  166  157  159  157  143  166  154  143  159  150  154   97   98  115  119  105  113   25   23   24   18    3   23    7    9   16   11   11   20    0    9   15   27    7  104   86   95   96   95  103  108  202  209  229  205  224  218  212  230  224  219  211  201  205   62   67   48   49  107  105  112   99  105   90   69   81   79   83   78  100   75   84   95   96   80   80   95  103   86   86   95  105   95   91   99   90   75   87   91  239  233  233  248  239  245  253  232  244  243  260   69   69   76   80   75   64   84   71   81   91  133  119  109  115  110  114  109  121  116  112  117  127  125   99  124  112  116  130  189  201  188  197  181  189   63   62   55   76   75   82   66   69   61   52   75   70   61   66   85   83   79  112   96   91  103   95  105  104   97  103   92   81  105   92   88  154  169  169  157  130  136  118  112  121  121  130  137  125  143  146  136  141  135  152  101  105   94  110  117  104  117  120   90  113  110  
204  137  156  133  140  156  148  150  148  133  157  145  134  150  141  144   89   91  107  112   97  105   17   14   16    9   11   16   12   12   17    8   12   13    9    0   17   20    3   99   80   89   90   88   97  103  199  205  226  201  221  215  208  227  222  216  208  198  202   72   77   57   58  114  113  118  105  112   98   79   89   88   93   87  109   84   93  102  101   87   86  101  110   92   92  101  112  100   97  105   97   82   93   97  234  228  228  244  234  240  248  227  240  238  255   68   66   77   79   74   62   83   69   82   91  124  115  103  109  104  109  103  117  110  108  112  121  120   94  119  106  110  125  182  195  182  190  174  182   69   67   59   80   80   86   69   74   64   55   78   74   64   68   80   77   73  106   92   86   98   91  100   99   92   96   88   76  100   86   83  144  160  159  148  136  142  122  118  126  127  136  142  131  147  150  141  146  140  157  101  105   94  110  117  106  118  122   91  114  111  
215  150  169  144  153  168  161  163  159  145  169  157  146  163  153  156   88   88  107  110   97  104   23   25   21   24   18   18   21   24    2   10    5   30   15   17    0   21   18   92   76   84   84   84   93   97  216  222  243  218  238  232  225  244  238  233  225  215  219   66   67   47   56   97   98  101   89   96   86   68   76   76   82   77   96   74   80   86   84   71   70   85   94   75   75   84   95   83   80   88   80   65   76   81  251  245  245  261  251  257  265  245  257  255  273   55   55   61   66   61   50   69   57   66   76  133  132  120  127  122  126  120  134  127  125  129  139  137  111  136  123  127  142  198  211  199  206  191  198   52   50   42   63   62   69   52   56   47   38   61   57   47   52   97   94   90  123  109  103  115  108  117  116  109  113  105   93  117  103  100  155  169  170  158  143  149  131  125  135  134  143  150  138  156  160  149  155  148  166  116  120  109  125  131  119  132  135  105  128  125  
195  131  150  124  135  148  143  144  139  125  151  137  127  145  134  137   70   71   88   92   78   86    7   13    6   18   29    4   32   33   19   16   19   27   27   20   21    0   23   79   60   69   70   68   77   82  212  217  238  213  234  227  220  239  235  228  221  211  214   86   88   68   75  112  116  115  105  113  106   89   96   96  103   97  116   95  100  102   97   89   86   99  110   90   90   97  111   95   93  102   96   81   90   97  243  238  237  255  243  249  257  236  250  247  265   52   49   65   62   57   45   67   52   70   76  113  126  111  119  112  117  111  128  118  118  123  130  129  104  128  114  118  134  185  199  188  193  178  185   66   63   55   76   74   79   63   69   57   47   70   69   58   59   91   85   83  114  103   97  108  102  109  108  101  103   98   86  108   94   93  135  149  150  137  156  163  143  138  146  147  156  163  151  167  170  161  166  161  177  119  122  112  127  135  125  137  141  109  132  129  
206  139  158  134  141  158  150  151  149  135  158  146  135  152  143  146   92   94  110  115  100  108   19   17   19   11    8   19   10   10   18    9   12   13    7    3   18   23    0  102   83   92   93   91   99  105  198  204  225  200  220  214  208  226  221  215  207  197  201   69   75   55   56  113  112  118  105  111   97   77   88   86   91   85  108   82   91  102  101   86   86  101  109   92   92  101  111  100   97  105   96   81   93   97  234  228  228  243  234  240  248  227  239  238  255   70   68   78   81   76   64   85   71   84   92  126  114  103  109  104  109  103  116  110  107  112  121  120   94  118  106  110  125  182  195  182  191  174  183   69   67   60   81   80   86   70   74   65   55   79   74   65   69   80   77   73  106   91   86   98   90  100   98   92   97   87   75  100   86   83  146  162  161  150  134  140  120  115  124  124  133  140  128  145  148  138  144  138  154   99  103   93  108  115  104  116  120   89  112  109  
