200

  0   27   34   33   42   40   36   36   13   37   26   26   32   40   42   39   44   49    6   24   52   42   45   23   14   24   20   45   45  236  245  217  217  213  215  226  203  211  212  200  228  207  241  196  207  224  215  200  207  242  212  209  215  205  223  231  222  238   90  101  112  109   97   68   93   71  110   80  103   94   67   81   75   92  109   72   75   84   82   83   72  292  313  305  305  287  292  273  297  293  294  305  290  310  307  306  283  274  297  306  290  303  310  298   49   26   33   26   30   37   41   25   33   57   46   60   65   51   56   58   47   38   58   30   60   53   36   29   59   31   36   39   55   46   30   40   42   42  126  105  138  107  118  146  148  127  167  149  145  156  156  152  146  173  158  138  144  134  143  153  162  137  142  124  126  128  164  151  135  138  125  157  143  153  167   39   66   22   39   38   34   58   36   50   49   36   60   60   54   30   27   32   48   55   37   71   53   66   36   52  
 27    0    9   30   41   31   25   27   20   17   31   16    7   15   18   30   23   35   21   31   55   53   54   48   35   46   28   65   64  217  226  199  196  194  197  210  183  190  195  182  211  189  221  178  188  207  195  182  190  223  194  192  197  186  207  214  202  219   83   89  103   98   83   62   80   63  101   66  100   83   64   75   62   86  102   63   67   69   73   76   61  270  291  283  283  265  272  250  276  271  271  284  268  289  286  284  260  251  274  284  269  281  288  275   76   53   58   52   57   59   66   49   59   84   73   86   92   75   83   85   73   65   84   52   87   80   60   55   86   56   58   62   82   73   57   66   69   68  100   79  111   80   92  126  126  108  150  133  124  139  135  136  127  155  141  117  124  114  121  132  144  118  121  107  108  111  144  133  114  121  106  137  128  135  147   61   85   48   55   57   55   75   61   70   75   62   83   81   80   53   53   58   69   81   56   91   75   90   61   74  
 34    9    0   38   49   38   32   35   28   23   40   25   12   15   20   37   26   40   28   40   52   53   53   54   40   49   30   67   66  217  226  200  196  194  199  212  183  190  196  184  213  190  222  179  188  208  196  182  192  223  195  194  199  186  209  215  203  220   89   93  108  103   87   69   84   69  106   70  106   88   71   81   66   92  108   69   73   72   79   82   67  269  290  283  281  265  271  249  276  270  269  283  267  288  285  282  259  250  273  283  269  279  287  273   83   59   66   57   64   68   74   57   67   90   79   94   98   84   90   92   80   72   92   61   94   87   68   63   92   64   67   71   88   80   63   74   75   74   95   74  106   74   88  127  125  109  152  136  124  141  135  138  128  155  143  117  125  115  120  131  145  119  121  109  110  113  144  134  114  122  108  138  130  136  147   69   94   56   64   66   63   84   69   79   83   69   91   90   88   61   60   66   77   88   65  100   84   98   69   83  
 33   30   38    0   11    8    9    7   21   20    9   14   27   32   27    8   25   20   32   12   81   74   76   54   47   57   49   78   78  204  213  185  186  182  182  194  172  181  179  168  195  175  209  163  175  192  184  169  175  211  180  176  183  174  190  199  191  206   57   68   79   76   64   35   60   38   77   47   72   61   35   49   42   59   76   38   42   51   49   50   39  262  283  274  275  256  262  243  266  264  266  275  260  280  277  277  255  245  268  277  260  274  280  269   69   51   46   57   50   43   55   38   52   78   70   75   88   61   77   80   61   58   73   38   81   76   47   51   83   46   44   48   80   68   58   58   67   67  107   89  120   94   97  115  120   96  135  116  116  124  126  119  115  142  126  109  114  104  114  124  130  106  113   93   94   96  134  120  106  106   93  126  111  121  137   44   62   43   33   38   38   50   50   48   63   55   65   60   69   40   45   49   49   67   37   69   57   72   50   56  
 42   41   49   11    0   13   18   15   31   30   16   25   38   41   36   14   33   22   42   18   92   84   86   61   56   66   60   86   86  199  208  180  182  177  177  187  168  177  174  162  189  170  205  158  170  186  180  164  168  206  174  170  178  169  183  193  187  200   48   60   70   68   59   26   54   30   68   43   62   54   25   39   37   50   67   31   34   47   40   41   33  259  279  270  271  253  258  241  262  261  263  271  257  277  273  273  252  242  266  274  256  270  276  267   70   56   48   64   54   42   56   41   55   80   74   75   91   60   79   83   61   61   73   39   83   78   48   55   86   49   44   48   83   71   63   60   72   72  110   94  124   99  100  111  118   92  130  109  114  118  123  113  111  137  120  106  111  100  112  122  125  101  110   88   90   91  131  115  103  102   89  122  105  116  133   43   56   48   31   36   38   45   51   45   64   58   63   56   70   42   48   52   46   67   36   64   54   69   52   54  
 40   31   38    8   13    0    6    4   27   17   17   16   27   29   23    1   19   12   37   20   85   79   81   61   53   64   54   85   84  197  206  178  178  175  175  187  164  173  172  161  188  168  202  156  168  185  177  161  168  204  172  169  176  166  183  191  183  198   53   61   74   70   58   31   53   33   72   40   69   55   33   44   35   55   72   33   37   44   44   46   33  254  275  267  267  249  254  236  259  256  258  267  253  273  269  269  247  237  261  269  252  266  272  261   77   58   54   64   58   50   63   46   60   86   78   83   96   68   85   88   69   66   81   46   89   84   55   59   91   55   51   56   88   76   66   66   75   75   99   82  113   87   90  107  112   88  128  109  108  116  119  112  107  134  119  101  106   96  106  116  123   98  105   85   87   89  126  112   98   99   86  119  104  114  129   52   68   51   41   45   46   57   58   55   71   63   73   67   77   48   53   57   56   75   45   75   64   79   58   64  
 36   25   32    9   18    6    0    3   22   12   17   11   20   23   19    5   16   14   33   19   79   74   75   58   49   59   48   80   80  200  209  182  181  178  179  191  168  176  176  164  193  172  205  160  171  189  180  165  172  207  176  173  180  170  187  195  187  202   58   66   79   75   62   37   58   39   77   45   75   60   39   50   40   61   78   39   43   48   49   52   38  257  278  269  270  251  257  238  262  259  260  270  255  275  272  271  249  239  263  272  255  268  275  263   76   56   54   61   57   51   62   45   59   85   76   83   95   69   84   87   69   65   81   46   88   82   55   57   90   54   52   56   86   75   63   65   73   73   98   80  112   85   89  110  114   92  132  113  111  120  121  116  110  138  123  103  109   99  108  119  126  101  107   89   90   93  129  116  100  103   89  122  108  117  132   52   71   49   42   46   46   60   57   57   71   62   74   69   77   48   52   56   58   76   46   78   66   81   58   65  
 36   27   35    7   15    4    3    0   23   15   15   13   23   26   21    3   18   14   34   18   81   75   77   58   50   60   50   81   81  200  209  181  181  178  178  190  167  176  176  164  192  171  205  159  171  188  180  164  171  207  176  173  179  169  186  195  186  201   56   65   77   74   61   35   57   37   75   44   72   59   36   48   39   59   76   37   41   47   47   49   37  257  278  269  270  251  257  238  262  259  260  270  255  275  272  271  249  239  263  272  255  268  275  264   75   56   52   61   56   49   61   44   58   84   76   82   94   67   83   86   67   64   79   44   87   81   54   57   89   53   50   54   85   74   63   64   73   73  100   82  113   87   91  110  114   91  131  112  111  120  121  115  110  138  122  103  109   99  109  119  126  101  108   88   90   92  129  115  100  102   89  121  107  117  132   51   68   49   40   44   45   57   56   55   70   61   72   67   76   47   51   55   56   74   44   76   64   79   57   63  
 13   20   28   21   31   27   22   23    0   25   16   13   23   31   30   26   32   36   11   15   61   53   55   36   26   37   29   58   57  223  232  204  204  200  202  213  190  198  199  187  215  194  228  182  194  211  202  187  194  229  199  196  202  192  210  218  209  224   78   88  100   96   84   56   80   59   98   67   92   82   56   69   62   80   97   59   63   71   70   71   59  279  300  292  292  274  280  260  284  280  282  292  277  297  294  293  271  261  285  293  277  290  297  285   58   36   38   39   38   39   47   29   41   66   56   67   76   56   65   68   53   47   65   32   70   63   40   38   70   37   39   43   66   56   42   48   53   53  115   95  128   98  107  133  135  114  154  136  133  143  143  139  133  160  145  125  131  121  130  140  149  124  129  111  113  115  151  138  122  125  112  144  130  140  154   41   66   30   36   38   35   56   41   50   56   44   63   61   61   33   34   39   49   61   37   72   55   70   42   55  
 37   17   23   20   30   17   12   15   25    0   26   12   11   12    7   16    7   17   33   28   73   70   71   60   49   60   45   80   79  201  209  182  180  178  180  193  167  174  178  166  194  172  205  161  171  190  179  165  174  207  177  175  181  170  190  197  186  203   66   71   86   81   66   46   62   46   83   48   84   66   49   58   44   70   85   46   50   51   56   59   44  255  276  268  268  250  256  236  261  256  257  269  253  274  271  269  246  237  260  270  254  266  273  261   82   61   61   63   63   60   70   52   65   91   81   91  100   78   90   93   76   71   88   54   94   88   63   63   95   61   60   64   91   80   67   72   78   78   91   71  104   75   82  110  111   92  133  116  109  122  120  118  110  138  124  101  108   98  106  117  127  102  106   90   91   94  128  116   98  104   90  121  110  118  131   61   82   55   53   56   55   70   65   68   79   68   83   80   85   56   58   63   68   84   55   89   75   90   65   75  
 26   31   40    9   16   17   17   15   16   26    0   16   30   36   33   17   32   29   26    3   76   68   70   46   40   50   44   70   70  213  222  194  195  191  191  202  181  190  188  176  204  184  218  172  184  201  193  178  183  220  188  185  192  183  198  207  200  214   64   76   86   83   73   42   68   46   84   56   77   69   41   55   51   66   83   46   49   60   56   57   47  271  292  283  284  265  271  253  275  273  275  284  270  289  286  286  264  254  278  286  269  283  289  278   59   42   37   49   41   34   46   29   43   69   61   66   79   52   68   71   52   49   64   29   72   66   38   42   74   37   35   39   71   59   49   49   58   58  115   97  128  101  106  124  129  105  144  124  125  132  135  128  124  151  134  118  123  113  123  133  139  115  122  102  103  105  143  129  115  115  102  135  119  130  146   36   56   34   27   30   30   45   41   42   55   46   58   54   60   31   36   40   42   59   29   63   49   64   41   49  
 26   16   25   14   25   16   11   13   13   12   16    0   14   20   18   15   19   24   23   17   68   63   64   49   39   49   38   70   70  210  219  192  190  187  189  201  177  185  186  175  203  181  215  170  181  199  189  175  182  217  186  184  190  179  198  206  196  212   69   77   90   86   73   47   69   49   88   55   85   71   49   61   50   72   88   50   53   59   60   62   49  266  287  279  278  261  266  247  271  267  268  279  264  284  281  280  257  248  271  280  264  277  284  272   70   49   49   52   51   48   58   40   53   79   69   79   88   66   78   81   64   59   77   42   82   76   51   51   83   49   48   53   79   68   55   60   66   66  103   83  116   87   94  120  122  101  142  124  119  131  130  127  120  148  133  112  118  108  117  127  136  111  116   99  100  103  138  125  109  113   99  131  118  127  141   50   72   43   42   45   44   61   53   57   67   56   72   69   73   44   46   51   57   72   44   78   64   79   53   63  
 32    7   12   27   38   27   20   23   23   11   30   14    0    8   11   25   16   28   27   31   62   61   61   54   42   52   35   71   71  210  218  192  189  187  190  203  176  183  187  175  204  181  214  171  180  199  188  174  183  216  187  185  190  179  200  207  195  212   77   82   97   92   77   57   73   57   94   59   94   77   59   69   55   80   96   57   61   62   67   70   55  263  284  276  276  258  265  243  269  264  264  277  261  282  279  277  254  244  268  277  262  274  281  268   80   57   61   58   61   61   69   52   63   88   78   90   97   78   87   90   76   69   88   55   92   85   63   60   91   60   61   65   87   78   62   70   74   74   94   73  106   75   86  119  119  101  143  126  117  132  128  129  120  147  134  110  117  107  114  125  137  111  114  100  101  104  136  126  107  113   99  130  121  128  140   63   86   52   56   59   57   75   64   71   78   66   85   83   84   56   57   62   70   84   58   92   77   92   65   76  
 40   15   15   32   41   29   23   26   31   12   36   20    8    0    6   28   12   27   35   37   67   67   67   63   50   60   43   79   78  203  212  185  182  180  184  197  169  176  182  169  198  175  207  165  174  193  181  168  178  209  180  179  184  172  194  201  188  206   75   79   94   88   73   57   70   56   92   55   94   74   59   69   52   79   94   56   60   58   66   69   53  256  277  269  268  251  257  236  262  256  256  270  254  274  271  269  246  237  260  270  255  266  273  260   89   66   69   66   69   69   77   60   72   97   86   98  106   86   96   98   84   77   96   62  100   93   70   68   99   68   68   73   95   86   71   79   82   82   86   65   98   67   78  113  112   95  137  121  110  126  121  123  113  141  129  103  110  101  106  117  130  105  107   94   95   99  130  119  100  108   93  124  115  122  133   70   92   61   62   65   64   81   72   78   86   74   92   89   92   63   65   70   77   92   65   99   84   99   72   84  
 42   18   20   27   36   23   19   21   30    7   33   18   11    6    0   22    6   21   37   35   72   71   72   64   52   63   46   82   81  199  207  181  178  176  179  192  165  172  177  165  193  170  203  160  170  189  177  163  173  205  176  174  180  168  189  196  184  201   69   73   88   82   67   51   64   50   86   49   88   67   53   62   46   73   88   50   54   52   60   63   47  252  273  265  265  247  254  232  258  253  253  266  250  271  268  266  243  233  257  266  251  263  270  257   88   66   67   68   69   67   76   59   71   97   87   97  106   84   96   99   83   77   95   60  100   94   69   68  100   67   67   71   96   86   72   78   83   83   85   65   97   68   77  108  108   90  132  116  106  121  117  118  109  136  124   99  106   96  103  114  126  100  103   89   90   94  125  115   96  103   88  119  110  117  129   68   89   61   60   63   62   78   71   75   85   74   90   87   91   62   64   69   75   90   62   96   82   97   72   81  
 39   30   37    8   14    1    5    3   26   16   17   15   25   28   22    0   19   12   37   20   83   78   80   61   52   63   53   84   83  197  207  179  179  175  176  188  165  173  173  161  189  169  203  157  168  186  177  162  168  204  173  170  177  167  184  192  184  199   54   62   75   71   58   32   54   34   73   41   70   56   34   45   36   57   73   34   38   45   45   47   34  255  276  267  268  249  255  236  259  257  258  268  253  273  269  269  247  237  261  269  253  266  272  262   76   58   54   64   58   50   63   46   60   86   78   83   96   69   85   88   69   66   81   46   89   83   55   59   91   54   51   56   87   76   65   66   75   75   99   82  113   87   90  108  112   89  129  110  109  117  119  113  108  135  119  101  107   97  107  117  123   99  105   86   87   89  127  113   98  100   86  119  105  114  129   52   69   51   41   45   46   57   57   56   71   63   73   68   77   48   53   57   57   75   45   76   65   80   58   64  
 44   23   26   25   33   19   16   18   32    7   32   19   16   12    6   19    0   15   40   34   78   76   77   67   56   67   51   86   86  194  203  176  174  171  174  187  161  168  172  159  188  166  199  155  165  184  173  159  167  200  171  169  175  163  184  191  180  196   63   67   82   76   61   45   58   44   80   43   82   61   48   56   40   67   82   44   48   46   54   57   41  248  269  261  261  243  249  229  254  249  250  262  246  267  264  262  239  230  253  262  247  259  266  254   89   68   68   71   70   66   77   59   72   98   88   97  108   84   97  100   83   78   95   60  101   95   69   70  102   67   66   71   98   87   74   79   85   85   84   65   97   69   75  103  104   85  127  110  102  116  113  113  104  132  118   94  102   92   99  110  121   95   99   84   85   88  121  110   92   98   83  115  105  112  124   68   87   62   58   62   61   75   71   73   86   75   89   85   91   62   65   70   74   90   61   94   81   96   72   81  
 49   35   40   20   22   12   14   14   36   17   29   24   28   27   21   12   15    0   46   32   90   86   87   72   62   73   61   94   93  187  196  168  167  164  165  178  154  162  163  151  179  158  192  146  157  175  166  151  158  193  162  160  166  156  174  182  173  188   49   54   68   63   49   30   46   29   66   32   67   48   33   42   27   53   68   29   33   35   39   42   27  243  264  256  256  238  243  224  248  245  246  256  241  261  258  257  235  225  249  258  241  254  261  250   88   70   66   75   70   62   75   58   72   98   90   95  108   80   97  100   81   78   93   57  101   95   67   71  103   66   63   68   99   88   77   78   87   87   88   71  102   77   78   96  100   78  118  100   97  107  107  103   97  124  109   89   95   85   95  105  113   87   94   75   77   79  115  102   86   89   75  108   95  103  118   64   79   63   52   57   58   67   69   67   83   75   84   79   89   60   65   69   68   87   56   86   76   91   70   75  
  6   21   28   32   42   37   33   34   11   33   26   23   27   35   37   37   40   46    0   25   51   42   44   28   16   27   18   48   47  233  242  214  213  210  212  224  200  207  209  197  225  204  237  192  203  221  212  197  204  239  209  206  212  202  220  228  219  234   89   99  110  107   95   67   91   70  109   77  103   92   67   80   72   91  108   70   74   81   81   82   70  288  309  301  301  283  289  268  293  289  290  302  286  306  303  302  279  269  293  302  287  299  306  293   55   31   38   31   36   42   46   31   39   62   52   66   71   56   62   64   53   44   64   35   66   59   41   34   65   36   41   44   60   52   35   46   47   47  121  100  133  101  113  142  144  124  164  146  141  153  152  149  143  170  155  134  141  131  139  149  159  133  138  121  123  125  160  148  131  135  121  154  141  150  163   44   71   28   42   42   38   61   41   55   55   41   65   65   60   35   33   38   52   61   41   76   58   71   42   57  
 24   31   40   12   18   20   19   18   15   28    3   17   31   37   35   20   34   32   25    0   75   66   69   43   38   47   43   68   68  216  225  197  198  194  194  205  184  192  191  179  206  187  221  175  187  203  196  180  186  223  191  187  194  185  201  210  203  217   66   78   88   86   76   44   71   48   86   59   79   72   43   57   53   68   85   48   52   63   58   59   50  274  295  286  287  268  274  255  278  276  278  287  272  292  288  288  267  256  280  289  272  285  291  281   57   39   35   46   38   32   43   26   41   66   58   64   77   50   65   68   50   47   62   27   70   64   36   39   71   35   33   37   68   56   46   47   56   56  117   99  131  103  108  126  131  108  147  127  128  135  138  130  126  154  137  120  126  116  126  136  142  117  125  104  106  107  146  131  117  118  105  138  122  132  148   34   55   32   25   28   28   44   38   40   52   44   56   52   58   29   33   38   40   57   27   61   47   63   39   47  
 52   55   52   81   92   85   79   81   61   73   76   68   62   67   72   83   78   90   51   75    0   17   13   50   42   40   32   37   35  269  277  252  246  246  250  264  235  240  248  236  265  241  273  231  240  260  247  234  244  274  247  246  251  238  261  267  254  272  137  144  158  153  139  115  135  117  156  121  153  138  116  129  117  140  156  118  122  124  128  130  116  318  339  332  330  314  321  297  326  318  317  333  316  337  335  331  307  298  321  331  319  328  336  321   83   63   78   51   71   86   82   74   73   84   73   95   87   94   84   84   87   74   94   79   87   81   81   67   81   75   83   85   77   76   59   78   68   67  139  117  147  113  134  179  175  161  204  188  174  193  186  190  180  207  195  168  176  167  171  182  197  171  172  161  162  166  195  186  165  174  160  190  182  188  198   87  115   66   90   89   83  108   79  100   88   74  103  107   91   77   71   74   96   95   87  118   99  109   79   98  
 42   53   53   74   84   79   74   75   53   70   68   63   61   67   71   78   76   86   42   66   17    0    4   34   30   24   26   21   19  270  279  252  249  247  251  263  236  243  248  236  265  242  275  231  241  260  248  235  244  276  247  246  251  239  260  267  255  273  131  140  153  149  136  109  132  112  151  118  145  134  109  123  113  133  150  112  116  121  123  124  112  322  343  336  334  318  324  302  329  323  322  336  320  341  338  335  312  303  326  336  322  332  340  326   66   47   63   35   55   72   67   60   57   67   56   78   70   78   67   67   71   58   78   66   70   64   66   52   64   60   69   70   60   59   43   62   51   50  146  124  155  121  140  180  178  161  203  186  177  192  188  189  180  208  195  170  177  168  173  184  197  172  174  160  162  165  197  186  167  174  160  191  181  188  200   73  101   51   78   76   70   94   64   86   72   58   88   93   75   63   56   59   82   78   74  103   84   93   64   83  
 45   54   53   76   86   81   75   77   55   71   70   64   61   67   72   80   77   87   44   69   13    4    0   38   33   28   27   24   23  270  279  252  249  247  251  264  236  242  248  236  265  242  274  231  241  260  248  235  244  276  247  246  251  239  260  267  255  273  133  141  154  150  137  111  133  113  152  119  147  135  111  124  114  135  152  114  118  122  124  126  113  321  343  335  334  317  324  301  329  322  321  336  320  340  338  334  311  302  325  335  322  332  339  325   70   51   67   39   59   75   71   63   61   71   60   82   74   82   71   71   75   62   82   69   74   68   70   56   68   64   72   74   64   63   47   66   55   54  144  122  153  119  139  180  178  162  204  187  176  193  188  189  180  208  195  169  177  168  173  184  197  172  174  160  162  165  196  186  167  174  160  191  181  188  200   76  104   55   81   79   73   98   68   89   76   62   92   96   79   67   60   63   85   82   77  107   88   97   68   87  
 23   48   54   54   61   61   58   58   36   60   46   49   54   63   64   61   67   72   28   43   50   34   38    0   14   10   28   26   27  258  267  239  239  236  236  248  226  234  234  222  250  229  263  217  229  246  238  223  229  265  234  230  237  228  244  253  245  260  109  121  131  129  119   87  114   91  130  102  120  115   86  100   96  110  128   92   95  105  102  102   93  315  336  327  327  309  315  295  320  316  317  328  313  333  330  329  306  296  320  329  313  326  332  321   34   13   30    3   21   38   33   27   23   39   27   46   45   44   38   40   38   25   45   33   42   35   32   18   39   26   35   37   35   29   10   28   22   22  148  127  160  128  140  168  171  149  189  170  168  178  179  173  168  196  180  161  167  157  166  176  184  159  165  147  148  150  187  173  158  160  147  180  165  175  190   39   67   18   46   43   37   61   30   52   38   24   54   59   42   30   22   25   48   45   42   69   50   59   30   49  
 14   35   40   47   56   53   49   50   26   49   40   39   42   50   52   52   56   62   16   38   42   30   33   14    0   11   15   32   31  249  258  230  229  226  228  240  216  223  225  213  241  220  254  209  219  237  228  213  220  255  225  222  228  218  236  244  235  251  104  114  125  123  111   81  106   85  124   93  117  108   81   95   88  105  123   85   89   97   96   97   86  304  325  317  317  299  305  284  310  305  306  318  302  322  319  318  295  285  309  318  303  315  322  309   47   23   37   17   31   44   42   32   33   52   41   59   59   54   52   54   48   37   58   37   56   49   40   28   53   34   41   44   49   42   24   40   36   35  135  114  146  114  127  158  160  140  181  162  157  169  169  165  159  186  171  150  157  147  155  165  175  150  154  137  139  141  177  164  147  151  138  170  157  166  180   45   73   24   48   47   41   66   39   58   50   35   63   66   54   35   30   34   54   56   45   77   58   69   39   57  
 24   46   49   57   66   64   59   60   37   60   50   49   52   60   63   63   67   73   27   47   40   24   28   10   11    0   21   21   21  260  269  241  240  237  239  250  227  234  236  224  252  231  264  219  230  248  239  224  231  266  236  233  239  229  247  255  246  261  114  125  135  133  121   91  117   95  134  104  126  118   91  105   99  115  132   95   99  108  106  107   96  315  336  328  327  310  316  295  320  316  316  328  313  333  330  329  306  296  320  329  314  326  332  320   44   23   39   12   31   48   43   36   33   47   36   56   53   54   47   48   48   35   55   42   50   44   42   28   46   36   45   46   42   38   20   38   30   30  145  124  156  123  138  169  171  151  191  173  168  180  179  176  170  197  182  161  168  158  165  176  186  160  165  148  150  152  187  175  158  162  148  181  167  177  190   49   76   27   54   52   46   70   40   62   49   34   64   68   52   39   32   35   58   55   50   79   60   69   40   59  
 20   28   30   49   60   54   48   50   29   45   44   38   35   43   46   53   51   61   18   43   32   26   27   28   15   21    0   37   36  245  254  227  224  222  225  238  211  218  223  211  239  217  250  206  216  235  224  210  218  251  222  220  226  214  234  242  231  247  106  115  127  123  110   84  106   87  125   92  121  109   85   98   88  109  125   87   91   96   97   99   86  298  319  312  311  294  300  278  305  299  299  312  296  317  314  312  288  279  302  312  298  309  316  303   62   38   50   31   45   56   57   44   48   67   55   73   73   68   66   68   63   51   72   50   70   63   53   42   67   48   54   57   62   57   38   54   50   49  125  104  136  103  118  154  154  136  178  161  152  167  164  163  155  183  169  145  152  143  149  160  172  146  149  135  136  139  172  161  142  149  135  166  155  163  175   58   86   38   59   58   53   78   53   70   64   50   77   79   69   48   44   48   67   71   57   90   71   83   53   71  
 45   65   67   78   86   85   80   81   58   80   70   70   71   79   82   84   86   94   48   68   37   21   24   26   32   21   37    0    2  280  289  262  260  257  259  271  247  254  257  245  273  252  285  240  251  269  259  245  252  287  256  254  260  249  267  276  266  282  135  146  156  154  142  112  138  116  155  125  146  139  111  125  120  136  153  116  120  128  127  127  117  334  355  348  347  330  336  315  340  335  335  348  333  353  350  348  325  316  339  349  334  345  352  339   51   38   54   25   45   64   55   54   46   49   40   62   51   65   50   49   58   45   62   59   52   46   57   41   45   51   61   61   41   44   31   49   35   34  162  140  172  138  155  190  190  171  212  193  188  201  200  196  190  218  203  181  188  178  185  196  206  181  185  169  170  173  208  196  178  183  169  201  188  197  211   64   91   44   72   69   63   86   54   77   58   46   75   82   60   56   48   49   72   64   68   91   73   79   54   72  
 45   64   66   78   86   84   80   81   57   79   70   70   71   78   81   83   86   93   47   68   35   19   23   27   31   21   36    2    0  279  288  261  259  257  259  271  246  253  256  244  272  251  284  239  250  268  258  244  251  286  256  253  259  248  267  275  265  281  134  145  156  153  142  112  137  116  154  124  146  139  111  125  119  136  153  116  120  128  126  127  117  333  355  347  346  329  335  314  340  334  334  347  332  352  349  347  324  315  338  348  333  344  351  338   52   38   55   25   46   64   56   54   47   51   41   63   52   66   52   51   59   46   63   60   53   48   58   42   46   52   61   62   43   45   32   50   36   36  160  139  171  137  154  189  189  170  211  193  187  200  199  196  189  217  202  180  187  177  184  195  206  180  184  168  170  172  207  195  177  182  168  200  188  197  210   65   91   45   73   70   64   87   55   78   59   47   76   83   61   57   48   50   73   65   68   93   74   80   54   73  
236  217  217  204  199  197  200  200  223  201  213  210  210  203  199  197  194  187  233  216  269  270  270  258  249  260  245  280  279    0   10   20   27   23   27   29   35   35   30   39   27   29    7   42   29   18   24   35   37    9   26   37   24   31   36   21   17    9  157  140  138  135  141  176  146  170  138  157  158  147  179  165  162  159  144  170  167  153  161  163  167   69   85   75   80   59   62   60   65   74   85   76   68   83   77   84   74   60   82   84   60   81   83   85  269  255  246  261  253  239  254  240  254  279  273  271  289  255  277  281  258  260  269  237  282  277  246  254  285  248  242  245  282  270  262  259  271  271  145  162  146  172  144   91   95  109   69   92   95   82   83   87   90   62   80  101   93  102   99   88   74   99   97  111  110  108   74   85  104   98  111   79   95   83   71  240  238  247  227  232  236  230  249  236  261  257  254  244  266  241  248  251  240  262  232  246  247  259  250  247  
245  226  226  213  208  206  209  209  232  209  222  219  218  212  207  207  203  196  242  225  277  279  279  267  258  269  254  289  288   10    0   29   33   32   36   36   43   41   39   48   34   38    5   51   38   27   31   45   47    3   36   46   34   40   43   27   24   14  166  150  148  145  150  185  155  179  148  166  168  156  189  175  172  169  154  179  177  162  170  172  176   60   76   65   71   50   52   53   55   66   77   66   59   74   68   76   66   53   74   75   50   72   74   77  278  264  256  270  262  249  263  249  264  288  282  281  299  264  287  290  267  270  278  247  291  286  256  264  295  257  251  254  292  279  271  268  280  280  152  169  152  179  151   99  103  118   79  101  103   91   91   97   99   71   89  110  102  111  107   96   83  108  105  121  119  117   83   94  112  107  120   88  105   92   79  249  248  256  236  241  245  240  259  245  270  266  263  254  275  250  257  260  249  272  242  255  256  268  260  256  
217  199  200  185  180  178  182  181  204  182  194  192  192  185  181  179  176  168  214  197  252  252  252  239  230  241  227  262  261   20   29    0   24   13   10   22   22   30   13   19   21   10   26   23   13   10   17   18   20   28    7   20    7   16   26   19   16   20  137  121  119  116  122  157  127  151  119  138  139  127  160  146  143  140  125  150  148  134  142  144  148   87  105   94   99   78   81   76   84   92  101   95   86  102   97  103   90   77  100  102   79   99  102  102  249  236  227  242  234  220  234  221  235  260  254  252  270  235  258  262  239  241  249  218  262  258  227  235  266  229  222  226  263  251  243  240  252  252  132  147  135  158  130   73   80   91   50   72   79   62   66   68   72   44   60   85   76   85   84   73   55   81   80   93   91   89   58   66   87   79   93   62   76   65   54  221  219  228  207  213  217  211  230  216  242  238  234  225  247  222  228  232  220  243  213  226  227  239  231  227  
217  196  196  186  182  178  181  181  204  180  195  190  189  182  178  179  174  167  213  198  246  249  249  239  229  240  224  260  259   27   33   24    0   12   33   46   15    8   36   35   44   23   28   35   19   33    7   24   42   29   29   42   30   17   50   40   10   34  143  125  127  122  124  160  130  154  126  139  147  132  164  151  145  146  133  153  152  135  146  148  150   77   97   88   90   71   76   61   81   80   86   89   76   95   91   93   75   62   87   93   74   89   94   88  252  237  230  242  235  223  237  223  237  262  255  256  273  239  261  264  242  243  253  221  265  260  230  237  268  231  225  229  265  253  244  242  253  253  119  137  120  146  119   71   71   90   56   80   72   68   60   74   71   45   66   79   72   82   76   65   58   81   75   94   92   92   52   67   82   81   93   60   82   67   49  224  225  229  211  216  219  216  233  221  245  240  240  230  250  224  230  234  225  247  216  233  232  245  234  232  
213  194  194  182  177  175  178  178  200  178  191  187  187  180  176  175  171  164  210  194  246  247  247  236  226  237  222  257  257   23   32   13   12    0   21   35   11   17   24   24   34   11   28   25    8   22    5   15   30   29   17   30   18    8   39   31    9   28  136  120  119  116  119  155  124  149  119  135  140  126  158  145  140  139  126  148  146  131  140  142  145   84  103   93   97   76   81   70   85   88   96   94   83  101   96  100   84   71   95  100   79   96  101   97  247  233  225  239  231  218  232  218  233  258  251  251  268  234  256  260  237  239  248  216  260  256  225  233  264  226  220  224  261  248  240  238  249  249  122  139  124  148  121   68   71   86   49   72   72   61   59   67   67   40   59   78   70   79   76   65   52   77   74   89   88   87   51   62   81   76   89   56   75   62   47  219  219  225  205  211  215  210  228  215  240  236  234  224  245  219  226  229  219  241  211  226  226  239  229  226  
215  197  199  182  177  175  179  178  202  180  191  189  190  184  179  176  174  165  212  194  250  251  251  236  228  239  225  259  259   27   36   10   33   21    0   16   28   39    4   15   16   14   34   19   18   10   26   20   11   35    6   11    3   21   18   17   26   24  132  117  113  111  118  153  123  147  113  135  133  123  155  141  140  134  119  146  144  131  137  139  144   95  112  101  107   85   88   85   91  101  110  102   94  109  104  111   99   86  108  110   86  107  110  111  245  232  223  239  230  216  230  217  231  255  250  247  266  231  254  257  234  237  245  214  258  254  223  232  262  225  218  221  259  247  240  236  248  248  134  149  139  160  132   72   81   89   47   68   80   59   67   64   71   44   57   85   76   84   85   74   54   79   81   91   89   86   60   64   87   77   91   62   72   62   55  216  213  224  203  208  212  206  226  212  237  234  229  220  242  218  225  228  216  238  209  221  223  234  227  222  
226  210  212  194  187  187  191  190  213  193  202  201  203  197  192  188  187  178  224  205  264  263  264  248  240  250  238  271  271   29   36   22   46   35   16    0   43   52   17   29    3   29   36   34   33   13   39   36   19   37   21   18   18   37    7    9   37   22  142  127  122  121  129  163  134  157  122  147  140  134  165  151  152  143  127  157  154  143  148  149  155   95  110   98  106   85   85   89   88  102  113   99   94  108  101  111  102   89  110  110   84  107  108  113  255  243  233  251  240  225  240  228  242  265  260  257  276  240  263  267  244  247  254  224  268  264  233  242  272  235  228  231  270  257  251  246  259  259  150  164  154  175  147   86   97  103   60   78   95   71   83   75   85   59   69  100   90   98  100   90   67   93   96  103  102   99   75   78  102   89  104   76   83   76   71  226  222  235  213  218  222  214  236  221  247  244  238  228  251  228  235  238  225  247  219  229  231  243  237  231  
203  183  183  172  168  164  168  167  190  167  181  177  176  169  165  165  161  154  200  184  235  236  236  226  216  227  211  247  246   35   43   22   15   11   28   43    0   14   29   24   43   14   38   22   10   32   12   12   33   40   22   34   26    7   46   41   19   40  128  111  112  107  110  146  115  139  111  125  132  117  149  136  131  131  118  139  137  121  131  134  135   92  112  103  105   85   90   76   94   95  101  103   91  109  105  107   90   77  102  107   88  104  109  103  238  223  215  229  221  209  223  209  223  248  241  241  259  225  246  250  228  229  239  206  251  246  215  223  254  217  211  214  251  239  230  228  239  239  111  127  113  137  109   58   60   76   41   65   60   53   48   59   57   31   51   67   59   69   65   53   43   67   63   79   78   77   40   53   70   66   79   46   67   52   36  209  210  215  196  202  205  201  219  206  231  226  225  216  236  210  216  220  210  232  202  218  217  230  219  217  
211  190  190  181  177  173  176  176  198  174  190  185  183  176  172  173  168  162  207  192  240  243  242  234  223  234  218  254  253   35   41   30    8   17   39   52   14    0   41   38   51   26   36   37   22   39   13   26   46   37   34   47   36   19   56   48   18   42  139  122  124  119  120  156  125  149  123  134  145  128  160  147  140  143  130  149  147  130  142  145  145   82  102   94   94   76   82   64   87   84   89   94   80  100   96   96   77   65   90   97   80   93   99   91  247  231  225  237  230  218  233  218  232  258  250  251  268  235  256  260  238  238  249  216  260  255  225  232  263  226  221  224  260  248  238  238  248  248  111  129  112  138  111   66   64   85   53   77   66   65   55   72   66   42   64   73   67   77   69   58   55   76   69   89   88   87   47   63   76   77   88   55   79   63   44  219  222  224  206  211  215  212  228  217  240  235  235  226  246  219  225  229  220  243  212  229  228  241  229  228  
212  195  196  179  174  172  176  176  199  178  188  186  187  182  177  173  172  163  209  191  248  248  248  234  225  236  223  257  256   30   39   13   36   24    4   17   29   41    0   12   17   15   37   17   19   13   29   20    7   39    7    7    6   22   17   19   29   28  129  114  110  108  115  150  120  144  110  132  129  120  152  138  137  131  116  143  141  128  134  136  141   99  116  105  110   89   91   89   95  104  114  106   98  113  107  115  102   89  112  114   90  111  113  114  242  229  220  237  227  212  227  214  228  252  247  244  263  228  251  254  231  234  242  211  255  251  220  229  259  222  215  218  256  244  237  233  245  245  134  148  138  158  131   70   80   87   45   65   78   56   66   61   69   42   54   83   74   82   83   73   51   77   79   88   86   84   59   62   85   74   88   60   69   60   54  213  210  221  200  205  209  202  223  208  234  231  226  216  239  215  222  225  212  235  206  217  219  231  224  219  
