115

    0      8     38    360    383    342    376    355    362    364    368    360    600    589    564    603    569    583    539    556    571    598    530    526    526    519    534    509    551    564    930    923    690    690    688    683    701    666    709    239    273    217    226    227    275    275    233    252    245    228    284    314    287    315    299    274    310    290    470    459    486    448    519    491    502    501    510    461    456    494    489    475    473    309    311    303    262    270    278    274    281    313     58     88     61    915    903    452    477    472    499    463    475    435    466    490    457    432    490    469    463    463    496    457    469    470    557    532    551    574    551    531    553    541    542  
    8      0     36    366    389    347    382    361    367    369    374    366    593    581    556    596    562    576    532    549    564    591    529    526    526    518    534    509    550    563    938    931    684    683    682    677    695    660    703    231    265    209    218    219    268    267    225    245    237    221    281    310    283    311    296    270    307    286    474    463    490    452    523    494    505    504    513    464    460    497    493    479    477    301    304    295    254    263    270    266    273    305     61     89     63    915    904    449    474    468    497    460    473    432    465    489    455    430    488    467    462    462    494    455    468    468    550    526    544    568    545    524    546    534    536  
   38     36      0    349    372    327    367    343    350    349    356    352    599    587    562    605    570    585    542    555    571    601    562    560    560    551    568    544    585    597    951    944    657    658    656    651    668    633    677    221    255    196    210    205    253    251    216    230    226    210    246    277    250    277    262    236    273    252    508    497    523    486    557    529    539    538    548    498    493    531    527    512    511    297    303    296    257    264    266    264    269    300     38     61     37    882    870    480    503    497    527    490    504    463    498    521    488    462    520    500    495    495    526    488    500    499    562    537    557    582    559    537    560    547    548  
  360    366    349      0     25     43     36      7      3     31      9     29    940    928    903    949    913    931    888    897    915    947    842    829    830    831    836    806    848    867    774    763    808    836    833    824    824    794    846    538    567    510    532    511    551    545    534    532    538    525    366    423    401    406    394    376    399    403    677    666    683    649    719    705    699    693    726    677    647    695    690    664    677    625    635    633    598    602    595    596    598    621    311    293    312    686    681    792    823    818    841    807    810    772    791    816    778    761    815    789    778    784    828    781    796    804    910    883    905    930    907    885    908    895    896  
  383    389    372     25      0     65     24     32     23     47     22     30    965    953    928    973    937    955    912    921    939    971    858    845    845    848    851    821    863    883    758    746    829    858    855    847    845    816    868    563    592    535    557    536    576    570    558    557    563    550    390    446    425    429    417    399    423    427    686    676    693    658    729    715    709    702    737    687    656    705    700    673    687    650    660    658    622    627    620    621    623    646    335    317    336    686    681    811    843    838    861    827    829    791    809    833    796    780    833    806    795    801    846    799    813    823    934    907    929    953    931    908    932    918    920  
  342    347    327     43     65      0     79     38     45     24     44     69    912    899    874    921    885    904    861    868    887    920    839    828    828    828    835    805    848    866    815    804    765    794    791    782    781    751    804    506    534    478    501    478    517    511    502    499    506    493    325    381    361    365    353    335    358    363    687    677    695    660    732    715    712    706    737    687    659    707    702    677    688    594    605    604    570    574    564    567    568    590    290    269    290    664    657    783    812    807    832    797    803    764    785    810    773    754    809    784    774    779    821    776    790    796    884    858    881    905    883    860    884    870    871  
  376    382    367     36     24     79      0     41     34     65     38     16    962    950    925    970    934    951    908    919    936    967    842    828    829    832    834    804    846    866    739    727    843    871    868    859    859    829    881    563    593    535    557    537    578    572    558    559    564    550    399    456    434    440    427    408    433    436    666    656    672    638    708    695    688    681    716    667    635    684    679    652    666    649    659    656    619    625    619    620    622    647    330    313    331    709    704    798    830    826    848    814    815    778    794    818    781    765    818    791    779    786    832    784    799    809    929    903    924    948    925    903    926    913    915  
  355    361    343      7     32     38     41      0      9     29     14     32    934    922    897    943    907    925    882    891    909    941    838    825    826    828    832    802    844    864    778    767    803    830    827    819    818    788    840    532    561    504    526    504    545    539    527    526    532    519    360    417    395    400    388    370    393    397    675    664    682    647    718    703    698    692    725    675    645    694    688    662    675    619    629    627    592    596    589    590    592    615    306    287    307    686    680    788    818    814    837    803    806    768    787    812    774    757    811    785    774    780    824    777    792    800    904    878    900    924    901    879    903    889    890  
  362    367    350      3     23     45     34      9      0     33      9     27    942    930    905    951    915    933    889    898    916    948    842    829    830    832    836    806    848    868    772    760    810    838    835    827    826    796    848    540    569    512    534    513    553    547    536    534    540    527    368    425    403    408    396    378    402    406    676    666    683    648    719    705    699    693    726    677    647    695    690    664    677    627    637    635    599    604    597    598    600    623    313    294    314    687    682    793    824    819    842    808    811    773    792    816    779    762    816    790    779    785    828    782    796    805    911    885    907    931    909    886    910    896    897  
  364    369    349     31     47     24     65     29     33      0     27     59    935    923    898    945    908    928    884    891    910    943    856    844    845    845    851    821    864    882    803    792    783    813    810    801    799    770    822    530    558    502    525    501    540    534    526    522    529    517    346    402    382    385    374    357    379    384    699    688    706    671    742    727    722    716    748    698    669    718    713    687    699    618    629    628    593    597    588    590    591    613    312    291    313    658    653    802    832    827    851    816    821    783    803    828    791    773    827    802    791    797    839    794    808    815    907    881    904    928    906    883    907    893    894  
  368    374    356      9     22     44     38     14      9     27      0     34    947    935    910    956    920    938    895    903    921    954    850    838    838    840    844    814    857    876    776    765    809    837    834    826    824    795    847    544    572    516    538    516    556    550    539    538    544    531    369    425    404    408    396    378    402    406    685    675    692    657    728    714    708    702    735    686    655    704    699    673    686    631    641    640    604    609    601    603    604    627    319    300    320    679    673    801    831    827    850    816    819    781    800    824    787    770    824    798    787    793    836    790    804    813    917    890    912    937    914    892    916    902    903  
  360    366    352     29     30     69     16     32     27     59     34      0    947    935    910    955    919    936    892    903    921    952    830    816    817    820    823    792    834    854    747    735    832    858    856    847    847    817    869    548    577    520    541    521    563    557    543    544    548    535    386    443    420    427    414    395    420    423    657    647    664    629    700    686    680    673    707    658    627    676    671    644    658    634    643    640    604    609    603    604    607    631    314    298    316    712    707    784    816    812    834    800    802    765    781    806    768    752    805    778    767    774    819    771    786    796    913    888    908    933    910    888    911    898    899  
  600    593    599    940    965    912    962    934    942    935    947    947      0     14     38     39     38     60     81     44     34     64    588    617    614    582    624    630    642    627   1480   1476    657    603    606    610    653    628    629    409    387    437    412    441    413    421    413    424    412    422    655    621    621    640    639    637    643    620    796    790    817    795    829    795    824    831    800    777    812    814    813    823    801    321    308    308    344    338    349    346    346    329    636    650    634   1288   1271    459    427    423    454    438    486    470    528    530    538    505    529    544    561    542    505    527    522    490    101     99    121    126    133    123    131    119    113  
  589    581    587    928    953    899    950    922    930    923    935    935     14      0     26     48     35     64     78     33     31     71    587    616    613    581    623    628    641    626   1472   1468    646    593    595    599    642    617    619    397    374    424    399    428    400    408    400    411    399    409    642    608    607    627    626    624    630    607    791    786    812    790    825    790    820    826    796    772    806    810    808    818    796    308    295    296    332    326    337    333    333    316    624    638    622   1275   1258    457    426    422    453    437    484    468    526    529    536    502    528    542    558    540    504    525    521    489    103     97    123    130    135    122    133    119    113  
  564    556    562    903    928    874    925    897    905    898    910    910     38     26      0     61     30     68     65      9     28     79    575    603    600    568    610    614    628    614   1449   1445    635    583    585    589    631    606    609    372    350    400    375    403    376    384    376    387    375    385    618    585    584    604    603    601    607    584    773    767    793    770    807    772    801    808    778    754    787    791    790    799    778    284    270    271    307    301    312    308    308    292    599    613    597   1255   1238    443    413    409    442    423    471    453    512    516    521    487    514    528    544    525    491    510    507    475     98     85    117    130    130    112    128    112    106  
  603    596    605    949    973    921    970    943    951    945    956    955     39     48     61      0     38     29     67     63     38     26    560    590    587    554    596    604    613    598   1471   1467    693    640    642    646    689    664    666    424    403    451    425    456    431    440    427    441    427    436    674    642    641    661    659    656    664    640    776    771    796    776    808    773    803    810    778    757    793    794    792    804    781    336    321    319    352    348    363    358    359    346    642    657    640   1315   1298    433    399    395    425    411    459    445    502    503    512    480    501    518    535    516    476    501    496    463     72     80     91     92    102     98    100     92     87  
  569    562    570    913    937    885    934    907    915    908    920    919     38     35     30     38      0     38     44     29      4     50    553    582    579    547    589    594    607    592   1444   1440    664    613    615    619    661    635    639    386    366    414    388    418    393    402    389    403    390    399    636    605    603    623    621    618    626    603    759    753    779    757    792    757    787    793    763    740    774    777    776    786    764    298    284    282    316    311    325    321    322    309    607    622    605   1278   1261    423    392    388    419    403    450    434    492    495    502    468    494    509    524    506    470    491    487    455     71     63     90    100    102     88    100     86     80  
  583    576    585    931    955    904    951    925    933    928    938    936     60     64     68     29     38      0     44     66     40     16    532    562    559    526    568    575    586    570   1444   1441    701    650    652    656    698    672    676    411    392    437    411    443    421    430    413    430    415    423    664    634    631    652    650    646    655    631    748    743    768    748    780    745    775    782    749    729    765    765    764    776    753    324    308    304    335    332    350    343    346    335    623    639    621   1310   1293    405    371    367    397    383    430    417    474    475    484    452    473    490    507    488    448    473    468    435     44     53     63     67     75     70     72     64     58  
  539    532    542    888    912    861    908    882    889    884    895    892     81     78     65     67     44     44      0     59     48     60    511    539    536    504    546    551    564    550   1405   1401    682    633    635    638    680    652    660    369    352    396    369    402    381    390    372    389    373    381    624    595    592    613    610    606    616    592    716    710    736    715    749    714    744    750    719    696    731    734    732    743    721    283    266    262    292    289    308    301    304    296    579    595    577   1275   1258    380    349    345    377    360    408    391    449    452    459    425    451    465    481    463    427    448    443    412     41     20     56     75     68     47     67     48     42  
  556    549    555    897    921    868    919    891    898    891    903    903     44     33      9     63     29     66     59      0     27     78    568    596    593    561    602    607    621    607   1441   1436    636    585    587    590    633    607    611    366    344    394    369    398    371    379    370    382    369    379    614    581    580    599    598    596    603    579    765    759    785    762    799    764    793    800    770    746    779    783    782    791    770    278    264    264    300    295    306    302    302    287    592    606    590   1252   1235    436    406    402    435    416    464    445    505    508    513    479    507    521    536    518    484    503    499    468     94     79    112    126    125    106    123    106    100  
  571    564    571    915    939    887    936    909    916    910    921    921     34     31     28     38      4     40     48     27      0     52    557    586    583    551    593    598    611    596   1447   1443    662    610    613    616    659    633    637    387    367    415    389    419    394    402    391    404    390    400    637    605    603    624    622    619    627    603    762    757    783    761    796    761    791    797    766    743    778    781    779    790    768    299    285    283    317    313    327    322    323    309    609    623    607   1278   1261    427    396    392    423    406    454    438    496    499    506    472    497    512    528    510    473    495    490    458     74     66     93    104    106     91    104     89     83  
  598    591    601    947    971    920    967    941    948    943    954    952     64     71     79     26     50     16     60     78     52      0    536    566    563    530    572    581    590    573   1456   1453    713    661    663    667    709    684    687    427    408    453    427    459    437    445    429    445    431    439    680    650    647    668    666    662    671    647    756    751    777    757    787    753    783    790    757    737    774    773    772    784    761    340    324    320    351    348    365    359    362    351    638    655    636   1325   1309    410    376    372    401    388    435    423    479    479    490    458    478    496    513    493    453    479    473    440     51     67     69     66     79     79     76     72     67  
  530    529    562    842    858    839    842    838    842    856    850    830    588    587    575    560    553    532    511    568    557    536      0     35     32     12     38     61     54     43   1051   1052   1075   1046   1047   1046   1079   1046   1072    588    604    593    574    609    634    640    585    620    598    590    789    799    778    807    795    774    805    779    290    291    305    306    298    272    304    313    265    272    322    296    298    323    294    566    548    528    509    520    560    545    559    586    587    617    590   1444   1432    136    162    166    136    153    105    135     75     62     78    113     63     66     68     71     84     83     77    103    488    491    469    472    458    466    461    470    476  
  526    526    560    829    845    828    828    825    829    844    838    816    617    616    603    590    582    562    539    596    586    566     35      0      4     37      9     29     29     39   1019   1020   1090   1063   1063   1062   1095   1061   1088    598    616    602    584    618    645    652    595    631    609    600    791    803    782    811    798    777    809    784    258    260    273    275    265    239    271    280    232    241    291    263    265    291    262    581    564    544    523    534    574    559    573    601    583    613    586   1441   1429    161    191    195    167    180    132    156     94     88     91    128     89     80     73     85    114     99     98    128    518    520    499    502    488    495    491    499    505  
  526    526    560    830    845    828    829    826    830    845    838    817    614    613    600    587    579    559    536    593    583    563     32      4      0     33     11     32     31     38   1022   1023   1088   1061   1061   1060   1093   1059   1086    597    614    601    583    617    644    650    594    629    607    599    791    802    781    810    797    776    808    783    261    263    276    278    268    242    274    283    235    244    294    266    268    294    265    580    562    542    521    532    572    557    571    599    583    613    586   1440   1429    158    188    192    164    177    129    153     92     85     89    126     86     78     71     82    111     97     96    125    515    517    496    499    485    492    488    496    502  
  519    518    551    831    848    828    832    828    832    845    840    820    582    581    568    554    547    526    504    561    551    530     12     37     33      0     42     59     60     53   1048   1048   1065   1036   1037   1036   1069   1035   1062    577    593    582    563    598    623    630    574    609    587    579    778    787    766    796    783    763    794    768    286    287    302    302    296    269    301    311    263    268    318    293    295    319    291    556    538    518    499    510    550    534    549    575    576    605    579   1433   1421    128    156    160    131    145     98    125     65     53     67    102     55     55     56     60     78     72     68     95    483    485    463    466    453    460    455    464    470  
  534    534    568    836    851    835    834    832    836    851    844    823    624    623    610    596    589    568    546    602    593    572     38      9     11     42      0     33     20     32   1020   1021   1099   1071   1072   1071   1103   1069   1097    607    625    611    593    627    654    660    604    639    617    609    800    812    790    820    807    785    817    792    259    261    273    277    264    239    270    280    231    242    292    263    265    292    263    590    572    552    531    543    583    567    581    609    591    621    594   1449   1437    168    198    201    173    187    139    164    102     95     99    137     96     88     81     93    120    107    106    135    524    527    505    508    494    502    497    506    511  
  509    509    544    806    821    805    804    802    806    821    814    792    630    628    614    604    594    575    551    607    598    581     61     29     32     59     33      0     43     64    991    992   1087   1061   1062   1060   1092   1058   1086    592    611    595    578    611    639    646    589    624    603    593    778    792    770    799    786    764    796    772    230    231    245    247    238    211    243    253    205    212    262    236    237    262    234    579    562    542    519    531    570    555    569    598    565    595    569   1423   1412    172    206    209    185    193    146    163    103    103     95    132    104     87     73     90    131    105    108    141    532    532    513    517    503    508    505    512    518  
  551    550    585    848    863    848    846    844    848    864    857    834    642    641    628    613    607    586    564    621    611    590     54     29     31     60     20     43      0     28   1016   1018   1118   1091   1091   1090   1123   1089   1116    626    644    630    612    646    673    680    623    659    637    628    817    830    808    838    825    803    835    810    257    260    270    277    259    236    266    276    226    241    292    260    262    290    261    610    592    572    551    563    602    587    601    629    607    637    610   1465   1453    187    215    219    189    205    158    183    122    113    119    156    114    108    101    113    138    127    125    154    542    545    523    525    512    520    514    523    529  
  564    563    597    867    883    866    866    864    868    882    876    854    627    626    614    598    592    570    550    607    596    573     43     39     38     53     32     64     28      0   1044   1046   1118   1089   1089   1089   1122   1088   1114    629    646    634    615    650    675    682    626    661    640    631    827    838    816    846    833    812    844    818    285    288    298    304    286    264    294    304    254    269    319    288    290    317    289    608    591    571    551    562    602    587    601    628    620    650    624   1478   1466    179    202    206    174    194    147    177    118    104    119    155    105    107    105    112    125    125    120    145    527    531    507    509    496    505    498    508    514  
  930    938    951    774    758    815    739    778    772    803    776    747   1480   1472   1449   1471   1444   1444   1405   1441   1447   1456   1051   1019   1022   1048   1020    991   1016   1044      0     16   1563   1581   1578   1571   1577   1545   1595   1168   1202   1146   1155   1155   1204   1202   1163   1180   1174   1158   1106   1160   1134   1148   1133   1109   1142   1137    762    761    747    747    759    781    750    740    791    780    730    757    755    729    758   1233   1232   1220   1178   1188   1204   1197   1206   1240    925    931    930   1359   1361   1107   1151   1150   1146   1132   1101   1086   1057   1073   1041   1054   1074   1044   1024   1042   1101   1051   1064   1094   1407   1392   1393   1410   1388   1378   1391   1387   1391  
  923    931    944    763    746    804    727    767    760    792    765    735   1476   1468   1445   1467   1440   1441   1401   1436   1443   1453   1052   1020   1023   1048   1021    992   1018   1046     16      0   1553   1571   1569   1562   1568   1535   1585   1162   1196   1139   1149   1148   1197   1195   1156   1173   1167   1151   1096   1151   1124   1139   1124   1100   1132   1127    763    762    748    748    761    783    752    742    793    781    731    758    756    730    759   1227   1226   1214   1172   1183   1198   1191   1200   1234    917    923    922   1345   1347   1106   1150   1149   1146   1131   1101   1086   1057   1074   1041   1054   1074   1044   1024   1042   1101   1051   1064   1093   1404   1388   1390   1407   1385   1375   1388   1384   1388  
  690    684    657    808    829    765    843    803    810    783    809    832    657    646    635    693    664    701    682    636    662    713   1075   1090   1088   1065   1099   1087   1118   1118   1563   1553      0     66     62     54     18     31     53    502    479    507    518    491    454    449    506    473    492    504    457    404    432    415    431    455    422    429   1136   1126   1154   1119   1184   1151   1169   1170   1167   1122   1130   1159   1156   1148   1140    510    528    548    568    556    517    532    518    490    669    652    663    759    739    945    939    933    971    938    978    942   1000   1016   1000    963   1015   1012   1018   1007   1003    993    998    978    722    696    736    756    747    720    746    726    721  
  690    683    658    836    858    794    871    830    838    813    837    858    603    593    583    640    613    650    633    585    610    661   1046   1063   1061   1036   1071   1061   1091   1089   1581   1571     66      0      5     15     55     54     27    486    460    495    502    480    438    435    491    459    476    490    477    422    448    435    449    472    442    445   1123   1113   1142   1107   1170   1137   1156   1158   1151   1109   1119   1146   1143   1137   1127    483    500    520    544    532    494    509    494    464    673    660    668    823    803    914    905    899    937    905    947    912    972    986    973    935    985    984    991    979    972    965    969    947    673    649    688    707    700    673    698    678    674  
  688    682    656    833    855    791    868    827    835    810    834    856    606    595    585    642    615    652    635    587    613    663   1047   1063   1061   1037   1072   1062   1091   1089   1578   1569     62      5      0     11     51     49     26    486    459    494    502    479    437    434    490    458    476    489    474    419    445    432    447    470    439    442   1122   1113   1141   1106   1169   1136   1155   1157   1151   1108   1118   1146   1142   1136   1126    483    500    520    544    532    494    509    494    464    672    658    666    819    799    915    906    900    938    906    948    913    972    987    973    936    986    984    991    979    972    966    970    948    675    650    690    709    702    675    700    680    675  
  683    677    651    824    847    782    859    819    827    801    826    847    610    599    589    646    619    656    638    590    616    667   1046   1062   1060   1036   1071   1060   1090   1089   1571   1562     54     15     11      0     44     39     27    483    457    490    498    475    434    430    487    455    473    486    466    411    438    424    439    462    431    435   1119   1109   1138   1103   1166   1133   1152   1153   1148   1105   1114   1142   1139   1132   1123    481    499    519    542    530    492    507    492    462    666    651    660    808    789    915    906    900    938    906    947    912    971    986    972    935    985    983    990    978    972    965    969    948    678    653    693    712    704    678    703    683    678  
  701    695    668    824    845    781    859    818    826    799    824    847    653    642    631    689    661    698    680    633    659    709   1079   1095   1093   1069   1103   1092   1123   1122   1577   1568     18     55     51     44      0     36     37    509    485    515    525    500    461    457    514    480    499    512    472    418    445    430    445    469    436    443   1144   1134   1163   1127   1192   1159   1177   1178   1175   1130   1138   1168   1164   1157   1148    514    532    552    573    562    523    538    523    495    681    665    675    774    755    949    941    935    974    941    982    946   1005   1020   1005    968   1019   1016   1023   1011   1007    998   1003    982    720    694    734    754    746    719    744    724    720  
  666    660    633    794    816    751    829    788    796    770    795    817    628    617    606    664    635    672    652    607    633    684   1046   1061   1059   1035   1069   1058   1089   1088   1545   1535     31     54     49     39     36      0     53    474    450    480    490    464    425    421    478    445    464    476    439    385    412    397    412    436    404    409   1109   1099   1127   1092   1156   1123   1141   1143   1139   1095   1103   1132   1128   1121   1113    480    498    518    539    527    488    503    489    460    646    630    640    771    751    916    909    903    941    908    949    912    971    987    971    934    985    982    989    977    973    964    969    948    693    667    706    727    718    691    717    696    692  
  709    703    677    846    868    804    881    840    848    822    847    869    629    619    609    666    639    676    660    611    637    687   1072   1088   1086   1062   1097   1086   1116   1114   1595   1585     53     27     26     27     37     53      0    509    483    517    525    502    461    457    514    481    499    513    490    435    462    448    462    486    454    459   1146   1136   1164   1130   1193   1160   1179   1180   1175   1131   1141   1169   1165   1159   1150    508    525    545    569    557    518    533    519    489    691    677    686    811    791    940    931    925    963    931    973    938    997   1012    998    961   1011   1009   1016   1004    998    991    995    973    700    675    714    734    726    700    725    705    700  
  239    231    221    538    563    506    563    532    540    530    544    548    409    397    372    424    386    411    369    366    387    427    588    598    597    577    607    592    626    629   1168   1162    502    486    486    483    509    474    509      0     35     29     16     33     49     54      6     33     11     14    259    241    231    256    250    241    258    231    637    627    656    622    684    651    670    672    666    623    634    661    657    651    641     89    103    109     93     89     62     70     65     84    253    257    249    927    912    468    472    466    503    467    500    460    513    532    511    475    531    523    526    518    524    505    513    498    399    370    400    426    406    379    407    389    388  
  273    265    255    567    592    534    593    561    569    558    572    577    387    374    350    403    366    392    352    344    367    408    604    616    614    593    625    611    644    646   1202   1196    479    460    459    457    485    450    483     35      0     60     48     57     34     43     40     38     30     46    273    248    241    265    260    254    267    242    665    655    684    650    711    678    698    700    692    650    662    688    685    680    669     69     88     99     98     89     51     65     54     58    286    290    282    934    918    480    482    475    513    477    513    474    529    547    527    491    546    539    544    534    538    521    528    511    384    354    387    412    393    366    393    375    374  
  217    209    196    510    535    478    535    504    512    502    516    520    437    424    400    451    414    437    396    394    415    453    593    602    601    582    611    595    630    634   1146   1139    507    495    494    490    515    480    517     29     60      0     28     17     61     62     25     38     30     16    236    222    210    237    229    218    237    211    629    620    648    613    677    644    662    664    660    616    625    653    649    643    634    117    130    134    113    111     89     95     92    112    227    231    223    907    892    477    484    477    514    477    508    468    520    539    516    481    538    528    530    523    533    511    519    506    425    396    426    451    431    404    431    414    413  
  226    218    210    532    557    501    557    526    534    525    538    541    412    399    375    425    388    411    369    369    389    427    574    584    583    563    593    578    612    615   1155   1149    518    502    502    498    525    490    525     16     48     28      0     40     65     69     12     47     26     17    264    249    237    263    256    246    264    238    621    612    640    606    668    635    654    656    650    607    618    645    641    636    625     93    105    108     86     83     63     68     67     91    242    249    239    934    919    455    460    454    491    454    487    447    500    519    497    462    518    509    512    504    511    492    499    485    398    369    398    424    404    377    404    387    386  
  227    219    205    511    536    478    537    504    513    501    516    521    441    428    403    456    418    443    402    398    419    459    609    618    617    598    627    611    646    650   1155   1148    491    480    479    475    500    464    502     33     57     17     40      0     49     49     32     26     29     23    226    210    199    225    218    208    225    199    645    635    664    628    693    660    678    679    676    631    640    669    665    658    649    120    136    142    125    121     94    103     98    113    234    235    229    896    880    492    498    492    529    492    524    483    535    555    532    497    554    544    546    539    548    527    535    521    432    403    433    459    439    412    439    422    421  
  275    268    253    551    576    517    578    545    553    540    556    563    413    400    376    431    393    421    381    371    394    437    634    645    644    623    654    639    673    675   1204   1197    454    438    437    434    461    425    461     49     34     61     65     49      0      9     54     24     39     53    243    216    211    233    230    225    235    211    685    676    704    670    732    699    718    720    714    671    681    709    705    699    690    101    120    132    130    122     85     98     88     86    282    282    277    901    885    512    514    508    546    509    544    505    559    578    557    521    576    569    573    564    569    551    558    542    414    385    418    444    425    397    425    406    405  
  275    267    251    545    570    511    572    539    547    534    550    557    421    408    384    440    402    430    390    379    402    445    640    652    650    630    660    646    680    682   1202   1195    449    435    434    430    457    421    457     54     43     62     69     49      9      0     58     25     44     56    235    207    202    224    221    217    227    202    689    679    708    673    736    703    722    723    719    675    685    712    709    703    693    110    129    141    138    131     93    107     96     95    279    278    274    892    876    519    522    516    553    517    551    512    566    584    564    528    583    576    579    570    576    558    565    550    423    394    427    452    434    406    434    415    414  
  233    225    216    534    558    502    558    527    536    526    539    543    413    400    376    427    389    413    372    370    391    429    585    595    594    574    604    589    623    626   1163   1156    506    491    490    487    514    478    514      6     40     25     12     32     54     58      0     36     15     10    258    241    230    256    249    240    257    231    632    623    651    617    679    646    665    667    661    618    629    656    652    647    637     93    106    111     93     89     65     72     68     89    247    252    243    927    912    466    470    464    501    465    497    457    511    530    508    473    528    520    523    515    522    503    510    495    402    372    403    428    408    381    409    391    390  
  252    245    230    532    557    499    559    526    534    522    538    544    424    411    387    441    403    430    389    382    404    445    620    631    629    609    639    624    659    661   1180   1173    473    459    458    455    480    445    481     33     38     38     47     26     24     25     36      0     23     32    236    213    205    229    224    218    231    206    665    655    684    649    712    679    698    699    695    651    660    688    685    678    669    106    124    133    124    117     84     96     88     96    259    260    254    900    884    500    504    498    535    499    532    492    546    565    543    508    564    555    558    550    557    538    545    530    421    391    423    449    429    402    430    411    410  
  245    237    226    538    563    506    564    532    540    529    544    548    412    399    375    427    390    415    373    369    390    431    598    609    607    587    617    603    637    640   1174   1167    492    476    476    473    499    464    499     11     30     30     26     29     39     44     15     23      0     17    253    233    224    249    243    235    250    224    647    637    666    631    694    661    680    682    676    633    643    670    667    661    651     92    107    115    102     96     66     76     70     84    256    260    252    920    904    478    482    476    513    477    510    470    524    543    521    486    541    533    537    528    535    516    523    508    404    375    406    432    412    385    412    394    393  
