153

    0     75     54     55     62     58     72     92     54     23    207    254    217    268    237    304    314    256    282    492    496    510    519    477    468    469    526    495    508    450   1511   1427   1437   1464   1446   1428   1423   1448   1386   1490   1448   1435   1476   1459   1504   1441    949   1301   1281   1324   1312   1314   1329   1244   1278   1318   1286   1330   1278   1336   1287   1358    736    693    667    720    689    712    727    772    764    774    713    764    801    766    770    803    835    812    793    771    787    773    751    893    955    914    927    910    925    958    971   1023   1034    861    838    754    818    802    848    827    810   1327   1376   1346   1380   1377   1375   1420   1332   1346   1414   1336   1410   1421   1394   1381   1382    808    740    794    776    714    720    733    819    778    804    760    754    763    758    826    784    881    950    976    913    905    852    949    915    867    952    873    912    902    890    981    900   1190   1190  
   75      0     40     22     35     18     13     67     25     84    217    245    212    260    228    299    315    246    271    462    467    479    497    447    444    443    489    470    486    419   1454   1371   1380   1409   1390   1372   1370   1392   1329   1434   1392   1379   1419   1403   1448   1385    930   1282   1259   1302   1289   1291   1306   1221   1254   1295   1263   1308   1257   1312   1261   1336    743    703    675    731    695    718    730    785    778    780    720    717    763    727    729    766    790    775    750    731    747    733    706    862    923    881    893    878    892    926    917    971    983    833    813    730    794    780    827    802    787   1285   1330   1304   1338   1334   1329   1378   1288   1304   1370   1295   1367   1380   1349   1338   1342    814    746    795    783    716    716    736    817    774    810    763    760    765    760    831    787    917    988   1011    945    942    884    986    950    901    981    908    945    936    923   1015    934   1159   1159  
   54     40      0     36     56     35     47     96     38     72    237    273    238    288    256    326    340    274    300    498    502    515    530    483    478    478    526    504    519    454   1494   1410   1419   1448   1430   1411   1409   1432   1368   1474   1431   1418   1458   1442   1487   1424    963   1315   1293   1336   1324   1325   1340   1256   1289   1330   1297   1342   1291   1346   1296   1370    766    726    698    753    719    742    755    806    799    804    744    756    801    765    767    803    828    812    788    769    785    771    745    898    959    918    930    915    929    963    956   1011   1022    869    848    765    829    814    861    837    822   1323   1369   1342   1376   1372   1368   1416   1327   1343   1409   1333   1405   1419   1388   1376   1380    838    770    821    807    742    744    761    844    802    834    788    784    791    786    856    812    927    997   1021    957    951    896    995    961    912    995    919    956    947    934   1026    945   1195   1195  
   55     22     36      0     21      4     18     60      4     63    205    238    204    253    221    292    306    239    265    463    467    480    495    448    443    442    492    469    484    420   1465   1381   1391   1419   1401   1382   1379   1403   1340   1445   1402   1390   1430   1413   1458   1395    928   1280   1258   1301   1288   1290   1305   1220   1253   1294   1262   1307   1255   1311   1261   1335    733    693    665    720    686    708    722    774    767    770    710    724    767    731    734    769    796    778    755    735    751    737    712    863    925    883    895    880    894    928    927    980    991    833    812    729    793    778    825    801    786   1290   1337   1309   1343   1339   1336   1383   1294   1309   1376   1300   1373   1385   1355   1343   1346    805    736    787    774    707    710    727    810    767    801    754    751    757    752    822    778    901    971    995    930    926    869    969    934    885    966    892    929    920    907    999    918   1160   1160  
   62     35     56     21      0     23     23     40     19     62    185    217    183    232    200    271    285    218    244    444    448    461    475    428    423    423    474    449    464    400   1451   1368   1377   1404   1387   1368   1365   1389   1326   1430   1388   1376   1416   1400   1444   1381    907   1260   1238   1281   1268   1270   1285   1200   1234   1275   1242   1287   1235   1291   1241   1315    712    672    645    700    665    688    701    754    746    750    690    707    748    713    716    751    779    760    738    717    734    719    695    844    906    864    876    861    875    909    912    965    976    814    793    709    773    758    805    782    766   1273   1320   1292   1326   1322   1319   1366   1277   1292   1359   1282   1355   1368   1339   1326   1329    784    716    766    753    687    689    707    789    746    780    733    730    736    731    801    757    883    953    977    911    908    850    951    916    867    948    874    911    902    889    981    900   1141   1141  
   58     18     35      4     23      0     15     61      7     67    207    239    205    254    222    293    308    241    266    463    468    480    495    448    443    443    492    469    485    420   1463   1380   1389   1417   1399   1381   1378   1401   1338   1443   1400   1388   1428   1412   1457   1394    928   1281   1258   1302   1289   1291   1306   1221   1254   1295   1263   1308   1256   1311   1261   1336    735    695    667    723    688    710    723    776    769    772    712    723    766    730    733    769    795    778    755    735    751    737    711    863    925    883    895    880    894    928    925    979    990    834    813    730    794    779    826    802    787   1290   1336   1308   1343   1339   1335   1382   1293   1309   1376   1299   1372   1385   1355   1342   1346    807    738    789    776    709    711    729    811    769    803    756    753    758    754    824    780    904    974    998    933    929    872    972    937    888    969    895    932    923    910   1003    922   1160   1160  
   72     13     47     18     23     15      0     55     19     78    204    233    200    248    216    287    303    234    259    453    457    469    486    437    434    433    480    459    475    409   1449   1366   1375   1403   1385   1367   1364   1387   1324   1429   1387   1374   1414   1398   1443   1380    919   1271   1248   1292   1279   1281   1296   1211   1244   1285   1253   1298   1246   1301   1251   1326    730    691    663    719    683    705    718    773    765    768    707    710    754    718    721    757    782    766    742    723    739    724    699    852    913    872    883    869    883    917    911    965    977    823    802    720    784    769    816    792    777   1277   1323   1296   1330   1326   1322   1370   1280   1296   1363   1287   1359   1372   1342   1330   1334    802    733    783    771    704    705    724    805    762    797    750    748    753    748    819    774    905    975    998    933    930    872    973    938    889    969    896    933    924    910   1003    922   1149   1149  
   92     67     96     60     40     61     55      0     58     84    151    179    145    194    162    233    248    180    205    405    409    422    435    390    384    384    436    410    425    362   1419   1336   1346   1372   1355   1336   1332   1357   1295   1398   1356   1344   1385   1368   1412   1350    868   1220   1198   1242   1229   1231   1246   1161   1194   1235   1203   1248   1196   1252   1202   1276    676    637    609    665    628    651    664    719    712    713    653    672    711    676    679    713    743    722    702    680    696    682    659    806    867    826    838    823    837    871    880    931    943    775    754    670    734    719    766    743    727   1236   1285   1255   1289   1286   1283   1329   1241   1255   1323   1245   1319   1330   1302   1289   1292    747    679    728    716    649    651    669    751    708    743    696    693    699    694    764    720    855    927    948    883    881    822    924    889    839    917    846    883    874    860    953    872   1103   1103  
   54     25     38      4     19      7     19     58      0     60    202    235    201    250    218    289    303    237    262    461    465    478    493    446    441    440    490    467    482    418   1464   1381   1390   1418   1400   1382   1378   1402   1339   1444   1401   1389   1429   1413   1458   1395    925   1278   1255   1299   1286   1288   1303   1218   1251   1292   1260   1305   1253   1309   1259   1333    730    690    662    717    683    705    719    771    763    767    707    723    765    729    733    768    795    777    754    734    750    736    711    861    923    881    893    878    892    926    926    979    991    831    810    727    791    776    823    799    784   1289   1336   1308   1342   1338   1335   1382   1293   1308   1375   1298   1371   1384   1354   1342   1345    802    733    784    771    704    707    724    807    764    798    751    748    754    749    819    775    897    967    991    926    922    865    966    931    882    963    889    926    917    904    996    915   1158   1158  
   23     84     72     63     62     67     78     84     60      0    186    235    198    250    219    284    293    237    264    477    480    494    501    461    451    453    512    478    491    435   1502   1418   1429   1454   1438   1419   1414   1440   1378   1481   1439   1426   1468   1451   1495   1432    931   1283   1263   1306   1294   1296   1311   1226   1260   1300   1268   1312   1259   1318   1269   1340    714    671    645    698    668    690    705    750    741    752    691    752    787    752    757    789    822    798    780    757    773    759    739    878    940    898    911    894    909    943    962   1012   1024    844    821    737    800    784    830    810    793   1314   1364   1332   1367   1364   1362   1406   1319   1332   1401   1322   1397   1407   1381   1367   1368    786    719    773    754    692    699    712    798    757    783    739    732    741    737    804    762    859    928    954    891    883    829    927    893    845    930    851    890    880    868    959    878   1174   1173  
  207    217    237    205    185    207    204    151    202    186      0     70     43     81     62    104    109     74     97    319    320    337    330    304    284    291    365    313    320    283   1381   1297   1311   1330   1317   1298   1286   1318   1262   1358   1317   1304   1350   1330   1374   1312    752   1103   1085   1128   1117   1120   1134   1049   1083   1123   1090   1133   1080   1142   1094   1162    530    489    462    516    483    506    521    570    562    568    508    617    633    600    609    635    681    642    636    606    623    609    600    712    775    733    749    729    745    778    842    883    896    673    649    563    626    608    654    637    618   1162   1218   1180   1214   1213   1215   1253   1169   1177   1250   1168   1246   1251   1232   1216   1212    602    535    588    571    507    514    527    612    572    599    554    548    556    552    620    577    708    780    800    733    734    672    777    741    690    767    698    734    725    710    804    724   1006   1004  
  254    245    273    238    217    239    233    179    235    235     70      0     38     15     17     55     76      6     30    252    253    270    268    236    220    225    297    248    258    215   1312   1228   1242   1260   1247   1229   1217   1249   1193   1289   1248   1235   1281   1261   1305   1243    697   1049   1029   1072   1060   1063   1077    992   1026   1066   1034   1077   1025   1084   1036   1106    500    464    435    492    453    475    487    547    541    537    478    548    566    533    541    568    612    575    567    538    555    541    531    649    711    670    685    665    681    714    773    814    827    612    589    503    567    550    596    577    559   1096   1150   1113   1148   1146   1148   1186   1102   1111   1183   1102   1179   1185   1165   1149   1146    571    502    551    541    472    472    492    572    530    567    519    518    521    516    587    543    713    786    803    734    740    674    781    745    693    763    702    735    727    711    805    727    943    942  
  217    212    238    204    183    205    200    145    201    198     43     38      0     53     23     89    104     41     68    288    289    306    306    272    257    261    331    285    295    249   1344   1260   1273   1293   1279   1260   1249   1281   1223   1321   1279   1267   1312   1293   1336   1274    734   1086   1066   1109   1098   1100   1114   1029   1063   1103   1071   1115   1062   1122   1073   1143    531    493    465    521    484    506    519    576    569    569    509    581    602    569    576    604    646    611    602    574    591    577    565    686    748    707    721    702    718    751    804    846    859    649    626    541    604    587    634    614    596   1131   1186   1149   1184   1182   1183   1222   1138   1147   1219   1138   1215   1221   1200   1185   1183    603    534    584    572    504    507    525    607    565    598    551    549    554    549    619    575    730    803    821    753    756    692    799    763    711    784    720    754    745    730    824    745    981    980  
  268    260    288    253    232    254    248    194    250    250     81     15     53      0     32     42     64     14     17    239    240    257    254    224    206    211    285    234    244    203   1302   1218   1232   1250   1237   1219   1206   1239   1183   1278   1237   1225   1271   1251   1294   1232    682   1034   1014   1057   1045   1048   1062    977   1011   1051   1019   1063   1010   1070   1021   1091    486    450    421    479    439    461    472    534    528    523    464    537    553    521    529    555    601    562    555    526    543    529    520    635    698    656    671    651    668    700    763    803    816    598    574    489    552    535    582    563    544   1083   1138   1100   1135   1133   1135   1173   1090   1098   1170   1089   1166   1172   1152   1136   1133    557    488    536    527    457    458    478    558    515    553    504    504    507    502    573    529    704    777    793    724    730    664    772    736    683    752    693    725    717    701    795    717    929    928  
  237    228    256    221    200    222    216    162    218    219     62     17     23     32      0     72     91     19     46    265    267    283    284    249    234    239    308    262    273    227   1321   1238   1251   1270   1257   1238   1227   1259   1201   1298   1257   1245   1290   1270   1314   1252    713   1065   1045   1088   1076   1078   1093   1008   1042   1082   1050   1093   1041   1100   1052   1122    517    480    451    508    469    492    503    563    557    554    494    558    579    546    553    581    624    589    579    551    568    554    542    663    726    684    699    680    696    728    782    824    836    627    604    519    582    566    612    592    575   1108   1163   1126   1161   1159   1160   1199   1115   1124   1196   1115   1192   1198   1177   1162   1160    588    519    568    558    489    489    509    589    547    583    536    534    538    533    604    560    726    799    816    748    752    687    795    759    706    777    715    749    740    725    819    740    958    957  
  304    299    326    292    271    293    287    233    289    284    104     55     89     42     72      0     27     56     39    222    221    240    227    207    183    192    273    212    218    191   1292   1208   1223   1239   1227   1209   1194   1229   1175   1268   1227   1215   1262   1241   1284   1223    649   1000    982   1025   1014   1016   1031    946    980   1020    987   1030    977   1038    991   1059    445    409    380    437    398    420    432    493    487    482    423    525    534    503    513    536    586    542    540    508    525    512    507    610    673    631    647    626    643    675    755    792    805    570    546    460    522    504    551    534    514   1063   1120   1080   1114   1113   1117   1152   1070   1076   1150   1067   1146   1150   1133   1116   1111    516    448    496    486    417    419    437    518    476    512    464    463    466    461    533    488    666    739    754    685    693    625    734    698    645    712    655    686    678    662    756    678    902    901  
  314    315    340    306    285    308    303    248    303    293    109     76    104     64     91     27      0     77     64    232    231    251    231    219    191    202    287    219    222    205   1304   1221   1237   1251   1240   1222   1206   1242   1188   1280   1240   1227   1275   1254   1297   1236    645    995    978   1021   1010   1013   1027    942    977   1016    984   1026    973   1035    989   1055    428    390    361    418    381    403    416    473    467    466    405    538    541    511    522    543    597    549    551    517    534    521    519    613    676    634    651    629    646    678    770    804    818    571    546    460    521    503    548    533    513   1069   1128   1086   1120   1120   1124   1158   1077   1082   1156   1073   1153   1154   1140   1122   1116    500    431    482    469    402    407    422    506    464    495    449    446    451    446    517    473    641    714    729    660    667    600    709    673    620    689    630    662    654    637    732    654    903    901  
  256    246    274    239    218    241    234    180    237    237     74      6     41     14     19     56     77      0     27    248    249    266    265    232    216    221    292    244    255    210   1307   1223   1237   1256   1243   1224   1212   1244   1188   1284   1243   1230   1276   1256   1300   1238    694   1046   1026   1069   1058   1060   1074    989   1023   1063   1031   1075   1022   1081   1033   1103    500    464    435    493    453    475    486    548    542    537    478    543    562    529    537    564    608    571    563    534    551    537    526    645    708    666    681    662    678    710    768    809    822    609    585    500    564    547    594    574    556   1092   1146   1109   1144   1142   1143   1182   1098   1107   1179   1098   1175   1181   1161   1145   1142    571    502    550    541    471    471    492    572    529    567    518    518    521    516    587    542    716    789    805    736    742    676    784    748    695    765    705    738    729    713    808    729    940    939  
  282    271    300    265    244    266    259    205    262    264     97     30     68     17     46     39     64     27      0    222    224    241    239    207    190    195    269    218    228    186   1285   1202   1216   1233   1221   1202   1189   1223   1166   1262   1221   1208   1254   1234   1278   1216    667   1019    999   1043   1031   1033   1048    963    996   1037   1004   1048    996   1055   1006   1077    478    443    414    472    430    453    463    528    522    515    456    520    536    504    512    539    584    546    539    509    526    512    503    619    682    640    655    635    652    684    747    786    799    582    559    474    537    520    567    547    529   1066   1122   1084   1118   1117   1119   1157   1073   1081   1154   1072   1150   1155   1136   1120   1117    549    480    526    519    448    447    469    547    504    544    495    496    497    492    564    519    704    777    792    723    731    663    772    736    683    750    693    724    716    700    794    716    914    913  
  492    462    498    463    444    463    453    405    461    477    319    252    288    239    265    222    232    248    222      0     10     19     64     16     48     32     61     33     58     45   1073    990   1006   1019   1009    990    974   1010    957   1048   1008    996   1044   1023   1065   1004    474    824    798    842    828    830    845    761    793    835    802    848    798    850    799    876    397    386    356    413    354    370    369    467    468    426    378    307    314    282    292    317    365    324    319    288    305    291    287    402    464    422    435    418    433    467    540    572    586    371    351    271    335    322    369    341    328    844    900    862    896    895    897    935    851    860    932    850    928    934    914    898    895    453    390    411    432    349    323    370    418    371    446    390    410    393    388    462    415    718    790    791    720    745    668    780    745    691    731    704    725    720    699    790    722    698    698  
  496    467    502    467    448    468    457    409    465    480    320    253    289    240    267    221    231    249    224     10      0     21     55     21     43     30     67     25     49     52   1075    992   1008   1021   1011    992    975   1012    960   1050   1010    998   1046   1025   1067   1006    467    818    793    836    823    825    840    755    788    829    797    843    792    845    795    871    387    376    347    404    345    360    359    458    459    416    368    309    314    282    292    316    367    323    320    287    305    291    289    398    461    419    433    415    430    463    543    574    588    367    346    265    329    316    363    336    322    843    900    861    895    894    897    934    850    858    931    849    927    932    913    897    894    443    381    402    423    340    313    360    409    362    437    381    401    384    378    452    405    709    781    782    711    736    659    771    736    682    721    695    716    711    690    780    713    695    694  
  510    479    515    480    461    480    469    422    478    494    337    270    306    257    283    240    251    266    241     19     21      0     66     34     64     50     49     43     63     61   1055    972    988   1001    991    972    955    992    940   1030    990    978   1026   1005   1047    986    460    809    783    826    813    814    829    745    777    819    786    833    783    834    783    860    396    388    359    415    355    370    367    468    469    424    378    289    296    264    273    298    347    306    301    269    286    272    269    384    446    404    417    401    415    449    523    554    568    355    335    256    320    308    354    325    313    826    881    844    878    876    878    917    833    841    913    832    909    915    895    879    877    450    389    407    431    347    319    368    412    365    443    387    409    390    385    458    412    724    796    796    724    751    673    785    751    697    734    710    730    724    704    793    727    681    681  
  519    497    530    495    475    495    486    435    493    501    330    268    306    254    284    227    231    265    239     64     55     66      0     71     53     61    112     35     11     98   1087   1005   1023   1032   1024   1005    985   1025    976   1062   1023   1010   1060   1038   1079   1019    434    786    763    807    795    796    811    726    760    800    768    813    761    818    769    841    333    323    293    350    291    306    305    404    405    362    314    328    313    285    299    315    377    320    330    291    308    296    306    383    446    404    421    399    416    448    563    588    602    344    321    236    300    284    331    309    292    839    899    856    890    889    895    927    847    851    926    842    922    924    910    892    886    390    327    349    369    286    261    307    358    311    383    327    347    330    325    399    352    659    730    730    659    685    608    720    685    631    668    644    664    659    638    728    662    676    675  
  477    447    483    448    428    448    437    390    446    461    304    236    272    224    249    207    219    232    207     16     21     34     71      0     41     22     71     37     63     31   1086   1003   1019   1033   1022   1003    988   1024    970   1062   1022   1009   1057   1036   1079   1017    488    838    813    856    843    845    860    776    808    850    817    863    813    865    815    891    402    389    359    417    359    375    375    471    472    432    383    320    330    297    306    332    380    340    334    303    320    306    301    417    479    438    451    434    449    482    552    586    599    386    366    285    349    337    383    356    343    860    915    877    912    910    912    950    866    875    947    866    943    949    929    913    911    460    396    419    438    355    331    376    427    380    453    397    416    400    395    469    422    718    791    793    721    745    669    781    746    691    733    704    726    720    700    791    723    714    714  
  468    444    478    443    423    443    434    384    441    451    284    220    257    206    234    183    191    216    190     48     43     64     53     41      0     20    109     29     43     56   1116   1033   1050   1062   1052   1034   1016   1054   1002   1092   1052   1039   1088   1066   1109   1048    486    838    815    859    846    848    863    778    811    852    820    865    813    869    820    893    371    355    325    383    327    344    346    438    438    403    351    351    351    321    332    353    407    359    361    326    343    330    331    429    492    450    466    446    462    495    586    616    630    393    371    287    351    336    383    360    344    880    938    897    931    930    934    970    887    894    967    885    963    967    950    933    929    432    367    394    408    327    307    348    405    359    425    370    386    373    368    442    395    680    752    755    684    707    631    743    708    653    697    666    689    683    663    754    685    724    723  
  469    443    478    442    423    443    433    384    440    453    291    225    261    211    239    192    202    221    195     32     30     50     61     22     20      0     92     28     51     40   1104   1021   1037   1050   1040   1021   1004   1041    989   1079   1039   1027   1075   1054   1096   1035    489    840    816    860    847    849    864    779    812    853    821    866    815    869    819    894    387    372    342    400    343    360    361    455    455    418    367    338    343    311    321    345    396    352    349    317    334    320    318    425    488    446    461    442    458    491    571    603    617    392    371    288    352    338    385    360    345    872    929    890    924    923    926    962    879    887    960    878    956    961    942    926    922    446    382    408    424    341    319    363    417    370    440    384    401    387    382    456    409    699    771    774    702    726    649    761    726    672    715    685    707    701    681    772    703    721    721  
  526    489    526    492    474    492    480    436    490    512    365    297    331    285    308    273    287    292    269     61     67     49    112     71    109     92      0     91    110     83   1019    936    951    966    955    936    922    956    902    995    954    942    989    968   1011    950    467    812    783    826    812    812    828    745    776    818    786    834    785    832    780    860    437    431    402    458    397    410    406    510    512    463    419    253    275    240    246    278    316    287    271    245    262    248    235    375    435    394    404    392    404    438    483    519    532    353    337    264    325    317    362    328    320    803    855    821    856    853    853    895    808    820    890    811    886    895    871    856    857    487    428    441    470    386    354    406    444    397    480    424    449    427    422    494    448    770    842    841    770    797    719    831    796    743    777    756    775    770    749    838    773    671    672  
  495    470    504    469    449    469    459    410    467    478    313    248    285    234    262    212    219    244    218     33     25     43     35     37     29     28     91      0     26     65   1090   1007   1024   1035   1026   1007    989   1027    976   1065   1025   1013   1061   1040   1082   1021    461    813    789    833    820    822    837    752    785    826    794    839    788    843    793    867    366    353    324    381    322    339    338    435    436    395    347    326    322    292    304    325    380    331    333    298    315    302    305    401    464    422    437    418    434    466    560    589    603    366    344    261    325    311    358    333    318    851    909    869    903    902    906    941    859    865    939    856    935    939    922    905    900    423    360    383    402    319    295    340    392    345    417    361    379    364    358    433    386    685    757    759    687    712    635    747    712    658    698    671    692    687    666    757    689    696    696  
  508    486    519    484    464    485    475    425    482    491    320    258    295    244    273    218    222    255    228     58     49     63     11     63     43     51    110     26      0     89   1094   1011   1029   1038   1030   1012    992   1032    982   1068   1029   1017   1066   1044   1086   1026    444    796    774    818    805    807    822    737    770    811    779    823    772    828    779    852    340    328    298    356    297    313    313    410    411    370    321    333    321    293    306    323    384    328    336    299    316    303    311    393    455    414    430    409    426    458    568    594    608    354    331    247    310    295    342    320    303    848    907    865    899    898    903    936    856    860    935    851    931    933    919    901    895    397    334    358    376    293    269    314    367    320    391    335    354    338    333    407    360    662    734    734    663    689    611    723    689    635    673    648    668    663    642    732    665    686    685  
  450    419    454    420    400    420    409    362    418    435    283    215    249    203    227    191    205    210    186     45     52     61     98     31     56     40     83     65     89      0   1102   1018   1033   1049   1037   1019   1005   1039    985   1078   1037   1025   1072   1051   1094   1033    518    868    843    886    873    874    889    805    837    879    847    893    842    894    844    920    426    411    380    439    382    399    400    494    494    457    406    336    353    320    327    356    398    364    353    325    342    328    318    444    506    465    477    461    476    509    565    602    615    415    395    315    379    367    413    385    373    883    937    901    935    933    934    974    889    899    970    890    966    974    951    936    935    486    421    447    463    381    358    402    456    409    479    424    441    427    421    495    448    734    807    811    739    761    685    798    762    708    753    720    744    738    718    809    740    741    741  
 1511   1454   1494   1465   1451   1463   1449   1419   1464   1502   1381   1312   1344   1302   1321   1292   1304   1307   1285   1073   1075   1055   1087   1086   1116   1104   1019   1090   1094   1102      0     84     80     64     65     84    116     63    130     31     65     77     45     52      9     70    879    831    781    783    771    760    767    773    759    774    772    797    812    747    722    791   1214   1252   1241   1260   1211   1205   1182   1278   1291   1207   1215    767    782    804    789    781    711    779    758    798    781    793    786    768    721    750    723    759    737    723    541    501    487    832    860    924    892    917    895    871    901    387    302    388    379    360    317    382    362    415    350    414    353    417    331    366    419   1200   1197   1147   1214   1170   1118   1175   1113   1100   1194   1166   1210   1168   1166   1186   1171   1569   1619   1591   1537   1589   1516   1602   1579   1538   1508   1553   1547   1548   1526   1580   1555    636    648  
 1427   1371   1410   1381   1368   1380   1366   1336   1381   1418   1297   1228   1260   1218   1238   1208   1221   1223   1202    990    992    972   1005   1003   1033   1021    936   1007   1011   1018     84      0     35     52     20      2     69     22     58     65     22     12     59     33     77     15    810    788    736    742    729    718    727    725    714    732    728    757    766    708    678    753   1139   1176   1164   1185   1135   1129   1107   1205   1217   1133   1140    684    701    722    707    700    628    699    676    716    700    711    703    692    647    674    647    683    662    650    457    418    404    756    784    846    816    840    821    795    825    341    263    347    344    324    279    356    316    374    323    372    324    391    298    331    386   1128   1122   1073   1140   1094   1042   1099   1041   1026   1121   1092   1135   1093   1091   1114   1098   1497   1548   1521   1466   1517   1444   1531   1508   1466   1439   1481   1476   1477   1455   1511   1483    580    592  
 1437   1380   1419   1391   1377   1389   1375   1346   1390   1429   1311   1242   1273   1232   1251   1223   1237   1237   1216   1006   1008    988   1023   1019   1050   1037    951   1024   1029   1033     80     35      0     75     35     36    102     37     52     73     43     42     40     34     75     29    838    821    770    776    763    752    760    758    747    766    761    790    799    742    711    787   1164   1200   1188   1210   1159   1153   1131   1231   1242   1159   1164    699    722    742    725    720    646    720    694    736    719    730    719    717    673    700    672    709    687    676    470    435    421    781    808    869    840    865    846    819    849    375    297    381    378    358    313    390    350    408    357    405    358    425    332    365    420   1154   1147   1099   1166   1119   1066   1124   1067   1052   1148   1117   1161   1119   1117   1141   1124   1523   1575   1549   1493   1544   1470   1559   1535   1493   1467   1508   1503   1504   1482   1539   1511    612    624  
 1464   1409   1448   1419   1404   1417   1403   1372   1418   1454   1330   1260   1293   1250   1270   1239   1251   1256   1233   1019   1021   1001   1032   1033   1062   1050    966   1035   1038   1049     64     52     75      0     40     50     53     39    109     33     33     40     71     45     55     47    816    772    721    724    712    701    708    713    699    715    712    739    751    689    662    733   1152   1191   1180   1199   1150   1143   1121   1216   1229   1145   1154    714    725    748    733    723    656    721    703    742    725    737    732    707    659    689    662    697    676    661    493    448    434    771    799    864    831    856    834    810    840    326    243    328    321    302    258    328    301    355    295    354    297    363    274    308    362   1138   1135   1085   1151   1109   1057   1113   1051   1039   1132   1105   1148   1106   1104   1124   1109   1506   1556   1528   1474   1526   1454   1539   1516   1476   1445   1491   1484   1485   1464   1517   1492    573    585  
 1446   1390   1430   1401   1387   1399   1385   1355   1400   1438   1317   1247   1279   1237   1257   1227   1240   1243   1221   1009   1011    991   1024   1022   1052   1040    955   1026   1030   1037     65     20     35     40      0     19     73      3     73     47      8     15     45     15     58      8    824    796    745    749    737    726    734    734    722    740    736    764    775    715    686    760   1156   1193   1181   1201   1152   1145   1123   1221   1233   1149   1156    703    720    741    725    718    647    717    694    735    718    730    722    709    663    691    664    700    678    666    477    437    423    773    800    863    833    857    837    812    842    349    269    354    349    330    285    359    324    381    326    379    328    394    302    337    391   1144   1138   1089   1156   1111   1059   1116   1057   1042   1137   1108   1152   1110   1108   1130   1114   1512   1563   1536   1481   1533   1460   1547   1523   1482   1454   1497   1491   1492   1470   1526   1499    591    603  
 1428   1372   1411   1382   1368   1381   1367   1336   1382   1419   1298   1229   1260   1219   1238   1209   1222   1224   1202    990    992    972   1005   1003   1034   1021    936   1007   1012   1019     84      2     36     50     19      0     68     21     59     64     21     11     59     33     77     15    809    787    735    741    729    717    726    724    713    731    727    756    765    707    677    752   1139   1176   1164   1185   1135   1129   1107   1205   1217   1133   1140    684    702    723    707    700    629    699    676    717    700    711    703    692    647    674    647    683    662    649    458    418    405    756    784    846    816    840    821    795    825    341    262    346    343    323    278    355    315    373    322    371    323    390    297    330    385   1128   1122   1073   1140   1094   1042   1099   1041   1026   1121   1092   1135   1093   1091   1114   1098   1497   1548   1521   1466   1517   1444   1531   1507   1466   1439   1481   1476   1477   1455   1511   1483    579    592  
 1423   1370   1409   1379   1365   1378   1364   1332   1378   1414   1286   1217   1249   1206   1227   1194   1206   1212   1189    974    975    955    985    988   1016   1004    922    989    992   1005    116     69    102     53     73     68      0     72    114     85     66     62    115     85    107     75    764    724    673    677    665    654    662    664    651    668    665    692    703    643    615    688   1101   1140   1129   1147   1099   1092   1069   1165   1177   1093   1103    670    677    700    686    675    609    673    656    694    677    690    687    656    608    638    611    646    625    610    453    404    391    719    748    814    780    805    782    759    789    278    197    282    277    257    213    288    253    309    255    307    256    323    231    264    319   1086   1084   1033   1100   1058   1006   1062    999    987   1080   1053   1097   1054   1053   1072   1058   1454   1504   1476   1422   1474   1402   1487   1464   1424   1393   1439   1432   1433   1412   1465   1440    522    534  
