145

    0     22     50     52     25     60     46    953    861    944    919    919    945    908    961    961    966    921    946    931    927    921    948    929    783    819    805   1567   1542    435    459    443    442    438    486    412    472    482    436    414    466    454    445    869    862    909    862    889    679    644    669    648    646    643    650    648    657    677    881    848    856    884    845   1217   1211   1173   1243   1197   1201   1218   1250   1229   1226   1194   1245   1254   1225   1174   1203   1180   1233   1213   1244   1236   1238   1220   1235    842    804    815    821    801    874    857    819   1200   1219   1250   1255   1229    512    496    486    470   1102   1112   1107   1154   1106   1130   1097   1306   1275   1284   1233   1282   1269   1285   1283   1297   1320   1232   1270   1261   1277   1299   1268   1753   1756    800    783    800   1015    980    996    996    982   1035   1033   1002    985    998    997    957   1584  
   22      0     67     72     42     70     67    955    863    947    922    922    947    911    964    963    969    925    950    934    929    923    952    930    783    820    806   1579   1553    442    467    451    449    446    493    420    481    490    442    422    472    462    452    883    876    922    875    903    691    655    680    659    656    654    661    658    668    688    886    852    862    888    849   1219   1213   1175   1245   1198   1203   1220   1251   1231   1227   1197   1247   1256   1227   1177   1204   1181   1235   1214   1245   1238   1239   1222   1237    838    801    810    817    798    870    854    815   1202   1221   1251   1257   1231    495    479    469    453   1097   1107   1102   1150   1101   1127   1093   1310   1279   1287   1237   1286   1273   1289   1288   1301   1325   1236   1274   1265   1281   1304   1272   1750   1753    818    801    817   1018    983    998    998    985   1038   1036   1005    988   1001    999    960   1598  
   50     67      0     17     56     89     37    919    827    909    884    883    909    872    926    927    929    884    910    896    891    886    911    895    753    788    771   1520   1495    393    417    401    402    396    444    370    428    440    397    371    426    411    403    821    814    861    813    840    632    598    623    602    599    597    605    602    611    631    843    810    816    846    808   1183   1177   1139   1207   1163   1166   1183   1215   1196   1193   1159   1210   1220   1190   1140   1169   1146   1198   1179   1211   1202   1205   1187   1200    819    780    794    798    776    853    832    796   1166   1184   1216   1222   1194    530    508    501    484   1080   1090   1085   1132   1084   1107   1075   1267   1236   1246   1194   1244   1231   1248   1243   1259   1282   1194   1233   1223   1238   1261   1229   1729   1732    751    734    751    980    943    961    962    946    999    997    966    949    962    962    920   1535  
   52     72     17      0     50     80     23    931    840    921    896    895    921    884    938    940    941    896    922    908    904    899    923    908    766    802    784   1525   1502    404    427    411    413    406    454    380    437    450    408    381    438    421    414    825    818    865    818    844    639    605    630    609    607    605    612    609    618    638    854    822    827    858    820   1196   1190   1152   1220   1176   1178   1196   1228   1208   1206   1172   1222   1232   1203   1152   1181   1158   1211   1191   1224   1215   1218   1199   1212    834    795    810    814    791    868    847    811   1179   1196   1228   1234   1207    544    524    516    499   1096   1106   1100   1148   1100   1122   1090   1278   1247   1258   1205   1255   1242   1260   1254   1270   1293   1205   1245   1234   1249   1272   1241   1744   1747    750    732    749    992    955    973    975    958   1011   1009    978    961    974    974    932   1539  
   25     42     56     50      0     37     34    971    879    962    937    936    962    925    979    979    983    937    963    949    944    939    965    947    802    839    823   1574   1551    448    472    456    457    451    499    425    483    495    451    426    481    467    458    874    867    915    867    894    688    654    678    657    655    653    660    657    667    686    897    864    871    900    862   1235   1229   1191   1260   1215   1219   1236   1268   1248   1245   1212   1262   1272   1242   1192   1221   1198   1250   1231   1262   1254   1256   1239   1252    864    826    837    843    822    897    878    841   1218   1237   1268   1273   1247    536    520    510    494   1124   1134   1129   1177   1128   1152   1119   1321   1290   1300   1248   1298   1285   1302   1298   1313   1336   1248   1287   1277   1292   1315   1284   1775   1778    797    779    797   1033    997   1013   1014    999   1052   1050   1019   1002   1015   1014    973   1588  
   60     70     89     80     37      0     58   1007    915    997    972    972    997    961   1014   1015   1018    973    998    984    980    974   1000    983    839    875    859   1602   1580    482    505    490    491    485    533    459    516    529    486    460    515    500    492    900    893    941    894    919    717    684    708    687    685    683    691    688    697    716    932    899    905    935    897   1271   1265   1227   1296   1251   1254   1272   1303   1284   1281   1248   1298   1308   1278   1228   1257   1234   1286   1267   1298   1290   1292   1275   1288    900    862    873    880    859    933    915    877   1254   1272   1304   1309   1283    560    547    535    519   1160   1170   1165   1213   1164   1189   1155   1356   1325   1335   1283   1333   1320   1337   1332   1348   1371   1283   1322   1312   1327   1350   1318   1811   1814    814    795    814   1068   1032   1049   1050   1034   1088   1086   1054   1037   1050   1050   1009   1614  
   46     67     37     23     34     58      0    954    863    944    919    918    944    907    961    962    964    918    944    930    926    921    946    931    789    824    807   1546   1523    426    449    433    435    428    477    402    459    472    431    403    460    443    436    844    837    885    837    863    660    627    651    630    628    626    633    631    640    659    877    845    850    880    842   1219   1212   1174   1242   1198   1201   1219   1251   1231   1229   1194   1245   1255   1225   1175   1204   1181   1233   1214   1246   1237   1240   1222   1235    855    817    830    835    813    889    869    832   1202   1219   1251   1257   1229    553    534    526    509   1116   1127   1121   1169   1121   1143   1111   1300   1270   1281   1227   1278   1265   1282   1277   1293   1316   1228   1267   1257   1272   1294   1263   1765   1768    764    746    764   1015    978    996    997    980   1034   1032   1001    984    997    997    954   1558  
  953    955    919    931    971   1007    954      0     92     38     56     60     46     66     42     10     62     83     67     48     42     38     74     33    192    150    150    871    804    541    525    540    529    544    498    569    534    505    529    569    501    533    532    561    558    535    539    578    469    455    455    462    454    455    447    452    452    446    138    145    186    118    139    266    259    221    292    245    250    266    297    277    277    243    294    302    272    223    251    227    280    260    295    284    289    269    283    267    260    320    279    254    292    237    280    248    267    297    304    277    850    796    827    818    352    362    350    376    357    331    334    384    348    346    317    353    341    347    373    369    392    302    330    334    349    376    341    867    870    797    816    798     70     67     51     44     64     93     96     70     57     74     52     74    985  
  861    863    827    840    879    915    863     92      0     91     73     76     95     67    108    101    120     96    107     82     73     64    113     70    114     75     59    920    858    451    437    452    440    455    411    480    448    417    439    480    411    445    442    528    525    511    507    548    406    386    390    394    385    386    379    383    384    382    115     97    153     95     86    357    350    312    383    336    341    358    389    369    367    335    385    394    364    314    342    319    372    352    385    375    379    360    374    230    210    277    236    201    266    204    236    340    359    389    395    369    774    718    749    739    386    397    386    419    391    377    370    468    433    434    398    438    426    435    454    454    478    387    418    419    434    461    426    946    949    748    764    748    158    133    138    135    133    179    180    149    133    149    139    120   1021  
  944    947    909    921    962    997    944     38     91      0     27     29      9     39     18     36     32     47     30     15     19     28     37     60    202    160    150    844    779    526    509    524    515    528    482    553    516    487    516    554    487    517    516    524    522    498    502    541    438    427    425    433    426    427    419    423    423    416    104    116    152     85    113    280    272    235    299    259    258    276    310    291    294    251    301    312    283    232    265    241    291    274    312    296    306    283    292    294    283    345    304    276    322    265    305    262    276    310    318    287    863    808    838    828    390    400    388    413    394    368    372    377    343    345    308    348    336    346    363    364    388    297    329    328    344    370    335    894    897    763    782    763     72     43     53     63     43     91     90     59     42     58     54     39    954  
  919    922    884    896    937    972    919     56     73     27      0      5     26     12     43     58     49     32     34     13     15     24     40     66    187    147    130    851    787    500    483    498    489    502    456    527    489    461    490    528    462    491    490    506    504    482    485    524    414    402    401    408    401    402    394    398    398    392     83     91    130     62     87    306    298    261    324    285    283    302    336    317    321    277    327    338    309    258    291    267    317    300    338    322    332    309    318    290    276    340    299    268    321    262    299    288    302    336    345    312    846    791    821    811    404    414    403    430    409    385    386    398    364    368    328    370    358    369    383    386    409    319    353    350    366    391    357    919    922    742    760    742     98     63     79     88     64    116    114     83     66     80     80     47    956  
  919    922    883    895    936    972    918     60     76     29      5      0     26     12     44     62     48     27     32     14     20     29     37     71    190    150    132    847    784    499    482    497    488    501    454    526    488    460    490    527    461    489    490    502    499    477    480    519    411    399    398    405    398    399    391    395    395    388     78     88    126     58     84    308    300    262    325    286    284    303    337    319    322    277    327    339    309    258    292    268    318    301    340    323    334    310    319    294    279    344    303    272    326    266    303    290    303    338    346    313    849    794    824    813    409    419    407    434    413    390    391    397    363    367    326    369    357    369    381    385    408    318    352    349    365    390    356    922    925    737    756    738     99     62     81     91     63    117    114     83     66     80     82     44    952  
  945    947    909    921    962    997    944     46     95      9     26     26      0     37     18     44     27     40     21     14     22     34     29     68    207    166    153    837    772    525    507    523    514    527    480    552    513    486    515    552    486    515    515    517    514    490    495    533    433    423    420    429    422    422    414    419    418    411     98    112    146     80    109    282    274    237    299    260    258    277    311    293    297    252    302    313    284    233    267    243    292    276    315    297    308    284    293    301    290    352    311    282    330    272    312    264    277    312    320    287    867    812    843    833    398    407    396    420    402    376    380    375    340    343    304    346    333    345    360    361    385    295    328    326    342    367    333    899    901    756    775    757     73     39     55     68     39     91     89     58     41     55     56     31    946  
  908    911    872    884    925    961    907     66     67     39     12     12     37      0     54     69     59     31     42     24     25     30     47     72    181    141    121    854    792    488    471    486    477    490    444    516    478    450    479    516    450    479    479    499    496    476    477    517    403    391    390    397    390    391    383    387    387    381     74     80    122     53     75    318    310    273    336    296    295    313    348    329    332    288    338    350    320    269    303    279    328    312    350    334    344    321    329    289    273    338    297    265    321    262    297    300    313    348    356    324    839    784    814    803    411    421    409    437    415    393    393    408    374    378    337    380    368    380    392    396    419    329    364    360    376    401    367    930    933    732    751    733    109     73     91    100     74    127    125     94     77     91     92     54    958  
  961    964    926    938    979   1014    961     42    108     18     43     44     18     54      0     36     20     55     30     31     36     45     36     71    219    177    167    832    765    542    525    540    531    544    497    570    531    503    533    570    504    533    533    528    526    500    506    544    449    439    436    445    438    439    431    435    434    427    113    129    160     96    127    265    257    219    282    243    241    260    294    276    280    234    285    296    266    215    249    225    274    258    297    280    291    267    276    306    297    358    317    290    333    276    318    247    260    294    303    270    879    824    855    845    390    400    388    411    394    366    372    360    325    327    290    331    318    329    346    346    370    279    312    311    327    353    318    882    885    769    789    770     56     27     38     53     26     74     73     42     25     41     39     34    944  
  961    963    927    940    979   1015    962     10    101     36     58     62     44     69     36      0     56     83     63     48     44     44     70     43    202    159    159    862    795    548    532    547    537    551    505    576    541    511    537    576    509    540    539    559    557    533    538    576    471    459    458    466    458    459    451    455    455    449    139    148    187    119    143    258    251    213    283    237    241    258    289    270    270    235    285    293    264    214    243    219    272    252    287    276    281    261    274    276    270    329    288    263    300    246    289    240    258    289    296    269    860    806    837    828    355    365    353    377    360    333    337    374    339    336    307    343    331    338    363    359    382    292    320    324    340    367    331    863    865    798    817    799     60     59     41     36     56     83     86     61     49     65     42     69    977  
  966    969    929    941    983   1018    964     62    120     32     49     48     27     59     20     56      0     49     21     39     48     60     23     90    233    192    178    813    747    544    525    541    533    545    498    571    530    504    535    571    506    533    534    512    510    483    491    528    440    432    428    438    431    432    424    428    427    419    104    126    151     91    125    267    258    222    280    245    240    259    295    277    283    233    283    295    266    215    251    227    274    260    301    281    295    269    275    325    315    377    336    307    352    295    336    249    259    295    305    269    893    838    869    858    408    418    406    428    413    383    390    350    316    320    279    322    309    321    334    337    361    271    305    302    317    343    308    891    893    756    776    757     59     15     46     67     17     72     69     39     24     33     47     17    924  
  921    925    884    896    937    973    918     83     96     47     32     27     40     31     55     83     49      0     28     36     45     56     28     98    209    170    147    824    763    497    478    494    486    498    451    524    482    456    489    524    460    486    487    478    475    452    456    495    394    385    382    391    384    385    377    381    380    372     58     78    106     43     77    315    306    270    327    293    287    307    343    326    331    281    330    343    314    263    300    276    322    308    349    329    343    317    322    319    303    369    328    295    352    292    328    297    306    344    353    317    865    809    839    828    434    444    433    459    439    414    416    390    357    363    318    363    350    365    371    379    402    312    350    343    358    383    349    937    939    716    735    717    107     62     92    107     65    120    117     87     72     81     92     37    928  
  946    950    910    922    963    998    944     67    107     30     34     32     21     42     30     63     21     28      0     28     39     51      8     89    221    180    163    819    755    523    505    521    513    525    478    551    510    483    515    551    486    513    514    498    496    471    477    515    421    412    409    418    411    412    404    408    407    400     85    105    132     70    105    287    278    242    300    265    260    279    315    298    303    253    303    316    286    235    272    248    294    280    321    301    315    289    295    320    307    371    330    300    350    292    330    269    279    316    325    289    880    825    855    845    418    427    416    440    422    395    400    367    333    339    296    340    327    340    350    355    379    289    324    319    335    360    326    910    912    740    760    741     79     35     64     82     38     93     89     59     44     53     65     13    927  
  931    934    896    908    949    984    930     48     82     15     13     14     14     24     31     48     39     36     28      0     12     24     35     64    195    154    140    846    782    512    495    510    501    514    468    539    501    473    502    540    474    503    503    513    511    488    492    530    424    413    411    419    412    413    405    409    409    402     91    102    139     72     98    294    286    249    312    273    271    290    324    305    309    265    315    326    296    246    279    255    305    288    326    310    320    297    306    293    280    344    303    273    323    265    303    276    290    324    332    300    855    800    830    820    399    409    397    423    403    379    381    388    353    356    317    359    347    358    373    375    398    308    341    339    355    381    346    908    911    750    769    751     86     52     67     77     53    104    103     71     54     69     68     40    954  
  927    929    891    904    944    980    926     42     73     19     15     20     22     25     36     44     48     45     39     12      0     13     46     53    185    144    131    857    793    509    493    508    498    512    465    537    500    471    499    537    470    500    500    521    518    496    499    538    428    415    415    422    414    415    407    412    411    406     97    104    145     77     99    296    289    251    317    275    275    293    326    308    310    268    319    329    300    249    281    257    308    290    328    313    321    299    309    282    269    333    291    261    312    253    292    278    293    327    335    304    845    790    821    811    390    400    388    415    395    371    372    396    361    363    326    366    354    364    381    382    406    315    348    347    362    388    353    906    909    756    775    757     89     60     70     76     61    109    108     78     60     76     71     51    965  
  921    923    886    899    939    974    921     38     64     28     24     29     34     30     45     44     60     56     51     24     13      0     59     43    174    133    123    869    805    506    489    504    494    508    462    533    498    468    495    534    466    497    496    529    526    505    507    546    431    417    417    424    417    417    410    414    414    409    104    107    151     83    101    300    293    255    322    279    281    298    331    311    312    274    324    334    305    254    285    261    313    294    330    317    324    303    314    269    257    320    279    249    299    241    279    282    298    331    338    309    835    780    810    800    381    391    380    408    386    363    364    405    370    371    335    375    363    372    391    391    414    324    355    355    371    397    362    905    908    762    780    763     95     71     76     78     71    116    116     86     69     85     77     63    977  
  948    952    911    923    965   1000    946     74    113     37     40     37     29     47     36     70     23     28      8     35     46     59      0     96    227    186    168    812    748    524    506    521    514    526    478    551    510    484    516    551    487    513    515    492    490    465    471    509    418    410    406    415    409    410    402    406    404    397     82    105    128     69    105    288    279    243    300    266    260    280    316    299    305    253    302    316    287    236    273    249    295    281    323    302    316    290    295    328    315    378    337    307    357    299    338    270    279    316    326    289    885    830    860    850    425    434    422    446    429    401    406    364    330    336    292    337    324    338    346    352    376    286    322    316    332    357    323    913    915    735    755    736     81     35     68     87     39     93     89     60     46     53     69      9    919  
  929    930    895    908    947    983    931     33     70     60     66     71     68     72     71     43     90     98     89     64     53     43     96      0    161    119    125    902    835    521    507    522    509    525    481    550    518    487    509    550    481    515    512    570    567    547    548    588    466    449    451    456    448    449    441    446    446    442    145    144    191    123    136    289    283    245    319    269    277    292    322    301    299    271    321    328    298    250    275    252    306    285    316    309    310    292    309    236    228    288    248    222    263    206    248    272    294    322    327    304    818    764    795    786    340    350    338    367    344    323    322    416    380    376    349    384    372    378    405    400    423    333    360    365    381    408    372    878    880    800    818    801    102     97     84     72     95    125    128    103     89    106     84     99   1013  
  783    783    753    766    802    839    789    192    114    202    187    190    207    181    219    202    233    209    221    195    185    174    227    161      0     43     69   1031    970    400    392    405    387    407    369    429    413    376    383    431    358    401    393    588    584    579    567    610    429    399    410    408    398    398    392    396    401    404    215    185    239    199    174    442    438    401    478    424    436    450    477    455    448    430    479    484    456    408    429    408    463    440    465    464    460    446    467    150    115    183    147    105    194    135    146    427    452    476    479    462    661    606    637    627    374    385    376    418    379    382    362    576    540    537    508    545    532    538    564    560    584    493    521    526    541    568    532    988    991    780    793    781    262    245    243    233    244    285    286    258    242    259    243    233   1127  
  819    820    788    802    839    875    824    150     75    160    147    150    166    141    177    159    192    170    180    154    144    133    186    119     43      0     47    994    932    428    417    431    415    434    393    457    435    400    411    458    386    426    419    576    572    563    554    597    430    403    412    412    403    403    397    401    404    405    184    158    213    166    146    402    398    360    436    383    394    409    436    415    409    388    438    443    414    367    388    367    422    399    426    423    420    406    426    164    138    207    167    129    205    143    166    386    410    436    440    420    703    648    679    669    361    373    363    402    366    363    348    533    497    495    465    502    490    496    521    518    541    451    478    483    498    526    490    960    962    780    793    780    219    203    200    191    202    242    244    216    200    217    201    193   1094  
  805    806    771    784    823    859    807    150     59    150    130    132    153    121    167    159    178    147    163    140    131    123    168    125     69     47      0    964    905    400    388    402    388    405    363    429    402    369    386    430    360    396    392    530    526    518    508    551    385    360    368    369    359    359    353    357    360    360    147    117    171    132    106    413    407    369    441    393    399    415    446    425    423    393    443    451    422    372    399    376    430    409    440    432    434    416    432    209    180    248    210    170    251    189    209    396    416    446    451    427    719    663    693    683    404    415    405    443    409    403    390    526    492    493    456    497    485    494    512    513    536    446    477    477    493    519    484    990    993    734    748    735    217    191    197    193    191    238    238    208    191    207    198    175   1059  
 1567   1579   1520   1525   1574   1602   1546    871    920    844    851    847    837    854    832    862    813    824    819    846    857    869    812    902   1031    994    964      0     91   1155   1127   1141   1152   1147   1104   1170   1105   1106   1165   1167   1138   1130   1146    709    716    664    713    694    889    927    901    922    926    928    922    924    914    894    819    853    810    833    863    803    794    801    742    798    757    768    785    797    826    758    746    765    769    772    801    798    769    794    827    783    826    799    759   1137   1126   1189   1148   1118   1162   1107   1148    800    761    788    803    760   1665   1609   1636   1623   1150   1155   1144   1142   1153   1103   1131    594    622    657    616    627    631    658    575    619    610    653    672    631    624    601    627   1257   1257    898    927    899    815    805    827    849    808    794    788    804    814    799    827    807    182  
 1542   1553   1495   1502   1551   1580   1523    804    858    779    787    784    772    792    765    795    747    763    755    782    793    805    748    835    970    932    905     91      0   1122   1095   1109   1118   1115   1070   1139   1074   1073   1130   1136   1102   1098   1113    699    706    651    700    686    864    899    874    894    897    900    893    895    885    866    762    797    757    775    807    720    711    720    658    716    675    685    701    713    742    676    662    681    686    691    718    717    685    711    743    699    742    716    675   1070   1061   1123   1082   1054   1093   1040   1082    718    679    703    718    677   1614   1558   1586   1573   1070   1076   1064   1060   1073   1022   1052    509    538    572    536    543    547    573    492    534    524    571    588    548    540    517    544   1166   1167    908    938    909    745    739    758    779    741    724    718    735    747    731    757    742    270  
  435    442    393    404    448    482    426    541    451    526    500    499    525    488    542    548    544    497    523    512    509    506    524    521    400    428    400   1155   1122      0     29     19     14     15     53     29     63     50     28     31     42     29     10    494    487    521    480    517    278    234    261    241    235    233    238    236    247    267    452    421    424    457    420    805    797    760    823    783    782    801    835    816    817    776    826    837    808    757    790    766    816    799    835    821    829    807    817    508    465    505    492    458    552    512    490    787    801    835    843    811    588    537    554    536    766    777    769    813    771    780    756    875    845    857    802    853    840    858    851    868    891    804    844    832    847    869    838   1387   1389    542    540    542    597    558    578    583    560    615    612    581    564    576    579    533   1194  
  459    467    417    427    472    505    449    525    437    509    483    482    507    471    525    532    525    478    505    495    493    489    506    507    392    417    388   1127   1095     29      0     16     31     21     28     47     39     24     49     47     45      9     21    466    459    493    452    489    249    205    233    213    206    204    209    208    218    238    432    402    402    438    401    788    781    743    805    767    764    784    818    800    801    758    808    820    790    739    773    749    799    782    819    804    813    791    799    507    463    506    492    456    551    508    489    770    783    819    827    794    613    562    580    562    761    772    764    808    766    773    751    853    824    836    781    832    819    838    829    846    870    783    824    811    826    848    817   1376   1379    520    520    520    580    539    561    567    542    597    594    563    547    558    562    514   1165  
  443    451    401    411    456    490    433    540    452    524    498    497    523    486    540    547    541    494    521    510    508    504    521    522    405    431    402   1141   1109     19     16      0     28      6     44     31     45     40     45     31     51     12     17    477    470    505    463    500    261    218    245    225    219    217    222    221    231    251    448    418    418    454    417    803    796    758    820    782    780    799    833    815    816    773    823    835    806    755    788    764    814    797    834    819    828    806    815    517    474    515    501    466    560    519    499    786    799    834    842    809    606    555    572    555    773    784    776    820    778    786    762    869    840    852    796    848    835    854    845    862    885    799    840    827    842    863    833   1390   1393    524    522    524    595    555    577    582    557    612    609    579    562    573    578    530   1178  
  442    449    402    413    457    491    435    529    440    515    489    488    514    477    531    537    533    486    513    501    498    494    514    509    387    415    388   1152   1118     14     31     28      0     26     48     42     69     47     19     44     30     35     11    495    488    521    481    518    278    233    261    241    234    232    237    236    246    266    442    411    415    447    409    793    786    748    812    772    771    790    824    805    806    765    815    826    797    746    778    755    805    788    823    810    817    796    806    495    452    492    479    445    538    498    477    776    790    824    832    801    583    532    549    532    753    764    756    800    757    767    743    866    835    847    793    843    830    849    842    858    881    794    834    822    838    860    829   1374   1377    550    548    550    586    547    567    571    549    604    601    570    554    565    568    522   1192  
  438    446    396    406    451    485    428    544    455    528    502    501    527    490    544    551    545    498    525    514    512    508    526    525    407    434    405   1147   1115     15     21      6     26      0     49     27     49     45     42     26     52     17     17    482    475    510    468    505    267    223    251    230    224    222    228    226    237    257    452    422    422    458    421    807    800    762    824    786    784    803    837    819    820    777    827    839    810    759    792    768    818    801    838    823    832    810    819    518    475    516    503    468    562    521    500    790    803    838    846    813    602    551    568    550    775    786    778    822    779    788    764    874    844    857    801    852    840    859    849    867    890    803    844    831    847    868    838   1393   1396    527    525    527    599    559    581    586    562    616    613    583    566    578    582    534   1183  
  486    493    444    454    499    533    477    498    411    482    456    454    480    444    497    505    498    451    478    468    465    462    478    481    369    393    363   1104   1070     53     28     44     48     49      0     75     47      7     63     74     44     36     43    450    443    475    435    473    232    186    214    194    187    185    189    189    199    218    404    374    374    411    374    761    753    716    777    740    737    756    791    772    774    730    780    793    763    712    746    722    771    755    792    777    786    764    772    488    444    489    473    436    532    488    471    743    756    791    799    766    624    572    591    573    740    751    743    786    745    751    729    825    796    809    753    804    791    811    801    819    842    755    796    783    798    820    790   1351   1354    518    519    518    553    512    534    540    515    570    566    536    519    530    535    487   1145  
  412    420    370    380    425    459    402    569    480    553    527    526    552    516    570    576    571    524    551    539    537    533    551    550    429    457    429   1170   1139     29     47     31     42     27     75      0     67     71     52      4     71     42     38    500    492    529    487    522    287    245    272    251    246    244    249    248    258    278    478    448    449    484    447    833    825    787    850    811    810    829    863    844    845    803    853    865    835    784    817    794    843    827    863    849    857    835    844    536    493    532    520    486    579    540    518    815    828    863    871    839    592    542    558    540    794    805    798    842    799    809    785    900    870    883    827    878    866    885    876    893    916    829    870    857    873    894    864   1416   1418    533    530    533    625    585    606    611    587    642    639    608    592    603    607    560   1204  
  472    481    428    437    483    516    459    534    448    516    489    488    513    478    531    541    530    482    510    501    500    498    510    518    413    435    402   1105   1074     63     39     45     69     49     47     67      0     40     87     64     81     35     58    434    427    463    421    457    220    179    206    185    180    178    184    182    192    212    433    405    400    441    406    795    787    750    809    773    769    789    824    806    809    762    812    825    796    745    780    756    804    789    827    810    821    797    804    533    490    535    519    482    578    533    517    777    788    825    833    799    650    599    616    599    784    796    787    830    789    794    773    850    822    836    778    830    818    838    825    845    868    782    825    809    824    845    816   1392   1394    482    481    482    586    544    568    575    547    602    598    568    552    562    569    518   1138  
  482    490    440    450    495    529    472    505    417    487    461    460    486    450    503    511    504    456    483    473    471    468    484    487    376    400    369   1106   1073     50     24     40     47     45      7     71     40      0     63     70     47     30     41    449    442    475    434    472    231    186    214    194    187    185    190    189    199    219    410    380    379    416    379    767    759    722    783    745    743    762    797    778    780    736    786    798    769    718    752    728    777    761    798    783    792    770    778    494    451    496    480    443    539    494    477    749    762    797    805    772    626    574    593    575    747    758    749    793    751    757    736    830    801    814    758    809    796    816    806    824    847    760    802    788    803    825    795   1358   1361    514    515    514    558    517    540    546    520    575    572    541    525    536    541    492   1145  
  436    442    397    408    451    486    431    529    439    516    490    490    515    479    533    537    535    489    515    502    499    495    516    509    383    411    386   1165   1130     28     49     45     19     42     63     52     87     63      0     55     30     53     29    512    505    537    497    535    294    249    276    257    250    248    252    251    262    281    447    414    421    450    412    794    787    749    814    773    773    792    825    806    806    766    817    828    798    747    779    755    806    788    823    811    817    797    808    486    443    481    470    436    529    490    468    776    792    825    832    802    565    514    532    514    745    756    748    793    750    760    735    870    840    850    798    847    835    852    847    862    886    798    837    827    842    864    833   1370   1373    568    566    568    587    549    568    572    551    606    603    572    555    568    570    525   1207  
