133

    0     35    133    114     96     73     16     78     44    121    125     78     91     59     46     30    122     84     62   1105   1128   1212    975   1017    896    953    972   1024    924    945    952    952    948    921    980    922    934    952    901    960    944    959    956    971    766    729    749    718    795    796    685    747    725    768    746    756    686    751   1246   1250   1247   1178   1268   1261   1251   1251   1248   1298   1226   1222   1222   1236   1290   1245    243    245    173    132    212    195    241    155    194    227    261    156    215    212    187    491    440    467    473    485    437    502    408    444    495    505    438    457    495    470    519    415    513    476    468    527    469    859    813    805    818    759    795   1288   1142   1238   1209   1200   1229   1185   1197   1213   1190   1222   1195   1209   1244   1135   1230  
   35      0    121     98     80     70     42     73     18    117    112     77     77     43     56      7    130     79     79   1083   1107   1190    970   1012    891    949    967   1020    918    939    949    948    943    916    974    918    927    948    896    955    940    955    949    966    769    732    752    718    800    797    688    752    729    768    747    758    689    756   1234   1238   1235   1166   1257   1249   1237   1239   1238   1287   1212   1211   1211   1225   1278   1232    208    217    147     97    180    162    208    122    161    199    227    122    181    179    158    467    418    445    449    464    415    480    384    424    472    481    414    432    478    449    500    393    490    455    449    505    446    848    802    793    807    746    783   1284   1138   1234   1208   1198   1225   1180   1195   1211   1187   1219   1191   1207   1240   1133   1227  
  133    121      0     26     42     63    123     58    104     30     11     61     45     79     94    119     73     51     99    976    998   1083    850    892    771    829    846    901    798    819    830    828    823    796    854    799    807    829    776    834    821    836    829    847    655    619    638    601    689    681    575    642    619    652    631    645    578    647   1114   1118   1115   1046   1137   1129   1118   1119   1117   1167   1094   1091   1091   1105   1158   1113    218    288    238    127    238    211    249    184    210    278    268    169    219    234    235    365    311    339    349    356    308    373    285    314    367    381    312    334    363    341    387    288    386    346    336    398    341    728    681    673    687    627    663   1165   1019   1115   1089   1080   1106   1060   1076   1092   1067   1100   1071   1088   1121   1014   1108  
  114     98     26      0     19     50    105     44     81     41     16     50     24     56     79     96     82     39     90    992   1015   1099    875    917    796    854    871    926    822    844    855    853    847    821    878    824    831    854    801    859    846    861    853    871    681    644    664    627    715    707    601    668    645    677    657    670    603    672   1137   1141   1138   1069   1160   1152   1140   1142   1140   1190   1115   1113   1114   1128   1180   1135    202    264    212    104    215    188    228    160    187    253    248    146    198    211    210    379    327    355    362    372    324    389    298    331    382    394    326    347    382    357    405    303    401    363    355    414    356    751    704    696    710    649    686   1190   1044   1140   1115   1106   1131   1084   1101   1117   1093   1126   1096   1113   1146   1039   1134  
   96     80     42     19      0     36     87     31     63     48     33     38      8     38     63     78     82     28     77   1010   1033   1117    892    934    813    871    888    943    840    861    872    870    865    838    896    841    849    871    818    876    863    878    870    888    696    659    679    643    729    722    616    682    659    693    673    685    618    686   1155   1159   1156   1087   1178   1170   1159   1160   1158   1208   1134   1132   1132   1146   1199   1154    202    256    200     98    208    182    224    151    181    243    244    139    194    204    200    396    345    372    379    390    342    407    315    349    400    411    343    364    400    375    424    320    418    380    373    432    374    769    722    714    728    667    704   1207   1061   1156   1131   1122   1148   1101   1118   1134   1109   1142   1113   1129   1163   1056   1150  
   73     70     63     50     36      0     61      6     56     49     57      7     28     33     31     65     63     13     42   1038   1061   1146    904    946    825    882    901    953    852    873    881    881    876    850    909    851    862    881    830    889    873    889    884    900    699    663    682    649    730    728    618    683    660    699    678    689    620    686   1173   1178   1175   1106   1196   1189   1179   1179   1176   1226   1154   1150   1150   1163   1217   1173    232    272    209    122    228    204    248    169    203    257    268    160    218    225    214    427    374    402    410    418    370    435    346    377    429    442    374    395    425    403    450    350    448    409    399    461    403    787    741    732    745    687    722   1217   1071   1167   1140   1131   1158   1113   1127   1143   1119   1152   1124   1139   1173   1065   1160  
   16     42    123    105     87     61      0     66     45    108    115     65     81     53     32     35    107     73     47   1097   1120   1204    961   1003    882    939    959   1010    910    931    937    938    934    907    966    907    920    938    887    946    930    945    943    957    751    714    734    704    780    782    670    732    709    753    732    741    671    735   1233   1237   1234   1166   1256   1248   1239   1238   1236   1285   1214   1210   1209   1223   1277   1233    248    257    185    135    221    204    249    164    202    239    269    163    222    221    199    483    431    459    466    476    428    493    401    435    487    498    430    450    485    461    509    407    505    467    458    518    461    846    800    792    805    747    782   1273   1127   1224   1195   1186   1214   1171   1183   1199   1176   1208   1181   1195   1230   1121   1215  
   78     73     58     44     31      6     66      0     58     45     51      9     23     34     37     69     62      7     47   1033   1055   1140    900    942    821    878    897    949    848    869    877    877    872    846    904    847    858    877    826    884    869    884    880    896    696    659    679    646    728    725    615    680    657    696    675    686    617    684   1168   1173   1170   1101   1191   1184   1174   1174   1171   1221   1149   1145   1145   1158   1212   1168    228    271    210    120    227    203    246    168    201    257    266    159    216    224    214    421    368    396    404    412    364    429    340    371    424    436    368    389    420    397    444    344    442    403    393    455    398    782    736    727    740    682    717   1213   1067   1163   1136   1127   1154   1109   1123   1139   1115   1148   1120   1135   1169   1061   1156  
   44     18    104     81     63     56     45     58      0    101     95     63     60     26     49     17    117     64     73   1067   1091   1174    953    996    875    932    950   1004    901    922    932    931    926    899    957    902    910    932    880    938    924    939    932    950    753    717    736    702    785    781    673    737    714    752    731    743    674    741   1217   1221   1218   1149   1240   1232   1220   1222   1221   1270   1195   1194   1194   1208   1261   1215    203    222    156     90    183    162    208    124    161    206    228    120    180    181    164    451    402    429    433    448    399    464    368    408    456    465    398    416    461    432    483    377    474    438    432    488    430    831    784    776    790    729    766   1268   1122   1218   1191   1182   1209   1163   1178   1194   1170   1203   1174   1190   1224   1116   1211  
  121    117     30     41     48     49    108     45    101      0     33     44     45     75     77    112     44     38     76    996   1019   1104    855    897    776    834    852    905    804    825    833    833    828    801    860    803    814    833    782    840    825    840    836    851    653    616    636    602    685    681    572    638    615    652    631    643    574    642   1125   1130   1127   1059   1148   1141   1132   1131   1128   1178   1107   1102   1102   1115   1170   1126    242    303    247    144    255    228    269    198    227    291    289    185    239    251    247    389    334    362    374    377    330    395    310    335    390    406    336    360    381    363    406    311    410    368    356    420    365    739    693    685    697    639    675   1169   1023   1119   1092   1083   1110   1065   1079   1095   1071   1104   1076   1091   1125   1017   1112  
  125    112     11     16     33     57    115     51     95     33      0     55     36     70     88    109     76     45     95    982   1005   1089    860    902    781    839    856    911    808    829    840    838    833    806    864    809    816    839    786    844    831    846    838    856    666    629    648    612    700    691    586    652    630    662    642    655    588    657   1123   1127   1124   1055   1146   1138   1127   1128   1127   1176   1102   1100   1100   1114   1167   1122    211    279    228    117    229    202    240    174    201    268    260    159    210    224    225    370    317    345    354    362    314    379    290    321    373    386    317    339    370    347    394    294    392    352    343    404    347    737    690    682    696    636    672   1175   1029   1125   1100   1090   1116   1069   1086   1102   1078   1111   1081   1098   1131   1024   1119  
   78     77     61     50     38      7     65      9     63     44     55      0     31     40     34     72     56     11     41   1036   1059   1143    898    940    820    877    896    948    847    868    876    875    871    844    903    845    857    876    825    883    868    883    879    894    693    656    676    643    724    722    612    676    653    693    672    683    614    680   1169   1173   1170   1102   1191   1184   1175   1174   1172   1221   1150   1146   1145   1159   1213   1169    237    278    216    128    234    210    254    176    209    264    274    167    224    231    221    425    372    400    409    416    368    433    345    374    428    441    372    394    422    401    447    348    447    406    396    459    402    782    736    728    741    683    718   1211   1065   1162   1134   1125   1152   1108   1121   1137   1114   1146   1119   1133   1168   1059   1154  
   91     77     45     24      8     28     81     23     60     45     36     31      0     35     56     74     76     21     70   1016   1039   1123    894    936    815    873    890    944    842    863    873    872    866    840    898    842    851    872    820    878    864    879    873    890    696    659    679    643    729    723    615    681    658    693    673    685    617    685   1158   1162   1160   1091   1181   1173   1162   1163   1162   1211   1137   1135   1135   1149   1202   1157    208    259    202    103    213    187    229    155    186    247    249    143    199    209    203    402    350    378    385    395    347    412    321    354    406    418    349    370    405    380    429    326    424    386    378    437    380    772    726    717    731    671    707   1208   1062   1158   1132   1123   1149   1103   1119   1135   1111   1144   1115   1131   1164   1057   1152  
   59     43     79     56     38     33     53     34     26     75     70     40     35      0     40     40     95     39     62   1046   1070   1153    928    970    849    907    924    978    876    897    906    905    900    874    932    876    885    906    854    912    898    913    907    924    728    691    710    676    760    755    647    712    689    726    705    717    649    716   1192   1196   1194   1124   1215   1207   1196   1197   1196   1245   1171   1169   1169   1183   1236   1191    207    240    177     95    197    174    218    138    173    225    238    131    189    194    182    432    381    409    414    426    378    443    349    386    436    446    379    398    438    411    461    356    454    417    410    468    410    806    760    751    765    705    741   1242   1096   1192   1165   1156   1183   1137   1152   1168   1144   1177   1149   1164   1198   1091   1185  
   46     56     94     79     63     31     32     37     49     77     88     34     56     40      0     50     78     43     25   1069   1092   1176    930    971    851    908    927    979    879    900    906    906    903    876    935    876    889    907    856    915    899    914    911    926    721    684    704    673    750    751    640    703    680    722    701    711    641    706   1202   1206   1204   1135   1225   1217   1209   1207   1205   1254   1184   1179   1178   1192   1246   1202    245    270    203    133    230    209    254    172    208    254    275    167    226    229    212    457    405    432    441    449    401    466    376    407    460    473    404    425    456    434    480    381    479    439    430    491    434    815    770    761    774    716    751   1242   1096   1193   1164   1155   1183   1139   1152   1168   1144   1177   1150   1164   1199   1090   1184  
   30      7    119     96     78     65     35     69     17    112    109     72     74     40     50      0    124     75     72   1084   1107   1190    967   1009    888    946    963   1017    915    936    945    944    939    913    971    915    924    945    893    951    937    952    946    963    764    727    747    714    795    793    683    747    724    764    743    754    685    751   1232   1236   1233   1164   1255   1247   1236   1237   1235   1285   1211   1209   1209   1223   1276   1231    214    224    154    102    187    169    214    129    167    206    234    128    187    186    165    467    418    446    450    464    415    481    385    424    473    482    415    433    477    449    499    393    490    455    449    505    446    846    799    791    805    744    781   1281   1135   1231   1204   1195   1222   1176   1191   1207   1183   1216   1188   1203   1237   1129   1223  
  122    130     73     82     82     63    107     62    117     44     76     56     76     95     78    124      0     59     63   1022   1044   1130    857    899    779    835    855    905    807    828    832    833    830    803    863    802    818    834    784    843    825    841    841    853    645    608    628    598    674    675    563    626    603    647    625    635    564    629   1136   1140   1137   1070   1158   1152   1146   1141   1138   1187   1121   1114   1112   1125   1181   1138    282    333    272    179    288    263    305    230    262    319    325    219    275    285    276    421    364    392    407    406    360    423    344    363    420    438    368    394    404    392    431    343    441    396    381    450    395    749    704    697    707    653    686   1168   1022   1119   1089   1080   1110   1067   1077   1093   1070   1102   1077   1090   1125   1015   1110  
   84     79     51     39     28     13     73      7     64     38     45     11     21     39     43     75     59      0     51   1026   1049   1134    893    935    814    872    890    943    841    862    871    870    866    839    897    840    851    871    819    878    863    878    873    889    690    653    673    639    722    718    609    674    651    689    668    680    611    678   1162   1166   1163   1094   1184   1177   1167   1167   1165   1214   1142   1139   1138   1152   1206   1161    229    275    215    122    229    205    247    171    204    261    268    161    218    226    218    415    362    390    399    406    358    423    334    365    418    431    362    384    413    391    437    338    437    397    387    449    392    775    729    721    734    675    711   1206   1060   1157   1129   1120   1147   1103   1117   1133   1109   1141   1114   1129   1163   1055   1149  
   62     79     99     90     77     42     47     47     73     76     95     41     70     62     25     72     63     51      0   1072   1095   1180    920    961    841    897    918    968    870    890    895    896    893    866    926    865    880    896    846    905    888    904    903    915    707    670    690    660    735    738    625    687    664    709    688    697    626    690   1197   1201   1198   1130   1219   1212   1205   1202   1199   1248   1180   1174   1172   1186   1241   1198    268    294    226    156    254    233    278    196    232    278    298    191    250    253    236    464    409    437    448    453    405    470    384    411    465    480    410    433    457    438    482    386    485    443    432    496    439    810    764    756    768    712    746   1231   1085   1182   1151   1143   1172   1129   1140   1156   1133   1165   1140   1152   1188   1078   1173  
 1105   1083    976    992   1010   1038   1097   1033   1067    996    982   1036   1016   1046   1069   1084   1022   1026   1072      0     29    109    570    581    565    586    544    600    538    547    617    592    561    566    537    609    519    590    566    548    603    585    508    577    750    753    747    695    801    703    765    802    801    697    711    742    778    812    430    429    429    374    458    432    360    429    453    477    348    405    431    455    440    385    972   1100   1116   1017   1059   1038   1028   1054   1039   1111   1030   1033   1021   1051   1091    618    666    638    637    621    669    604    701    662    611    606    670    655    619    636    592    691    595    630    642    579    638    424    437    434    453    442    448    711    649    670    730    723    676    611    694    700    672    702    637    693    677    674    710  
 1128   1107    998   1015   1033   1061   1120   1055   1091   1019   1005   1059   1039   1070   1092   1107   1044   1049   1095     29      0     91    567    576    566    584    542    595    538    546    615    590    560    566    534    609    519    588    567    546    601    583    507    575    756    760    753    703    805    708    774    808    808    703    718    749    787    818    411    409    409    358    438    412    338    410    435    457    328    387    414    437    419    364    998   1126   1142   1041   1085   1064   1054   1079   1065   1137   1056   1058   1047   1077   1116    642    689    662    662    644    692    627    725    685    635    631    694    680    640    659    614    714    619    653    664    603    661    430    446    443    460    455    458    696    639    656    719    712    663    598    683    688    660    689    625    681    663    664    698  
 1212   1190   1083   1099   1117   1146   1204   1140   1174   1104   1089   1143   1123   1153   1176   1190   1130   1134   1180    109     91      0    642    648    647    661    617    666    617    624    692    667    637    646    609    688    598    665    648    623    679    659    584    650    842    847    840    791    890    793    863    895    895    789    805    835    875    905    445    443    443    403    470    443    365    443    470    483    360    424    453    475    443    395   1074   1201   1219   1122   1161   1141   1129   1157   1142   1212   1130   1137   1123   1153   1193    724    773    745    743    728    776    711    807    770    718    711    776    760    727    743    700    797    701    737    749    686    744    517    534    532    548    545    547    742    699    706    774    768    714    652    738    742    715    742    678    735    712    725    750  
  975    970    850    875    892    904    961    900    953    855    860    898    894    928    930    967    857    893    920    570    567    642      0     43     79     28     26     56     61     38     54     33     29     54     33     68     66     31     74     26     47     23     65      9    273    299    282    276    297    220    338    324    337    238    262    274    345    331    344    350    347    310    354    360    398    351    334    378    379    334    317    318    390    374    972   1095   1072    952   1043   1014   1029   1007   1014   1095   1041    986   1008   1035   1058    642    644    628    662    605    640    600    695    619    621    649    665    678    555    619    552    665    624    610    588    596    636    205    239    251    220    299    249    317    173    265    257    247    258    210    234    250    222    257    222    244    272    177    266  
 1017   1012    892    917    934    946   1003    942    996    897    902    940    936    970    971   1009    899    935    961    581    576    648     43      0    122     65     56     20    102     79     78     67     71     97     56    101    103     66    117     64     78     58     93     46    304    333    315    314    322    253    373    353    368    273    297    307    380    359    322    327    324    295    328    337    382    328    309    351    365    315    295    293    366    356   1014   1138   1115    994   1086   1057   1072   1050   1057   1138   1084   1029   1050   1078   1101    683    686    670    703    647    682    641    737    661    662    690    707    720    597    661    594    708    665    651    630    637    678    240    276    289    258    337    287    274    131    223    216    206    215    169    192    207    179    215    179    202    229    136    224  
  896    891    771    796    813    825    882    821    875    776    781    820    815    849    851    888    779    814    841    565    566    647     79    122      0     62     79    132     38     51     77     63     52     26     88     52     57     63      6     66     62     67     80     76    217    238    223    205    253    163    272    271    280    174    197    216    281    280    401    406    403    356    415    417    445    407    394    441    423    387    374    379    448    424    894   1017    993    873    965    936    951    929    936   1017    964    907    930    957    979    570    568    554    589    531    564    527    619    543    548    577    590    605    480    544    479    590    552    535    513    525    563    160    182    194    161    236    188    396    251    344    331    321    336    289    311    327    300    335    301    321    351    252    343  
  953    949    829    854    871    882    939    878    932    834    839    877    873    907    908    946    835    872    897    586    584    661     28     65     62      0     47     72     58     40     31      6     26     38     57     40     71      4     57     39     20      7     78     20    245    272    254    250    269    193    311    296    309    211    235    247    318    303    372    377    374    336    382    388    425    378    361    406    405    362    345    346    417    401    955   1078   1053    933   1025    996   1012    989    996   1077   1025    968    990   1018   1040    631    630    616    650    593    625    588    681    605    609    638    651    666    541    606    540    651    613    597    574    586    624    206    235    247    215    293    244    336    191    286    270    260    277    233    250    266    239    274    243    261    292    190    282  
  972    967    846    871    888    901    959    897    950    852    856    896    890    924    927    963    855    890    918    544    542    617     26     56     79     47      0     73     50     28     77     53     30     56     11     83     47     51     74     13     66     44     40     34    286    310    293    282    313    232    347    338    349    247    271    286    355    345    329    335    332    291    341    346    380    336    320    366    360    318    302    305    375    357    963   1088   1066    946   1036   1007   1021   1001   1007   1088   1033    980   1000   1028   1051    629    632    616    649    593    628    587    684    608    608    635    653    665    544    607    540    655    610    598    577    583    624    184    220    233    202    282    232    325    185    273    271    261    266    214    247    261    232    269    228    255    280    192    278  
 1024   1020    901    926    943    953   1010    949   1004    905    911    948    944    978    979   1017    905    943    968    600    595    666     56     20    132     72     73      0    116     93     77     73     84    107     74    104    119     72    127     80     81     66    112     57    302    333    314    317    317    253    374    350    365    274    298    306    380    356    331    337    334    308    336    347    394    338    317    358    377    326    305    302    375    367   1026   1149   1124   1004   1096   1067   1083   1060   1067   1148   1095   1039   1061   1089   1111    697    699    684    717    661    694    655    750    674    676    704    720    734    610    674    608    720    679    665    643    652    692    257    293    305    274    353    303    265    120    214    201    191    206    165    180    195    168    203    172    190    220    121    212  
  924    918    798    822    840    852    910    848    901    804    808    847    842    876    879    915    807    841    870    538    538    617     61    102     38     58     50    116      0     24     84     62     35     29     57     72     21     60     36     39     69     60     43     62    255    275    260    241    289    201    309    308    317    211    234    253    318    317    364    369    366    319    378    380    407    370    357    404    386    350    337    342    411    387    914   1039   1017    897    987    958    972    952    958   1039    984    931    951    979   1002    582    584    569    602    545    580    540    636    560    561    588    605    618    496    559    493    606    563    550    529    536    577    149    179    192    160    238    189    374    233    322    317    307    315    263    294    309    280    316    277    303    328    237    325  
  945    939    819    844    861    873    931    869    922    825    829    868    863    897    900    936    828    862    890    547    546    624     38     79     51     40     28     93     24      0     70     46     15     30     37     66     31     44     47     16     56     41     41     40    262    285    269    255    293    209    321    315    326    222    245    262    330    323    353    359    355    312    366    370    400    359    345    391    380    340    326    330    399    378    937   1061   1039    919   1009    980    995    974    980   1061   1007    953    974   1001   1025    605    607    592    625    569    604    563    659    583    584    612    629    642    519    582    516    630    587    573    552    559    600    169    202    214    182    261    211    351    209    299    294    284    292    241    270    285    257    293    254    280    306    214    302  
  952    949    830    855    872    881    937    877    932    833    840    876    873    906    906    945    832    871    895    617    615    692     54     78     77     31     77     77     84     70      0     25     56     59     86     31    100     27     72     70     16     33    109     45    227    256    238    241    246    177    297    276    291    198    222    230    304    282    395    401    398    363    404    411    451    402    384    427    432    386    368    368    440    426    961   1083   1056    935   1030   1001   1018    992   1001   1081   1031    971    996   1022   1043    644    640    627    662    604    635    601    691    615    622    652    662    678    552    617    552    661    626    608    584    599    636    231    257    269    237    312    264    337    190    288    263    253    278    241    247    263    239    271    247    258    293    185    279  
  952    948    828    853    870    881    938    877    931    833    838    875    872    905    906    944    833    870    896    592    590    667     33     67     63      6     53     73     62     46     25      0     32     41     63     35     76      3     58     45     14     11     84     25    241    268    250    247    264    188    307    292    304    207    231    242    314    298    377    382    379    342    387    393    431    383    366    411    411    367    350    351    422    406    955   1078   1052    932   1025    996   1012    988    996   1077   1025    967    990   1017   1039    632    631    617    651    594    626    589    682    606    611    640    652    667    542    607    541    652    614    598    575    587    625    210    239    251    219    296    247    337    191    287    269    259    278    235    250    266    240    274    244    261    293    190    283  
  948    943    823    847    865    876    934    872    926    828    833    871    866    900    903    939    830    866    893    561    560    637     29     71     52     26     30     84     35     15     56     32      0     28     41     55     45     30     47     18     42     27     54     28    256    280    264    253    284    202    317    308    320    218    241    256    325    316    359    365    361    320    371    376    409    366    350    396    388    347    332    335    405    386    944   1067   1044    924   1015    986   1001    979    986   1067   1013    958    980   1007   1030    614    615    600    634    577    611    572    667    591    593    621    637    650    527    591    524    637    596    581    560    569    608    182    213    226    194    272    223    345    202    294    285    275    286    237    263    278    250    286    249    272    300    205    294  
  921    916    796    821    838    850    907    846    899    801    806    844    840    874    876    913    803    839    866    566    566    646     54     97     26     38     56    107     29     30     59     41     28      0     66     43     49     40     20     43     43     43     67     51    233    256    239    226    264    179    292    286    296    192    216    232    300    294    383    388    385    341    395    399    430    389    375    421    409    370    356    359    429    408    919   1042   1018    898    990    961    976    954    961   1041    989    932    955    982   1004    593    592    578    612    555    588    550    644    568    571    600    614    628    504    568    502    614    575    559    537    548    586    173    199    211    179    255    207    371    226    319    307    297    311    264    286    302    275    310    276    297    326    227    319  
  980    974    854    878    896    909    966    904    957    860    864    903    898    932    935    971    863    897    926    537    534    609     33     56     88     57     11     74     57     37     86     63     41     66      0     93     51     61     84     23     76     53     38     42    296    320    304    292    324    243    357    349    360    257    281    296    365    356    319    324    321    281    331    335    370    325    310    356    350    307    292    294    365    346    969   1094   1073    953   1042   1013   1027   1007   1013   1094   1038    986   1006   1034   1058    633    637    621    653    597    633    591    688    613    612    638    658    670    549    611    545    660    613    602    582    586    628    185    222    234    204    284    234    320    181    267    269    259    261    207    243    258    228    265    222    252    274    190    274  
  922    918    799    824    841    851    907    847    902    803    809    845    842    876    876    915    802    840    865    609    609    688     68    101     52     40     83    104     72     66     31     35     55     43     93      0     91     37     49     72     24     46    106     60    206    233    215    213    231    154    273    257    270    172    196    207    279    264    411    416    413    374    421    427    462    417    401    445    442    400    383    385    456    439    931   1052   1025    905    999    970    987    961    970   1050   1000    940    965    992   1012    614    610    597    633    574    605    571    661    584    592    623    632    648    522    587    522    630    597    578    554    570    606    212    234    245    213    287    239    367    220    317    293    284    308    268    277    293    269    302    276    289    323    216    310  
  934    927    807    831    849    862    920    858    910    814    816    857    851    885    889    924    818    851    880    519    519    598     66    103     57     71     47    119     21     31    100     76     45     49     51     91      0     74     55     40     85     72     25     70    274    294    279    258    309    220    327    328    337    230    252    272    336    336    346    352    349    300    361    363    388    353    340    388    366    332    319    325    393    368    919   1044   1024    904    992    964    977    959    964   1045    989    937    957    985   1009    583    587    571    603    547    583    541    638    563    562    588    607    619    499    561    494    610    563    552    532    536    578    139    174    186    156    235    185    370    231    317    318    308    311    256    293    308    278    315    272    302    324    238    324  
  952    948    829    854    871    881    938    877    932    833    839    876    872    906    907    945    834    871    896    590    588    665     31     66     63      4     51     72     60     44     27      3     30     40     61     37     74      0     57     43     16      9     82     23    242    269    252    248    266    190    309    293    306    208    232    244    316    300    375    381    378    340    385    391    429    382    365    409    409    365    348    349    421    404    955   1078   1053    932   1025    996   1012    988    996   1077   1025    967    990   1018   1039    632    630    616    651    593    626    589    681    605    610    639    652    667    542    607    541    652    614    597    575    587    625    209    238    250    217    295    246    337    191    286    269    259    277    235    250    266    240    274    244    261    292    190    282  
  901    896    776    801    818    830    887    826    880    782    786    825    820    854    856    893    784    819    846    566    567    648     74    117      6     57     74    127     36     47     72     58     47     20     84     49     55     57      0     61     57     62     78     71    220    241    225    209    255    166    276    273    283    177    200    218    284    282    398    403    400    354    411    414    442    404    390    437    421    384    371    375    444    421    899   1022    998    878    970    941    957    934    941   1022    969    913    935    962    985    575    574    559    594    536    569    532    625    549    553    582    595    610    485    550    484    595    557    540    518    530    568    163    186    198    165    240    193    390    246    339    326    316    331    284    306    321    294    329    295    316    346    246    338  
  960    955    834    859    876    889    946    884    938    840    844    883    878    912    915    951    843    878    905    548    546    623     26     64     66     39     13     80     39     16     70     45     18     43     23     72     40     43     61      0     57     37     41     31    274    298    281    269    302    220    334    326    337    235    258    274    342    334    341    347    344    302    353    358    391    348    333    379    371    330    314    317    388    368    952   1077   1054    934   1024    996   1010    990    996   1077   1022    968    989   1017   1040    620    622    607    639    583    618    578    674    598    599    626    643    656    534    597    531    644    601    588    567    574    615    179    214    226    195    274    224    336    195    284    280    270    277    226    256    271    242    278    239    265    290    200    287  
  944    940    821    846    863    873    930    869    924    825    831    868    864    898    899    937    825    863    888    603    601    679     47     78     62     20     66     81     69     56     16     14     42     43     76     24     85     16     57     57      0     24     95     38    228    256    238    236    251    176    296    279    292    196    220    230    302    285    390    396    393    355    400    406    444    397    379    423    424    380    363    364    436    420    951   1072   1046    926   1020    990   1007    982    990   1071   1020    961    985   1012   1033    630    628    614    649    591    623    587    679    602    609    638    650    665    539    604    539    649    613    595    572    586    623    216    242    254    221    297    249    344    198    295    273    264    285    245    256    272    247    280    253    267    301    195    288  
  959    955    836    861    878    889    945    884    939    840    846    883    879    913    914    952    841    878    904    585    583    659     23     58     67      7     44     66     60     41     33     11     27     43     53     46     72      9     62     37     24      0     77     15    251    278    260    256    274    199    317    302    315    217    241    253    324    309    366    372    369    332    376    383    420    373    356    400    401    357    339    340    412    396    961   1084   1059    939   1031   1002   1018    995   1002   1083   1031    973    996   1024   1045    636    635    621    655    598    631    593    686    610    614    643    657    671    547    611    545    657    618    602    579    590    629    208    239    251    219    297    247    330    185    279    264    254    271    227    244    260    233    268    236    255    286    185    277  
