149

    0     17     20     71    386    244    356    339    357    364    337    381    341    328    663    671    643    600    728    679    747    740    721    739    788    777    775    513    616    490    557    485    462    476    447    483    451    520    546    478    641    650    652    640    480    437    506    478    459    476    425    454    533    213    260    224    234    315    263    260    202    165    187    260    279    281    330    288    294    244    251    757    717    695    719    733    657    699    718    762    707    729    726    750    714    728    767    770    710    727    671    740    697    720    762    693    495    496    475    481    507    480    500    498    493    421   1103    998   1053   1044   1043    986   1044    239    106    182    174    214    148    190   1152   1150   1166   1233   1152   1172   1153   1200   1117   1106   1166    289    259    255    230    182    249    861    874    884    917    924    964    942    914    846    860    981    576  
   17      0      8     56    399    258    369    351    371    379    350    393    355    342    655    663    635    592    720    684    751    745    726    743    792    783    780    514    618    505    573    502    477    492    463    499    467    536    561    492    650    659    660    648    497    454    523    495    476    493    442    470    550    223    271    236    246    325    277    272    214    178    198    277    295    296    346    304    310    259    267    771    730    709    732    747    670    713    731    775    720    742    740    765    730    743    783    785    726    743    686    756    712    736    777    709    478    479    458    465    491    464    483    482    476    404   1120   1015   1069   1061   1059   1003   1060    231     98    180    160    203    139    176   1167   1165   1180   1247   1167   1186   1168   1215   1132   1120   1180    306    275    271    246    198    265    877    890    900    933    939    980    957    930    862    875    996    559  
   20      8      0     51    405    264    375    357    376    384    356    399    361    347    648    656    628    585    713    691    758    752    733    750    800    790    788    507    612    505    572    502    476    492    463    498    466    536    560    491    645    655    656    644    498    456    524    495    476    494    443    472    551    219    267    233    243    321    276    269    211    176    195    279    297    296    347    305    311    259    267    768    727    706    729    744    668    710    729    772    717    739    738    764    729    742    782    784    725    742    685    755    711    735    776    709    475    476    455    462    487    460    480    479    473    401   1122   1016   1071   1063   1061   1004   1062    224     91    173    155    197    132    170   1172   1170   1185   1252   1172   1191   1173   1220   1137   1126   1185    308    278    274    249    201    269    881    894    904    937    944    984    962    934    866    880   1001    557  
   71     56     51      0    453    314    424    406    426    435    404    447    411    397    610    616    588    546    674    724    788    787    767    782    832    824    822    494    602    542    607    543    512    530    504    537    505    576    597    525    656    665    666    654    542    502    567    536    519    539    490    517    594    241    288    261    268    341    309    294    238    208    222    325    342    334    391    347    354    298    309    797    754    732    756    771    694    739    756    798    744    766    767    799    768    779    819    818    762    781    720    791    748    773    811    747    426    427    408    415    438    411    431    429    425    353   1167   1062   1116   1109   1106   1048   1106    188     66    156    106    155     96    122   1222   1220   1236   1302   1222   1241   1223   1270   1187   1176   1235    356    328    324    298    252    318    931    944    955    987    994   1035   1012    985    916    930   1051    510  
  386    399    405    453      0    150     38     48     57     94     49      7     78     76   1034   1046   1019    975   1103    416    499    452    442    471    511    482    479    817    895    475    543    429    477    460    419    467    437    469    527    509    806    816    822    810    380    305    403    426    390    363    315    355    424    455    481    430    445    515    404    455    427    399    426    278    289    372    320    330    320    359    334    773    758    739    754    765    712    723    748    799    745    767    743    705    626    666    692    731    649    646    637    676    645    647    707    620    845    845    814    822    859    834    851    851    842    770    887    773    834    806    823    794    837    618    487    543    558    598    531    574    783    780    792    858    786    796    779    832    748    732    791    252    209    207    236    239    220    530    538    539    574    577    623    605    572    510    514    638    904  
  244    258    264    314    150      0    115    103    113    124    103    146     98     84    885    897    870    826    954    524    604    572    558    583    628    606    603    674    757    406    479    374    396    390    351    398    365    415    464    426    693    703    708    696    341    273    367    369    337    328    272    312    393    312    343    290    306    382    276    319    285    253    281    162    181    252    228    219    213    230    210    707    683    662    681    694    630    653    677    727    671    693    676    661    597    628    660    686    610    615    586    639    602    613    667    585    724    724    697    705    737    711    729    729    721    648    925    814    872    854    862    819    870    470    342    394    418    453    385    433    910    907    923    989    910    928    910    958    874    863    922    154     96     91    107     92    101    628    640    647    681    687    729    708    678    612    622    745    793  
  356    369    375    424     38    115      0     25     25     67     29     37     43     39    999   1011    985    940   1068    449    532    488    476    505    546    518    515    779    857    444    514    400    444    429    388    436    406    441    497    477    770    780    786    774    354    279    377    397    361    337    286    327    399    418    443    392    407    477    367    417    390    362    389    240    252    335    285    293    284    321    296    744    727    708    724    735    680    693    718    769    714    737    713    680    603    642    669    705    625    623    610    652    620    624    682    596    823    823    793    802    837    811    829    829    820    747    881    768    828    802    817    784    830    585    456    508    529    566    499    545    805    802    816    882    807    820    803    854    770    756    815    216    172    169    199    203    183    541    550    554    588    592    637    618    586    522    528    653    886  
  339    351    357    406     48    103     25      0     46     87      4     43     57     44    987    999    972    927   1056    441    524    483    471    498    540    515    511    774    854    457    527    414    455    441    400    448    417    455    511    487    775    785    791    778    370    296    394    411    375    354    302    343    417    412    440    388    404    476    366    415    384    355    382    242    256    337    293    297    288    321    297    757    739    720    736    748    691    706    731    782    726    749    727    696    621    659    687    722    642    641    626    669    636    641    699    614    802    802    771    780    815    790    807    807    798    726    904    792    851    827    841    807    853    570    440    496    511    550    483    527    827    824    837    903    829    841    824    875    791    777    836    221    173    169    196    194    182    565    574    577    611    616    660    641    609    546    552    676    863  
  357    371    376    426     57    113     25     46      0     42     50     58     23     30    993   1006    979    935   1063    471    555    509    498    527    567    539    535    767    842    420    490    375    421    405    364    412    382    416    473    454    750    760    766    754    329    254    353    372    337    313    262    303    374    406    429    379    394    461    351    402    378    351    378    223    234    317    264    274    264    305    280    720    704    684    700    711    656    669    694    745    690    713    689    655    578    617    644    681    600    598    586    627    595    599    658    572    831    831    802    810    844    819    836    836    828    755    859    747    806    782    796    762    808    582    454    503    530    565    497    546    799    797    811    878    800    816    798    847    764    751    811    196    156    154    185    195    167    528    538    543    577    582    625    605    574    510    517    641    896  
  364    379    384    435     94    124     67     87     42      0     90     97     34     53    987   1001    975    930   1057    509    593    544    534    563    603    573    569    749    820    381    450    335    383    366    325    373    344    376    433    417    718    727    734    722    288    213    311    332    296    271    221    262    333    391    410    361    376    438    328    382    363    340    364    199    207    291    231    246    236    283    257    679    664    645    660    671    618    629    654    706    651    673    649    613    536    575    603    639    558    556    544    586    553    557    616    530    847    848    821    829    861    835    853    852    845    772    823    710    770    747    759    723    770    582    458    500    537    568    500    553    788    786    802    869    788    809    790    836    753    743    802    169    138    137    170    192    150    505    517    524    557    563    606    584    555    489    499    622    916  
  337    350    356    404     49    103     29      4     50     90      0     44     60     47    987    998    971    927   1055    439    521    481    468    496    538    513    509    775    855    460    530    417    457    444    403    451    420    459    514    489    777    787    793    781    374    299    398    414    379    358    305    346    420    413    441    389    405    477    368    416    385    355    383    244    258    339    295    299    290    322    298    761    742    723    739    751    694    709    734    785    729    752    730    700    625    663    691    725    645    645    629    673    640    645    703    617    799    799    769    777    813    788    805    805    796    723    908    795    855    830    845    811    857    570    439    495    510    549    482    526    829    826    839    905    831    843    826    878    794    779    838    223    175    171    198    194    184    568    577    580    614    619    663    644    612    549    555    679    860  
  381    393    399    447      7    146     37     43     58     97     44      0     79     75   1030   1041   1014    970   1098    414    498    452    441    469    510    482    479    814    893    477    546    431    478    462    421    469    439    472    529    511    806    816    822    810    384    309    406    429    392    367    317    358    427    452    479    427    443    513    403    453    425    396    423    277    289    371    321    329    320    357    332    776    760    741    756    767    713    725    751    802    747    769    745    709    630    670    696    734    653    650    640    680    649    651    711    624    839    839    807    816    853    828    845    845    835    763    893    780    840    812    830    800    843    613    482    538    553    593    526    569    790    786    799    864    792    802    786    838    755    739    797    252    208    205    234    235    219    537    545    546    581    584    629    611    579    517    521    645    898  
  341    355    361    411     78     98     43     57     23     34     60     79      0     19    973    986    960    915   1043    491    575    530    519    547    588    560    557    745    820    402    472    358    401    386    346    394    363    400    456    434    729    738    744    732    314    239    338    355    319    298    246    287    360    384    407    357    372    439    328    380    356    330    356    201    212    295    243    252    243    283    257    702    685    666    681    693    637    651    676    727    672    694    672    640    565    603    631    665    585    585    570    613    580    585    643    558    819    820    792    800    833    807    825    825    817    744    856    744    803    780    793    757    804    564    437    484    514    548    480    530    813    810    826    892    813    831    813    861    777    766    825    175    134    132    163    175    145    536    546    552    586    591    634    614    584    518    527    651    886  
  328    342    347    397     76     84     39     44     30     53     47     75     19      0    965    978    951    907   1034    484    567    524    512    540    582    555    552    742    819    413    484    371    411    397    356    404    374    412    467    443    733    743    749    737    328    254    352    367    332    312    259    300    375    380    405    354    369    439    329    379    352    325    351    202    215    297    250    255    247    283    258    714    696    676    692    704    647    662    687    738    683    705    683    654    580    617    646    679    599    600    583    627    594    599    657    572    803    804    775    783    817    791    809    809    800    728    875    762    822    799    811    775    822    553    425    475    501    536    468    517    828    825    840    906    828    845    827    876    792    780    839    179    134    131    161    167    144    553    563    569    603    608    651    631    601    535    544    667    869  
  663    655    648    610   1034    885    999    987    993    987    987   1030    973    965      0     30     39     66     72   1332   1392   1396   1376   1390   1440   1434   1432    340    392    864    887    905    826    862    865    865    852    912    888    810    650    654    645    641    941    947    955    898    906    949    927    929    974    608    607    643    632    610    696    638    634    650    629    806    810    741    826    784    797    728    755    941    884    871    894    906    839    900    900    913    884    894    925   1020   1051   1027   1067   1024   1017   1050    962   1038    998   1037   1039   1021    530    536    571    566    526    516    528    522    538    539   1496   1417   1456   1473   1448   1369   1433    424    558    492    516    456    517    501   1744   1744   1766   1833   1739   1776   1754   1788   1710   1708   1768    844    852    851    818    799    840   1419   1436   1457   1484   1494   1526   1500   1481   1411   1435   1542    623  
  671    663    656    616   1046    897   1011    999   1006   1001    998   1041    986    978     30      0     29     72     58   1337   1396   1401   1381   1394   1444   1439   1437    367    421    887    911    926    848    885    887    887    874    935    912    834    679    682    673    670    962    966    976    920    927    970    946    949    996    625    625    661    650    630    714    657    651    665    645    822    827    760    845    802    814    745    772    969    912    898    921    933    866    927    928    941    911    922    952   1046   1076   1053   1093   1051   1042   1076    988   1064   1024   1062   1065   1046    515    521    557    552    511    502    512    506    523    527   1521   1441   1481   1497   1473   1394   1458    433    566    504    520    462    525    504   1761   1762   1783   1850   1757   1793   1771   1806   1728   1725   1785    860    867    866    833    812    854   1438   1455   1475   1503   1513   1545   1519   1500   1430   1453   1562    606  
  643    635    628    588   1019    870    985    972    979    975    971   1014    960    951     39     29      0     45     86   1308   1367   1373   1353   1366   1416   1411   1409    354    415    867    893    906    829    864    866    867    853    915    893    815    669    673    664    660    940    943    955    899    906    948    923    927    975    600    602    636    626    609    691    634    626    639    620    797    802    736    821    778    790    721    747    956    899    885    908    921    852    914    915    929    898    910    939   1031   1059   1037   1077   1037   1026   1059    972   1048   1007   1046   1050   1029    492    498    534    528    488    478    489    483    500    502   1504   1423   1463   1478   1455   1377   1441    405    538    477    492    434    497    476   1737   1737   1758   1825   1733   1768   1747   1782   1703   1700   1760    835    841    840    807    785    828   1415   1432   1451   1480   1489   1522   1496   1476   1406   1429   1538    585  
  600    592    585    546    975    826    940    927    935    930    927    970    915    907     66     72     45      0    129   1267   1327   1331   1311   1325   1375   1369   1367    320    390    825    853    863    786    822    823    825    810    873    852    773    637    642    633    629    896    899    912    856    862    904    879    883    932    556    558    592    581    565    646    590    582    595    575    753    757    692    777    734    746    676    703    921    864    850    873    886    816    878    879    895    863    875    903    993   1019    998   1039   1000    987   1020    933   1009    968   1007   1013    989    474    480    513    509    471    459    472    466    482    478   1464   1382   1423   1437   1414   1337   1401    362    495    433    451    392    454    435   1693   1693   1714   1781   1689   1724   1702   1738   1659   1656   1716    790    796    795    762    740    784   1371   1388   1407   1435   1445   1478   1452   1432   1362   1385   1494    571  
  728    720    713    674   1103    954   1068   1056   1063   1057   1055   1098   1043   1034     72     58     86    129      0   1393   1452   1458   1438   1451   1501   1496   1494    406    449    935    957    976    897    933    937    936    923    983    958    881    711    714    705    702   1012   1019   1026    969    978   1021    998   1001   1045    679    678    715    703    681    768    710    705    720    700    877    881    813    898    856    868    799    826   1005    948    935    958    970    904    966    965    975    948    958    990   1086   1120   1095   1135   1090   1085   1119   1030   1105   1066   1105   1106   1090    556    562    600    594    551    544    553    547    564    574   1565   1487   1525   1542   1517   1437   1501    490    623    561    577    519    582    561   1815   1816   1837   1904   1811   1847   1825   1860   1781   1779   1839    915    922    922    889    868    910   1491   1508   1528   1556   1566   1598   1571   1553   1482   1507   1614    642  
  679    684    691    724    416    524    449    441    471    509    439    414    491    484   1332   1337   1308   1267   1393      0     85     71     48     60    109    108    108   1180   1272    890    957    841    892    874    834    881    852    881    940    924   1215   1224   1230   1218    790    716    810    839    803    772    727    766    828    827    863    810    826    905    800    841    801    765    795    681    696    774    733    736    728    754    732   1185   1172   1153   1168   1178   1127   1136   1162   1213   1159   1181   1155   1109   1022   1068   1089   1135   1051   1043   1045   1076   1050   1046   1108   1021    990    987    945    955   1003    986    996    998    983    923   1195   1085   1145   1102   1135   1129   1158    911    781    861    817    877    819    833    852    843    839    890    864    829    826    897    822    788    831    662    611    607    630    610    619    750    747    728    759    754    800    796    759    726    707    811   1005  
  747    751    758    788    499    604    532    524    555    593    521    498    575    567   1392   1396   1367   1327   1452     85      0     90     80     47     70    106    109   1253   1347    974   1041    925    975    958    918    965    936    965   1024   1008   1296   1306   1311   1299    874    800    895    923    887    857    811    851    913    903    940    888    904    984    879    920    878    841    871    762    778    855    816    818    810    834    813   1269   1256   1238   1252   1263   1211   1221   1246   1297   1243   1265   1239   1193   1106   1152   1173   1219   1136   1127   1130   1161   1134   1131   1192   1105   1027   1025    981    991   1041   1025   1033   1036   1021    963   1271   1162   1221   1177   1212   1208   1235    975    847    929    877    939    883    892    900    890    882    930    912    870    870    942    871    835    874    744    693    688    711    688    701    820    816    795    825    819    865    862    825    797    775    875   1035  
  740    745    752    787    452    572    488    483    509    544    481    452    530    524   1396   1401   1373   1331   1458     71     90      0     23     44     60     39     38   1236   1325    922    987    871    926    907    867    913    886    909    970    960   1257   1267   1273   1261    818    745    837    869    833    800    757    795    853    879    913    861    877    954    846    891    853    818    847    725    738    819    772    779    770    801    778   1212   1203   1185   1198   1208   1159   1166   1191   1242   1189   1211   1183   1131   1041   1089   1108   1157   1073   1063   1070   1097   1072   1067   1129   1042   1060   1057   1015   1025   1073   1056   1066   1068   1053    993   1188   1080   1139   1094   1130   1129   1154    974    843    921    882    941    881    898    810    801    794    842    822    782    781    853    781    745    786    703    655    651    676    660    664    734    729    707    737    731    776    774    737    711    688    786   1076  
  721    726    733    767    442    558    476    471    498    534    468    441    519    512   1376   1381   1353   1311   1438     48     80     23      0     35     70     61     60   1219   1309    913    979    863    917    898    858    904    877    902    962    950   1245   1255   1261   1248    811    737    830    861    825    792    749    788    847    864    898    846    862    940    833    876    838    802    832    712    726    806    761    767    758    787    765   1205   1195   1176   1190   1200   1151   1158   1184   1235   1181   1203   1176   1125   1037   1084   1104   1152   1068   1058   1064   1092   1067   1062   1124   1037   1037   1035    992   1002   1051   1033   1043   1046   1031    970   1192   1084   1143   1099   1133   1131   1157    954    824    903    862    921    862    877    826    816    810    859    837    799    797    869    796    761    802    691    642    638    663    645    651    741    736    716    745    740    786    783    746    718    696    796   1053  
  739    743    750    782    471    583    505    498    527    563    496    469    547    540   1390   1394   1366   1325   1451     60     47     44     35      0     51     67     69   1240   1331    943   1009    894    946    928    888    935    906    933    993    979   1272   1282   1287   1275    842    768    862    892    856    824    780    819    878    886    922    869    885    964    858    900    861    824    854    738    753    832    789    793    785    812    790   1237   1225   1207   1221   1231   1181   1189   1214   1265   1212   1234   1207   1158   1070   1116   1137   1184   1100   1091   1096   1125   1099   1095   1157   1070   1040   1037    994   1004   1053   1036   1046   1048   1033    974   1227   1119   1177   1133   1168   1165   1192    970    840    920    875    935    877    890    854    844    837    886    866    826    825    897    825    789    830    718    669    665    688    669    677    775    770    749    779    773    819    816    779    751    729    828   1052  
  788    792    800    832    511    628    546    540    567    603    538    510    588    582   1440   1444   1416   1375   1501    109     70     60     70     51      0     47     52   1288   1379    981   1046    930    985    966    926    973    945    969   1030   1019   1315   1324   1330   1318    877    804    896    929    893    859    817    855    912    933    968    915    931   1009    903    946    907    871    901    782    796    876    830    836    828    857    834   1272   1262   1244   1257   1268   1219   1225   1251   1302   1249   1271   1243   1190   1100   1148   1167   1216   1133   1122   1130   1157   1132   1126   1189   1102   1089   1086   1043   1053   1102   1086   1095   1097   1082   1023   1241   1135   1193   1147   1183   1184   1209   1020    890    970    925    985    927    940    844    833    824    870    856    811    812    885    815    778    816    761    712    708    732    715    721    784    778    756    784    778    822    822    784    761    737    831   1099  
  777    783    790    824    482    606    518    515    539    573    513    482    560    555   1434   1439   1411   1369   1496    108    106     39     61     67     47      0      5   1271   1360    949   1013    897    954    934    894    940    914    935    996    988   1288   1298   1304   1292    843    771    862    896    860    825    784    822    877    914    947    895    911    987    879    924    888    853    882    756    770    851    802    810    802    833    810   1237   1229   1211   1224   1234   1186   1191   1217   1268   1216   1237   1208   1153   1062   1111   1129   1179   1095   1084   1094   1119   1095   1089   1151   1065   1097   1095   1052   1062   1111   1093   1103   1106   1091   1030   1196   1090   1147   1101   1138   1140   1164   1011    880    958    920    978    919    936    798    788    780    826    811    767    768    840    770    733    772    734    687    683    709    694    696    738    732    709    737    731    775    775    738    715    690    784   1112  
  775    780    788    822    479    603    515    511    535    569    509    479    557    552   1432   1437   1409   1367   1494    108    109     38     60     69     52      5      0   1268   1357    945   1009    893    951    930    890    936    910    931    992    984   1285   1294   1300   1288    839    767    858    892    856    821    780    818    873    911    944    892    908    984    876    921    885    850    879    753    766    847    799    807    798    830    807   1233   1225   1207   1220   1230   1183   1187   1213   1264   1212   1233   1204   1149   1058   1107   1125   1175   1091   1080   1090   1115   1091   1084   1147   1060   1097   1094   1052   1062   1111   1093   1103   1106   1090   1030   1191   1085   1143   1097   1134   1136   1159   1009    878    956    918    977    917    934    795    784    776    823    807    764    764    836    766    729    768    730    683    680    706    691    693    734    728    704    733    726    771    770    733    710    686    780   1112  
  513    514    507    494    817    674    779    774    767    749    775    814    745    742    340    367    354    320    406   1180   1253   1236   1219   1240   1288   1271   1268      0    115    544    558    592    507    545    556    546    540    592    560    487    319    324    316    311    636    657    645    585    601    647    636    630    661    362    339    389    374    319    425    369    390    421    393    551    548    467    548    514    526    467    494    602    545    532    555    567    499    561    561    575    545    556    586    681    716    689    729    685    680    714    625    700    661    700    700    686    664    669    686    685    667    646    665    659    669    632   1160   1085   1121   1141   1113   1033   1097    338    428    339    447    382    406    439   1454   1456   1480   1546   1447   1493   1469   1496   1421   1424   1484    586    612    614    582    583    600   1122   1140   1164   1189   1200   1227   1200   1185   1116   1144   1243    773  
  616    618    612    602    895    757    857    854    842    820    855    893    820    819    392    421    415    390    449   1272   1347   1325   1309   1331   1379   1360   1357    115      0    568    567    621    535    572    590    572    572    614    573    509    267    269    258    257    671    704    677    616    637    685    683    670    688    446    415    467    451    383    493    441    473    508    478    622    615    532    605    578    589    538    564    566    510    500    521    531    474    533    528    533    512    519    555    660    710    676    713    660    669    705    615    685    650    691    680    680    773    778    796    795    776    755    773    768    779    744   1147   1080   1112   1137   1105   1021   1085    451    537    447    560    496    517    553   1489   1492   1518   1583   1482   1533   1508   1530   1458   1464   1523    654    687    689    659    667    676   1155   1174   1200   1223   1234   1258   1230   1219   1151   1182   1273    882  
  490    505    505    542    475    406    444    457    420    381    460    477    402    413    864    887    867    825    935    890    974    922    913    943    981    949    945    544    568      0     74     59     39     16     57      9     43     48     59     60    379    387    396    386    117    180    113     57     91    135    165    131    120    324    294    292    292    266    236    270    314    337    330    257    236    210    181    209    208    246    242    302    284    264    280    291    238    250    274    325    270    293    271    264    227    239    278    286    221    239    185    251    208    231    274    205    946    949    938    943    956    929    950    947    947    880    653    562    608    616    598    528    590    575    516    488    604    590    542    613    922    926    952   1017    914    968    942    962    892    900    957    254    311    317    313    364    309    587    606    634    655    667    690    662    652    585    617    705   1042  
  557    573    572    607    543    479    514    527    490    450    530    546    472    484    887    911    893    853    957    957   1041    987    979   1009   1046   1013   1009    558    567     74      0    116     96     90    129     82    116     79     17     88    351    357    367    359    171    242    157    118    154    189    230    192    151    381    346    351    349    310    298    325    374    400    390    330    309    277    255    281    280    315    313    231    217    199    212    222    179    180    206    257    203    225    200    193    173    173    214    214    156    180    114    185    141    170    205    146   1003   1006    998   1002   1013    985   1007   1004   1004    939    614    530    571    586    563    487    550    626    577    542    664    645    600    671    937    941    969   1032    927    986    960    975    908    919    975    327    385    390    386    437    383    602    622    652    670    683    701    673    667    603    637    716   1101  
  485    502    502    543    429    374    400    414    375    335    417    431    358    371    905    926    906    863    976    841    925    871    863    894    930    897    893    592    621     59    116      0     87     50     43     53     53     42    100    117    438    446    455    445     59    127     56      8     39     77    115     76     70    341    318    306    309    299    246    290    326    343    341    237    215    212    160    198    193    246    235    345    332    314    328    338    291    296    321    372    319    341    315    288    232    256    291    312    238    247    214    267    229    243    295    215    956    959    946    951    967    939    960    958    956    888    633    536    585    588    576    510    571    594    523    505    613    606    553    623    869    872    898    962    861    913    888    909    838    845    902    225    281    287    289    343    282    534    553    579    602    614    638    610    598    531    562    654   1049  
  462    477    476    512    477    396    444    455    421    383    457    478    401    411    826    848    829    786    897    892    975    926    917    946    985    954    951    507    535     39     96     87      0     38     65     39     44     87     85     35    357    365    374    363    141    194    143     83    110    157    176    148    154    289    257    258    257    228    204    234    281    305    297    241    220    182    168    189    190    219    218    313    287    267    285    298    237    257    281    331    275    298    282    289    261    267    308    309    250    271    210    280    236    262    300    237    912    914    905    910    922    894    915    912    912    846    691    600    646    654    637    565    628    538    483    452    571    555    508    578    955    958    985   1049    948   1000    975    996    924    931    989    243    300    306    298    346    297    621    640    666    688    700    724    696    685    617    649    740   1008  
  476    492    492    530    460    390    429    441    405    366    444    462    386    397    862    885    864    822    933    874    958    907    898    928    966    934    930    545    572     16     90     50     38      0     41      8     27     52     75     67    389    397    406    396    107    167    106     47     78    124    151    118    117    315    286    282    282    261    224    261    303    325    319    242    220    197    166    194    193    233    228    318    299    280    296    307    253    265    290    341    286    308    287    279    239    253    291    301    235    251    201    265    223    244    288    218    936    938    927    932    946    918    939    937    936    869    661    568    614    621    605    536    598    566    504    479    593    581    531    602    918    921    947   1012    910    962    937    958    887    894    952    238    295    301    297    348    294    583    602    629    651    663    686    659    647    580    611    702   1031  
  447    463    463    504    419    351    388    400    364    325    403    421    346    356    865    887    866    823    937    834    918    867    858    888    926    894    890    556    590     57    129     43     65     41      0     49     21     73    114     98    421    429    437    427     81    130     90     35     47     96    113     84    110    299    276    264    267    258    204    248    285    302    299    205    183    171    128    162    158    206    197    359    340    321    336    348    293    306    331    382    327    349    328    315    267    286    323    338    268    281    238    298    257    276    323    248    915    917    905    910    926    898    919    917    915    847    675    578    627    630    618    552    613    552    482    463    572    564    511    582    901    903    929    994    893    943    918    942    869    875    933    199    256    262    259    312    255    567    585    611    634    646    672    644    631    562    592    688   1008  
  483    499    498    537    467    398    436    448    412    373    451    469    394    404    865    887    867    825    936    881    965    913    904    935    973    940    936    546    572      9     82     53     39      8     49      0     35     48     67     65    386    393    403    392    110    172    108     50     83    128    157    123    117    320    291    288    288    265    231    267    309    331    325    249    228    203    173    202    200    240    235    311    292    273    288    300    247    258    283    334    279    301    280    271    233    245    284    294    228    245    193    258    215    237    281    211    941    944    933    939    952    924    945    943    942    875    656    564    610    617    601    531    593    571    510    484    599    586    537    608    918    922    948   1013    910    964    938    959    888    895    953    245    303    309    305    356    301    583    603    630    651    663    687    659    648    581    612    702   1037  
  451    467    466    505    437    365    406    417    382    344    420    439    363    374    852    874    853    810    923    852    936    886    877    906    945    914    910    540    572     43    116     53     44     27     21     35      0     72    101     78    400    408    417    406    100    151    106     46     67    116    133    105    122    294    268    260    262    247    202    242    281    301    297    215    193    172    139    168    166    208    202    344    323    303    319    331    275    290    314    365    310    332    312    305    264    279    317    328    261    276    227    291    249    270    315    243    913    916    904    909    924    896    917    914    914    846    680    585    633    637    623    556    617    547    481    458    571    560    509    580    918    921    947   1012    911    961    936    960    887    893    951    212    269    275    271    322    267    584    603    629    652    663    689    661    648    580    610    704   1008  
  520    536    536    576    469    415    441    455    416    376    459    472    400    412    912    935    915    873    983    881    965    909    902    933    969    935    931    592    614     48     79     42     87     52     73     48     72      0     63    106    417    424    434    424     93    166     79     47     81    111    155    115     78    365    338    332    333    313    273    312    353    373    368    276    254    242    199    234    230    278    270    305    295    277    289    299    257    257    282    333    281    302    275    247    194    215    251    271    197    209    172    227    188    204    253    176    985    987    976    981    995    968    989    986    985    917    609    516    563    569    553    485    546    617    552    529    642    631    581    651    878    881    909    972    869    925    899    918    848    857    914    266    323    329    329    382    323    543    562    590    611    623    645    617    607    541    574    660   1079  
