100

    0     11      6     23     16      3      7      7     20    880    869    886    892    879    956    930    939    954    936    948    921    931    941    945    936    919    307    316    336    560    525    553    540    541    541    554    537    556    543    539    524    543    535    532    515    549    682    697    692    712    685    686    685    692    692    679    704    705    703    668    683    687   1115   1132   1143   1132   1142   1124   1123    381    388    383    387    400    384    410    375    397    393    376    399     75    238    263    236    251    244    246    246    220    171    149    163    171    147    166    171    147    167    679  
   11      0     17     14     25     12      7     17     10    891    880    896    903    890    953    928    936    952    934    945    919    928    938    942    933    917    312    321    341    568    533    561    548    548    549    561    545    563    550    547    532    550    543    540    522    557    691    706    701    721    694    695    695    701    701    688    714    714    712    677    692    696   1125   1142   1153   1142   1152   1134   1133    384    392    387    390    403    387    413    378    400    397    378    402     80    246    272    243    259    253    254    254    228    163    140    156    163    139    158    163    140    160    668  
    6     17      0     29     13      6     12      3     26    875    864    880    887    873    957    931    940    955    937    949    922    932    941    946    937    921    305    314    334    556    521    549    536    536    537    549    533    551    539    535    520    539    531    527    510    545    677    692    687    708    680    681    681    687    687    674    700    701    698    664    678    682   1110   1126   1138   1127   1137   1118   1117    380    387    382    385    398    383    408    374    396    392    375    398     73    234    259    231    246    239    241    241    216    175    154    168    176    151    170    176    152    172    684  
   23     14     29      0     38     23     17     30     12    901    890    907    913    900    943    918    926    942    924    935    908    918    928    932    923    907    310    320    339    570    535    564    550    551    551    564    547    566    552    549    534    553    545    542    525    559    704    720    714    735    708    708    708    714    714    702    727    728    725    691    705    709   1133   1149   1160   1149   1160   1141   1140    395    403    398    401    413    398    425    389    411    408    389    413     79    249    276    246    264    257    258    258    232    161    137    154    161    138    157    161    139    159    656  
   16     25     13     38      0     18     23     11     32    870    859    875    882    869    969    944    953    968    950    962    935    944    954    958    949    933    313    322    342    560    526    553    540    541    541    554    537    556    544    539    524    543    536    532    514    550    667    682    677    697    670    670    670    677    677    664    689    690    687    653    667    672   1109   1125   1137   1126   1136   1117   1116    367    374    369    373    386    371    395    361    383    379    362    385     83    239    262    236    249    243    245    245    219    172    152    165    174    148    167    173    148    168    692  
    3     12      6     23     18      0      6      8     21    880    869    885    891    878    953    928    936    952    934    945    919    928    938    942    933    917    304    314    334    558    523    551    538    538    538    551    535    553    540    537    521    540    533    529    512    547    683    698    693    713    686    687    686    693    693    680    705    706    704    669    684    688   1114   1130   1142   1131   1141   1122   1121    383    391    386    389    402    387    412    378    399    396    378    402     72    236    261    233    249    242    244    244    218    173    151    166    174    149    168    173    150    170    678  
    7      7     12     17     23      6      0     13     16    885    874    891    897    884    951    925    934    949    931    943    916    926    936    940    931    915    306    315    335    561    526    555    541    542    542    555    538    557    544    540    525    544    536    533    516    550    688    703    698    718    691    692    691    698    698    685    711    711    709    674    689    693   1119   1135   1146   1135   1146   1127   1126    386    393    389    392    405    389    415    380    402    399    381    404     74    239    265    237    252    246    248    248    221    169    147    162    170    146    165    170    146    166    673  
    7     17      3     30     11      8     13      0     26    874    863    880    886    873    959    933    942    958    939    951    924    934    944    948    939    923    306    315    335    557    522    550    537    537    538    550    534    553    540    536    521    540    532    528    511    546    676    691    686    706    679    680    679    686    686    673    698    699    696    662    677    681   1110   1126   1138   1127   1137   1119   1118    377    385    380    383    396    381    406    372    393    390    372    396     75    235    260    232    247    240    242    242    216    174    153    167    175    150    169    175    151    171    685  
   20     10     26     12     32     21     16     26      0    900    888    905    911    898    954    929    938    953    935    946    920    930    940    944    935    918    319    328    348    576    541    570    556    557    557    570    553    572    559    555    540    559    551    548    531    565    697    712    707    727    700    701    701    707    707    694    719    720    718    683    697    702   1134   1151   1162   1151   1161   1143   1142    384    391    387    389    402    387    413    378    400    396    378    401     87    255    281    252    268    262    263    263    237    154    132    147    154    131    150    154    132    151    661  
  880    891    875    901    870    880    885    874    900      0     16     21     14      6   1413   1387   1398   1417   1390   1417   1389   1389   1394   1400   1394   1393    778    773    780    583    610    574    588    591    587    588    601    593    609    595    591    601    611    585    585    600    506    480    489    485    461    494    465    479    490    479    480    504    485    489    507    487    378    385    407    390    404    386    378    869    864    865    873    885    884    858    871    877    877    888    889    852    718    684    721    689    693    696    696    718   1020   1009   1011   1025    997   1012   1023    996   1013   1543  
  869    880    864    890    859    869    874    863    888     16      0     19     24     12   1412   1386   1397   1416   1389   1415   1388   1388   1393   1399   1393   1392    771    766    774    581    608    572    586    588    584    586    598    591    607    593    588    598    609    582    582    598    491    464    473    469    445    478    449    463    474    464    465    489    469    473    491    472    393    400    422    405    419    402    394    855    849    850    858    870    870    843    857    862    862    873    874    842    710    675    713    680    684    688    688    709   1008    997    999   1012    985   1000   1011    984   1000   1534  
  886    896    880    907    875    885    891    880    905     21     19      0     15     16   1430   1404   1415   1434   1407   1434   1406   1406   1411   1417   1411   1410    790    785    793    600    626    590    604    607    603    605    617    609    625    611    606    617    627    600    601    617    494    467    477    472    449    482    453    467    478    468    468    492    472    478    495    475    393    399    421    404    418    401    393    866    861    861    870    881    881    854    868    873    873    885    885    859    728    693    731    698    702    706    706    727   1024   1012   1015   1028   1001   1015   1027   1000   1016   1551  
  892    903    887    913    882    891    897    886    911     14     24     15      0     14   1426   1401   1412   1430   1403   1430   1402   1402   1407   1413   1407   1407    791    786    794    597    624    587    602    604    600    602    614    606    622    608    604    614    624    598    599    614    508    482    491    486    463    496    467    481    492    482    482    506    486    492    509    489    378    385    407    390    404    387    378    877    872    873    881    892    892    865    879    884    884    896    896    864    731    697    734    701    706    709    709    731   1031   1020   1022   1036   1009   1023   1034   1007   1024   1556  
  879    890    873    900    869    878    884    873    898      6     12     16     14      0   1415   1390   1401   1420   1393   1419   1392   1391   1397   1402   1396   1396    779    773    781    585    612    576    590    593    589    591    603    595    611    597    593    603    613    587    587    603    501    474    484    480    456    488    459    474    485    474    475    499    480    484    502    482    383    390    412    395    409    392    384    866    861    861    870    881    881    854    868    873    873    885    885    851    718    684    721    688    693    696    696    717   1018   1007   1010   1023    996   1010   1021    994   1011   1543  
  956    953    957    943    969    953    951    959    954   1413   1412   1430   1426   1415      0     27     17      9     23     19     35     26     19     13     21     39    746    744    724    831    808    842    829    826    830    827    816    822    807    822    829    816    806    834    837    815   1519   1521   1520   1537   1501   1517   1503   1515   1521   1504   1528   1539   1528   1498   1520   1515   1383   1400   1395   1396   1396   1386   1393   1335   1342   1338   1341   1354   1339   1363   1330   1351   1348   1331   1354    896    860    878    859    885    886    879    879    880   1044   1020   1044   1039   1035   1047   1040   1037   1049    891  
  930    928    931    918    944    928    925    933    929   1387   1386   1404   1401   1390     27      0     12     30      7     31     17      2     11     15      7     26    719    718    698    806    782    816    803    800    804    801    790    796    782    796    803    790    780    808    810    789   1492   1494   1493   1510   1474   1490   1476   1489   1494   1477   1501   1512   1501   1471   1493   1488   1361   1378   1373   1374   1374   1364   1371   1310   1317   1312   1316   1329   1314   1337   1304   1326   1323   1305   1329    870    833    851    832    858    859    852    853    853   1020    996   1020   1015   1011   1023   1017   1013   1025    878  
  939    936    940    926    953    936    934    942    938   1398   1397   1415   1412   1401     17     12      0     19     11     21     20     10     10      8      5     26    730    728    708    817    794    827    814    811    815    812    802    807    793    807    814    801    792    819    822    800   1502   1505   1504   1521   1485   1500   1486   1499   1505   1488   1512   1523   1512   1482   1504   1499   1371   1389   1384   1384   1385   1375   1382   1319   1326   1321   1325   1338   1323   1346   1313   1335   1331   1314   1338    879    843    861    842    868    870    863    863    863   1028   1004   1028   1022   1019   1031   1024   1021   1033    880  
  954    952    955    942    968    952    949    958    953   1417   1416   1434   1430   1420      9     30     19      0     28     11     34     29     25     19     24     36    748    746    726    836    812    846    833    830    834    831    820    826    811    826    833    820    810    838    840    819   1520   1523   1522   1539   1503   1518   1505   1517   1523   1506   1530   1541   1530   1500   1522   1517   1389   1406   1401   1402   1403   1393   1399   1334   1341   1337   1340   1353   1338   1362   1329   1350   1347   1329   1353    895    861    879    860    886    887    880    880    880   1042   1018   1042   1036   1033   1045   1038   1035   1047    884  
  936    934    937    924    950    934    931    939    935   1390   1389   1407   1403   1393     23      7     11     28      0     31     23      8      5     10      7     32    725    723    703    809    786    819    806    803    807    804    794    799    785    799    806    793    784    811    814    792   1497   1499   1498   1515   1479   1494   1480   1493   1499   1482   1506   1517   1506   1476   1498   1493   1362   1379   1374   1375   1375   1365   1372   1316   1323   1318   1322   1335   1320   1343   1310   1332   1329   1311   1335    876    838    856    837    863    864    857    858    858   1027   1003   1027   1021   1017   1030   1023   1019   1032    885  
  948    945    949    935    962    945    943    951    946   1417   1415   1434   1430   1419     19     31     21     11     31      0     29     29     29     24     25     29    743    742    722    835    811    845    832    829    833    830    819    825    811    825    832    819    809    837    839    818   1517   1519   1518   1535   1499   1515   1501   1514   1519   1502   1526   1537   1526   1496   1518   1513   1391   1409   1404   1404   1405   1395   1402   1328   1335   1330   1334   1347   1332   1356   1322   1344   1340   1323   1346    889    856    875    855    881    883    876    876    876   1034   1010   1034   1028   1025   1037   1030   1027   1039    873  
  921    919    922    908    935    919    916    924    920   1389   1388   1406   1402   1392     35     17     20     34     23     29      0     16     26     27     18     10    715    713    693    807    783    817    804    801    805    802    791    797    783    797    803    791    781    808    811    790   1488   1490   1490   1507   1470   1486   1472   1485   1490   1473   1497   1509   1498   1467   1489   1484   1367   1384   1380   1380   1381   1371   1377   1301   1308   1303   1307   1320   1305   1329   1295   1317   1314   1296   1320    861    828    846    827    853    854    847    848    847   1009    986   1009   1004   1000   1013   1006   1002   1014    862  
  931    928    932    918    944    928    926    934    930   1389   1388   1406   1402   1391     26      2     10     29      8     29     16      0     11     14      6     25    721    719    699    807    784    818    805    802    806    803    792    798    783    798    804    791    782    809    812    791   1493   1495   1495   1512   1475   1491   1477   1490   1495   1478   1502   1514   1503   1472   1494   1489   1362   1380   1375   1375   1376   1366   1373   1311   1317   1313   1316   1330   1315   1338   1305   1327   1323   1306   1329    870    834    852    833    859    860    853    854    854   1021    997   1021   1015   1011   1024   1017   1013   1026    877  
  941    938    941    928    954    938    936    944    940   1394   1393   1411   1407   1397     19     11     10     25      5     29     26     11      0      6      8     34    729    727    707    813    790    823    810    807    811    808    798    803    789    803    810    797    788    815    818    796   1501   1503   1502   1519   1483   1499   1485   1498   1503   1486   1510   1522   1510   1480   1502   1497   1365   1382   1377   1378   1378   1369   1375   1320   1327   1322   1326   1339   1324   1348   1314   1336   1333   1316   1339    880    843    860    841    867    869    862    862    862   1031   1007   1031   1025   1021   1034   1027   1023   1036    887  
  945    942    946    932    958    942    940    948    944   1400   1399   1417   1413   1402     13     15      8     19     10     24     27     14      6      0     10     34    734    732    712    819    796    829    816    813    817    814    803    809    795    809    816    803    793    821    824    802   1506   1508   1508   1525   1488   1504   1490   1503   1508   1491   1515   1527   1516   1486   1507   1502   1371   1388   1383   1384   1384   1374   1381   1324   1331   1327   1330   1344   1329   1352   1319   1341   1337   1320   1343    884    848    865    847    872    874    867    867    868   1035   1011   1034   1029   1025   1038   1031   1027   1040    887  
  936    933    937    923    949    933    931    939    935   1394   1393   1411   1407   1396     21      7      5     24      7     25     18      6      8     10      0     26    726    724    704    812    789    823    810    807    811    807    797    803    788    803    809    796    787    814    817    796   1498   1500   1500   1517   1480   1496   1482   1495   1500   1483   1507   1519   1508   1478   1499   1494   1367   1384   1379   1380   1380   1370   1377   1315   1322   1318   1321   1334   1319   1343   1310   1331   1328   1311   1334    875    839    857    838    864    866    858    859    859   1025   1001   1025   1020   1016   1028   1021   1018   1030    879  
  919    917    921    907    933    917    915    923    918   1393   1392   1410   1407   1396     39     26     26     36     32     29     10     25     34     34     26      0    716    714    695    811    787    821    808    805    809    806    795    801    786    801    807    795    785    812    814    794   1489   1492   1491   1508   1472   1487   1474   1486   1492   1475   1499   1510   1499   1469   1490   1486   1373   1391   1386   1386   1387   1377   1384   1300   1307   1302   1305   1318   1303   1327   1294   1316   1312   1295   1318    860    828    847    827    854    855    848    848    848   1006    983   1006   1001    997   1010   1002    999   1011    854  
  307    312    305    310    313    304    306    306    319    778    771    790    791    779    746    719    730    748    725    743    715    721    729    734    726    716      0     10     30    292    252    290    273    272    274    284    266    285    268    269    259    271    260    268    254    276    775    779    778    795    760    774    761    773    778    761    786    796    786    755    776    772    918    935    942    934    942    925    927    639    644    640    646    661    647    661    635    656    653    641    662    233    116    132    115    139    141    134    134    138    468    444    463    467    447    466    468    448    467    806  
  316    321    314    320    322    314    315    315    328    773    766    785    786    773    744    718    728    746    723    742    713    719    727    732    724    714     10      0     23    282    242    281    264    263    265    275    256    275    258    260    249    261    251    258    245    267    776    780    778    796    760    774    762    774    779    762    787    797    787    756    777    773    909    927    934    926    934    917    919    646    651    647    653    668    654    667    642    663    660    648    669    242    120    134    120    141    144    137    137    143    478    453    472    477    457    475    477    457    477    815  
  336    341    334    339    342    334    335    335    348    780    774    793    794    781    724    698    708    726    703    722    693    699    707    712    704    695     30     23      0    275    235    275    257    256    259    268    249    268    250    253    244    254    243    253    240    259    795    798    797    815    779    793    781    793    798    781    805    816    806    775    796    792    908    926    932    924    932    915    917    669    673    669    675    690    677    690    664    685    682    670    691    262    142    154    142    163    165    158    158    165    496    471    491    495    475    494    496    476    496    818  
  560    568    556    570    560    558    561    557    576    583    581    600    597    585    831    806    817    836    809    835    807    807    813    819    812    811    292    282    275      0     41     13     21     20     20      8     27     11     29     23     37     23     35     29     47     19    767    759    762    775    736    761    739    755    763    745    765    783    767    744    768    757    642    660    664    658    664    648    651    805    806    804    811    827    817    817    802    820    818    813    829    493    322    299    325    312    319    316    316    341    730    707    723    730    706    725    730    707    727   1091  
  525    533    521    535    526    523    526    522    541    610    608    626    624    612    808    782    794    812    786    811    783    784    790    796    789    787    252    242    235     41      0     43     25     23     27     33     14     33     18     19     21     19     11     26     31     25    767    761    764    777    739    762    742    757    764    747    768    784    769    745    768    758    681    699    704    697    704    688    691    782    784    781    789    804    794    795    780    798    795    790    806    457    288    267    290    280    287    283    283    308    695    672    688    695    672    690    695    672    692   1051  
  553    561    549    564    553    551    555    550    570    574    572    590    587    576    842    816    827    846    819    845    817    818    823    829    823    821    290    281    275     13     43      0     18     20     17     16     30     21     36     24     32     28     39     23     39     27    754    746    749    762    724    748    726    742    750    732    752    770    754    731    755    744    639    657    662    655    662    646    649    794    796    793    800    816    806    806    792    809    807    803    818    488    316    292    319    305    312    309    309    334    723    701    716    724    700    719    724    700    720   1092  
  540    548    536    550    540    538    541    537    556    588    586    604    602    590    829    803    814    833    806    832    804    805    810    816    810    808    273    264    257     21     25     18      0      4      2     15     13     18     22      7     17     14     23     10     27     18    757    751    753    766    728    751    731    746    754    736    757    774    759    734    758    748    657    675    680    673    680    664    666    787    789    786    793    809    799    799    784    802    800    795    811    473    302    279    305    292    299    296    296    321    710    687    703    710    686    705    710    687    707   1074  
  541    548    536    551    541    538    542    537    557    591    588    607    604    593    826    800    811    830    803    829    801    802    807    813    807    805    272    263    256     20     23     20      4      0      5     14     11     16     19      5     18     11     21     13     29     15    760    754    756    769    731    754    734    749    757    739    760    777    761    737    761    751    658    676    681    675    681    665    668    789    791    788    795    811    801    801    786    804    802    797    813    474    303    280    305    293    300    297    297    322    710    688    703    711    687    706    711    687    707   1073  
  541    549    537    551    541    538    542    538    557    587    584    603    600    589    830    804    815    834    807    833    805    806    811    817    811    809    274    265    259     20     27     17      2      5      0     14     15     18     23      9     17     15     25     11     28     18    757    750    753    765    727    751    730    745    753    736    756    773    758    734    758    747    656    674    678    672    678    662    665    787    789    786    794    809    799    800    785    803    800    795    812    474    303    280    306    293    300    297    297    322    711    688    704    711    687    706    711    688    708   1075  
  554    561    549    564    554    551    555    550    570    588    586    605    602    591    827    801    812    831    804    830    802    803    808    814    807    806    284    275    268      8     33     16     15     14     14      0     20      6     22     16     31     15     27     24     42     13    767    760    763    775    737    761    740    755    763    746    766    783    768    744    768    757    649    667    671    665    672    656    659    801    803    800    807    823    813    813    798    816    814    809    825    487    316    293    319    306    313    310    310    335    723    701    717    724    700    719    724    700    720   1084  
  537    545    533    547    537    535    538    534    553    601    598    617    614    603    816    790    802    820    794    819    791    792    798    803    797    795    266    256    249     27     14     30     13     11     15     20      0     20     11      6     19      6     11     19     32     13    767    760    763    776    738    761    740    756    763    746    767    783    768    744    768    758    668    686    690    684    690    674    677    790    792    789    796    812    801    802    787    805    803    797    814    470    299    277    302    291    297    294    294    319    707    684    700    707    683    702    707    684    704   1065  
  556    563    551    566    556    553    557    553    572    593    591    609    606    595    822    796    807    826    799    825    797    798    803    809    803    801    285    275    268     11     33     21     18     16     18      6     20      0     19     17     34     14     26     28     45     10    772    765    768    781    743    766    745    761    769    751    771    789    773    749    774    763    651    669    673    667    673    658    661    805    807    804    811    827    816    817    802    820    818    813    829    489    318    296    321    309    316    312    312    337    725    703    719    726    702    721    726    702    722   1083  
  543    550    539    552    544    540    544    540    559    609    607    625    622    611    807    782    793    811    785    811    783    783    789    795    788    786    268    258    250     29     18     36     22     19     23     22     11     19      0     16     30      9      8     30     42     10    777    771    774    787    749    772    751    766    774    757    777    794    779    755    779    768    670    688    692    686    692    677    680    799    801    798    805    821    810    812    796    814    812    806    823    475    305    284    308    298    304    301    301    325    712    689    706    712    689    708    712    689    709   1065  
  539    547    535    549    539    537    540    536    555    595    593    611    608    597    822    796    807    826    799    825    797    798    803    809    803    801    269    260    253     23     19     24      7      5      9     16      6     17     16      0     17      8     16     15     30     13    763    756    759    772    734    757    736    752    759    742    762    779    764    740    764    754    662    680    685    679    685    669    672    789    791    788    795    811    801    802    786    804    802    797    813    472    301    279    304    292    299    295    296    320    709    686    702    709    685    704    709    686    706   1069  
  524    532    520    534    524    521    525    521    540    591    588    606    604    593    829    803    814    833    806    832    803    804    810    816    809    807    259    249    244     37     21     32     17     18     17     31     19     34     30     17      0     24     26     10     13     30    749    743    745    758    720    743    723    738    746    728    749    766    750    726    750    740    668    686    691    684    691    675    678    772    774    771    778    794    784    785    769    787    785    780    796    457    286    263    289    276    283    280    280    305    694    671    687    694    670    689    694    671    691   1061  
  543    550    539    553    543    540    544    540    559    601    598    617    614    603    816    790    801    820    793    819    791    791    797    803    796    795    271    261    254     23     19     28     14     11     15     15      6     14      9      8     24      0     12     22     37      7    770    764    766    779    741    765    744    759    767    749    770    787    772    748    772    761    664    682    686    680    687    671    674    795    797    794    802    817    807    808    793    811    809    803    820    475    305    283    308    297    303    300    300    325    712    690    706    713    689    708    713    690    710   1069  
  535    543    531    545    536    533    536    532    551    611    609    627    624    613    806    780    792    810    784    809    781    782    788    793    787    785    260    251    243     35     11     39     23     21     25     27     11     26      8     16     26     12      0     28     38     17    774    768    771    784    746    769    748    763    771    754    774    791    776    752    775    765    676    694    698    692    698    683    686    792    794    791    799    814    804    805    790    808    805    800    816    467    298    277    300    290    297    293    293    318    705    682    698    705    681    700    705    682    702   1058  
  532    540    527    542    532    529    533    528    548    585    582    600    598    587    834    808    819    838    811    837    808    809    815    821    814    812    268    258    253     29     26     23     10     13     11     24     19     28     30     15     10     22     28      0     18     27    749    742    745    758    720    743    722    737    745    728    748    765    750    726    750    739    659    677    682    676    682    666    669    777    779    776    784    799    789    789    775    793    790    785    802    466    294    271    297    284    290    287    288    313    702    679    695    702    678    697    702    679    698   1070  
  515    522    510    525    514    512    516    511    531    585    582    601    599    587    837    810    822    840    814    839    811    812    818    824    817    814    254    245    240     47     31     39     27     29     28     42     32     45     42     30     13     37     38     18      0     42    737    731    733    747    709    732    711    726    734    716    737    754    739    714    738    728    670    688    693    686    693    677    679    760    762    759    767    782    772    773    758    775    773    768    784    449    277    253    280    266    273    270    270    296    685    662    678    685    661    680    685    661    681   1057  
  549    557    545    559    550    547    550    546    565    600    598    617    614    603    815    789    800    819    792    818    790    791    796    802    796    794    276    267    259     19     25     27     18     15     18     13     13     10     10     13     30      7     17     27     42      0    774    768    770    783    745    769    748    763    771    753    774    791    776    752    776    765    660    679    683    677    683    667    670    802    803    800    808    823    813    814    799    817    815    809    826    481    311    290    314    303    310    306    306    331    719    696    712    719    695    714    719    696    716   1074  
  682    691    677    704    667    683    688    676    697    506    491    494    508    501   1519   1492   1502   1520   1497   1517   1488   1493   1501   1506   1498   1489    775    776    795    767    767    754    757    760    757    767    767    772    777    763    749    770    774    749    737    774      0     30     20     36     46     13     42     29     19     28     34     24     29     24      2     20    880    888    910    893    907    889    882    466    458    461    467    473    479    442    471    466    468    487    477    699    666    644    667    638    638    644    644    649    750    751    742    757    734    741    755    732    741   1342  
  697    706    692    720    682    698    703    691    712    480    464    467    482    474   1521   1494   1505   1523   1499   1519   1490   1495   1503   1508   1500   1492    779    780    798    759    761    746    751    754    750    760    760    765    771    756    743    764    768    742    731    768     30      0     11     17     24     18     21      6     12     19      8     27      8     30     30     13    854    863    884    867    881    863    856    493    484    487    494    500    506    469    497    493    494    514    504    712    671    648    673    643    643    650    649    655    771    771    763    777    754    762    775    752    761   1360  
  692    701    687    714    677    693    698    686    707    489    473    477    491    484   1520   1493   1504   1522   1498   1518   1490   1495   1502   1508   1500   1491    778    778    797    762    764    749    753    756    753    763    763    768    774    759    745    766    771    745    733    770     20     11      0     21     30      8     27     11      1     18     15     21     12     24     20      6    864    872    893    876    891    873    865    483    475    478    485    490    497    459    488    484    485    504    495    708    669    647    671    641    641    648    648    653    764    764    756    770    747    755    768    745    754   1354  
  712    721    708    735    697    713    718    706    727    485    469    472    486    480   1537   1510   1521   1539   1515   1535   1507   1512   1519   1525   1517   1508    795    796    815    775    777    762    766    769    765    775    776    781    787    772    758    779    784    758    747    783     36     17     21      0     39     28     36     22     21     35     10     21     10     45     36     26    861    868    890    873    887    870    862    502    494    497    503    509    515    478    507    502    504    523    513    727    687    664    689    659    659    666    666    672    784    785    776    791    768    775    789    766    775   1374  
  685    694    680    708    670    686    691    679    700    461    445    449    463    456   1501   1474   1485   1503   1479   1499   1470   1475   1483   1488   1480   1472    760    760    779    736    739    724    728    731    727    737    738    743    749    734    720    741    746    720    709    745     46     24     30     39      0     33      4     20     31     19     29     50     32     31     46     27    835    843    865    848    862    844    836    493    485    488    495    501    507    471    498    494    496    514    505    698    653    629    655    625    624    631    631    637    763    762    755    769    746    754    767    744    754   1351  
  686    695    681    708    670    687    692    680    701    494    478    482    496    488   1517   1490   1500   1518   1494   1515   1486   1491   1499   1504   1496   1487    774    774    793    761    762    748    751    754    751    761    761    766    772    757    743    765    769    743    732    769     13     18      8     28     33      0     30     16      7     17     23     23     19     19     14      7    868    876    897    880    895    877    869    476    468    471    477    483    489    452    481    476    478    497    487    702    665    642    667    637    637    644    643    649    757    757    749    763    740    748    761    738    747   1347  
  685    695    681    708    670    686    691    679    701    465    449    453    467    459   1503   1476   1486   1505   1480   1501   1472   1477   1485   1490   1482   1474    761    762    781    739    742    726    731    734    730    740    740    745    751    736    723    744    748    722    711    748     42     21     27     36      4     30      0     17     28     16     27     47     29     29     43     24    839    847    868    851    866    847    840    491    483    486    493    499    505    469    496    493    494    512    504    698    654    631    656    626    626    633    632    639    762    762    754    769    746    753    767    744    753   1351  
  692    701    687    714    677    693    698    686    707    479    463    467    481    474   1515   1489   1499   1517   1493   1514   1485   1490   1498   1503   1495   1486    773    774    793    755    757    742    746    749    745    755    756    761    766    752    738    759    763    737    726    763     29      6     11     22     20     16     17      0     12     13     13     30     13     25     29     10    853    861    883    866    880    862    855    489    481    483    490    496    502    465    493    489    491    510    500    706    666    643    667    638    637    644    644    650    766    766    758    772    749    757    770    747    756   1355  
  692    701    687    714    677    693    698    686    707    490    474    478    492    485   1521   1494   1505   1523   1499   1519   1490   1495   1503   1508   1500   1492    778    779    798    763    764    750    754    757    753    763    763    769    774    759    746    767    771    745    734    771     19     12      1     21     31      7     28     12      0     18     16     21     12     25     19      6    865    873    894    877    892    874    866    483    475    477    484    490    496    459    488    483    485    504    494    708    670    647    671    642    641    648    648    654    763    764    755    770    747    754    768    745    754   1354  
  679    688    674    702    664    680    685    673    694    479    464    468    482    474   1504   1477   1488   1506   1482   1502   1473   1478   1486   1491   1483   1475    761    762    781    745    747    732    736    739    736    746    746    751    757    742    728    749    754    728    716    753     28     19     18     35     19     17     16     13     18      0     26     38     25     14     29     12    853    861    883    866    880    862    854    479    471    473    480    486    492    455    483    479    481    500    490    694    653    630    655    625    625    632    632    637    753    753    745    760    737    744    758    735    744   1343  
  704    714    700    727    689    705    711    698    719    480    465    468    482    475   1528   1501   1512   1530   1506   1526   1497   1502   1510   1515   1507   1499    786    787    805    765    768    752    757    760    756    766    767    771    777    762    749    770    774    748    737    774     34      8     15     10     29     23     27     13     16     26      0     25      5     37     34     19    856    863    885    868    882    864    857    498    490    493    500    505    512    474    503    498    500    519    509    719    678    655    680    650    650    657    657    663    777    778    769    784    761    768    782    759    768   1367  
