100

    0     15   1211   1211   1237   1194   1221    251    302    316    333    296    277    341   1233    384    385    452    376    448    430    425    244    301    274    264    249    248   1336   1326    425    403    445    203    211    881    893    924    940    434    440    400    438    467    480   1391   1401   1404   1400   1406   1398    247    285    760    791    740    812    764    786    391    400    381    412    400    398     60     69     86     77     64    593    612    261    269    318    277    295    287    255    249    259    437    414    561    234    280    250    353    351    355    407    375    802    835    804    788   1106   1103   1107   1076  
   15      0   1197   1198   1223   1181   1207    262    315    327    345    307    287    352   1220    374    374    440    364    437    419    414    230    287    260    250    235    234   1323   1314    411    389    431    195    202    866    878    909    925    420    425    385    423    452    466   1376   1386   1389   1385   1391   1384    253    288    756    788    736    808    750    771    376    386    366    397    385    384     50     62     74     68     56    581    601    276    284    332    292    310    301    270    248    258    435    412    550    224    270    239    340    337    343    393    362    797    831    799    783   1091   1088   1093   1061  
 1211   1197      0     20     34     31     12   1327   1382   1341   1394   1342   1320   1390    118    856    842    777    850    782    797    806    972    921    942    952    970    983   1211   1198    939    998    944   1196   1181    645    660    602    614    875    856    884    853    875    846    701    732    735    708    716    741   1219   1176   1528   1584   1516   1584    608    615    842    829    845    821    828    837   1155   1151   1127   1141   1155   1100   1123   1462   1473   1527   1486   1501   1497   1459   1311   1314   1022   1015   1103   1161   1149   1131    858    861    864    804    837   1526   1571   1515   1503    577    575    575    561  
 1211   1198     20      0     49     49     18   1331   1387   1346   1398   1346   1325   1395    137    859    845    780    853    786    800    809    971    920    941    952    969    981   1194   1181    934    993    938   1193   1178    631    647    588    599    871    852    880    849    869    841    681    713    715    689    696    721   1224   1181   1519   1575   1507   1575    598    604    840    827    844    819    826    835   1155   1152   1128   1143   1156   1091   1114   1463   1475   1528   1487   1502   1498   1461   1308   1311   1029   1022   1094   1157   1145   1127    859    861    866    805    837   1516   1561   1505   1493    559    557    557    544  
 1237   1223     34     49      0     43     31   1349   1404   1362   1415   1363   1341   1411     96    879    866    800    874    805    820    829    998    949    969    979    997   1010   1241   1229    970   1030    975   1225   1211    678    694    636    647    906    887    914    884    906    878    723    755    757    731    738    764   1240   1196   1561   1617   1549   1617    642    648    870    857    873    850    856    866   1180   1176   1153   1167   1181   1134   1156   1486   1498   1553   1511   1526   1523   1485   1340   1344   1039   1033   1136   1190   1180   1160    884    887    889    831    862   1559   1604   1548   1536    607    606    605    592  
 1194   1181     31     49     43      0     41   1306   1361   1319   1372   1320   1298   1368     97    836    823    757    831    762    777    786    956    907    927    937    954    968   1229   1216    931    991    937   1184   1169    652    668    611    623    866    847    874    844    867    839    727    758    760    734    742    766   1198   1153   1526   1582   1514   1583    608    616    829    815    831    808    814    824   1137   1134   1110   1124   1138   1099   1122   1444   1455   1510   1468   1483   1481   1442   1299   1303    997    991   1100   1149   1139   1120    841    844    846    788    820   1525   1570   1514   1502    594    592    592    577  
 1221   1207     12     18     31     41      0   1338   1393   1352   1404   1352   1331   1401    122    866    852    787    861    793    807    817    981    931    952    962    979    992   1211   1198    947   1006    952   1205   1190    648    664    605    616    884    864    893    862    883    854    696    728    730    703    711    736   1230   1187   1534   1590   1522   1590    614    620    851    838    855    831    837    846   1165   1161   1137   1152   1165   1107   1129   1472   1483   1537   1496   1511   1507   1470   1320   1323   1033   1026   1109   1169   1158   1139    868    870    875    814    847   1532   1576   1521   1509    577    575    575    561  
  251    262   1327   1331   1349   1306   1338      0     60     69     86     47     35     91   1329    473    491    553    483    547    534    523    434    493    460    451    443    458   1583   1573    661    646    683    451    460   1093   1107   1131   1149    655    656    617    652    692    701   1598   1610   1613   1607   1613   1609    114    170    983   1007    963   1030    964    989    581    586    566    599    583    590    262    253    281    261    254    843    863    218    237    301    264    260    297    229    468    479    371    360    812    485    530    500    498    502    476    555    519   1028   1058   1032   1017   1310   1306   1311   1279  
  302    315   1382   1387   1404   1361   1393     60      0     62     33     47     64     44   1382    530    549    610    541    604    591    580    494    552    520    510    503    517   1637   1627    718    701    739    498    508   1152   1166   1190   1209    714    715    676    711    751    760   1658   1670   1673   1666   1673   1669    164    215   1015   1037    996   1060   1023   1048    641    645    625    659    643    649    319    310    338    318    310    894    913    214    232    292    261    251    296    228    505    515    410    402    862    534    580    551    558    562    534    614    578   1062   1090   1067   1052   1370   1366   1371   1339  
  316    327   1341   1346   1362   1319   1352     69     62      0     55     24     40     50   1337    494    515    574    509    567    556    545    481    538    505    496    491    509   1642   1632    716    705    739    517    526   1138   1153   1174   1193    706    705    667    701    744    751   1639   1653   1656   1648   1655   1652    126    167   1051   1075   1032   1098   1005   1031    624    627    608    641    625    633    321    310    337    317    312    907    927    271    290    351    318    310    352    285    537    548    354    349    875    550    596    565    532    538    505    588    552   1097   1127   1101   1086   1352   1348   1353   1320  
  333    345   1394   1398   1415   1372   1404     86     33     55      0     53     76     13   1390    544    564    624    557    618    606    595    518    576    544    535    528    543   1667   1657    746    731    768    530    540   1177   1191   1214   1232    740    740    702    737    778    786   1681   1694   1696   1690   1696   1692    176    220   1048   1069   1028   1093   1046   1071    664    668    648    682    666    673    347    338    366    346    339    926    944    241    259    316    287    275    322    256    538    548    409    403    894    565    611    583    577    582    552    633    597   1095   1123   1099   1085   1393   1389   1394   1361  
  296    307   1342   1346   1363   1320   1352     47     47     24     53      0     24     53   1339    491    512    572    504    565    553    542    469    527    494    485    479    495   1625   1615    701    688    723    497    506   1127   1141   1164   1182    693    692    654    688    731    738   1630   1643   1646   1639   1645   1642    123    170   1028   1052   1009   1075    995   1021    614    617    598    631    615    622    304    294    321    301    295    888    907    250    268    330    296    289    330    262    514    525    364    357    856    530    576    545    525    530    499    581    545   1074   1104   1078   1063   1342   1338   1343   1310  
  277    287   1320   1325   1341   1298   1331     35     64     40     76     24      0     77   1319    469    489    549    482    543    531    519    446    503    470    461    455    472   1603   1594    678    666    701    478    487   1103   1118   1140   1159    670    669    630    665    707    715   1606   1619   1622   1615   1622   1618    101    152   1015   1040    996   1063    972    997    590    594    574    608    591    599    282    272    299    279    273    868    887    251    269    333    297    291    330    263    500    511    348    340    836    511    556    525    502    507    476    558    522   1060   1090   1064   1049   1319   1315   1319   1287  
  341    352   1390   1395   1411   1368   1401     91     44     50     13     53     77      0   1386    542    563    622    556    616    604    593    521    579    546    537    531    547   1673   1664    751    737    773    538    548   1179   1194   1216   1235    744    744    705    740    782    790   1683   1696   1699   1691   1698   1694    174    216   1059   1080   1039   1104   1048   1074    666    670    650    684    668    675    353    343    371    351    344    933    952    254    272    329    300    288    335    269    548    558    401    397    901    573    619    590    578    583    551    633    597   1106   1134   1110   1096   1395   1391   1396   1363  
 1233   1220    118    137     96     97    122   1329   1382   1337   1390   1339   1319   1386      0    864    854    788    863    792    809    816   1000    954    971    981   1000   1016   1325   1312    996   1056   1003   1237   1223    742    759    703    716    929    908    933    905    933    904    817    849    852    825    832    858   1218   1171   1603   1658   1590   1660    690    700    881    867    882    861    865    877   1175   1170   1149   1161   1175   1176   1200   1477   1490   1547   1504   1518   1518   1476   1353   1357   1004   1000   1176   1205   1198   1176    881    885    881    830    859   1603   1649   1593   1581    691    689    689    673  
  384    374    856    859    879    836    866    473    530    494    544    491    469    542    864      0     34     81     35     74     63     51    206    207    193    197    214    248   1292   1280    410    441    435    463    456    697    715    722    743    355    339    318    333    394    383   1174   1191   1194   1184   1191   1192    369    334    998   1043    980   1057    552    581    230    221    211    234    217    237    325    317    300    308    322    669    697    615    628    687    644    656    661    615    570    577    259    237    646    452    473    436    108    122     61    133    110   1025   1067   1022   1006    890    886    890    856  
  385    374    842    845    866    823    852    491    549    515    564    512    489    563    854     34      0     67     10     64     46     41    189    181    172    177    195    228   1258   1247    380    413    404    449    441    665    683    691    712    323    307    287    301    362    350   1145   1162   1165   1154   1162   1162    390    358    975   1021    957   1034    521    550    198    189    179    201    185    205    326    319    300    310    324    640    667    623    636    693    651    664    666    622    558    566    292    269    617    435    453    417     79     92     37     99     77   1001   1043    998    982    860    856    860    827  
  452    440    777    780    800    757    787    553    610    574    624    572    549    622    788     81     67      0     77      8     22     30    245    225    224    230    250    279   1248   1236    403    443    426    506    497    636    655    658    679    339    320    308    313    375    358   1104   1122   1124   1113   1120   1122    449    413   1017   1064    999   1076    489    519    215    203    199    212    199    220    392    386    367    377    391    663    691    690    703    760    718    731    733    689    618    624    319    300    643    489    503    469    121    132     98    107    108   1040   1083   1036   1021    821    816    821    787  
  376    364    850    853    874    831    861    483    541    509    557    504    482    556    863     35     10     77      0     73     56     50    180    175    164    169    187    220   1258   1246    375    408    400    441    432    668    686    695    715    320    304    283    298    360    348   1149   1166   1169   1159   1166   1166    383    352    968   1014    950   1027    524    553    195    187    176    199    182    202    316    310    291    301    315    635    662    614    627    684    642    655    657    613    549    556    291    268    612    427    445    409     73     87     29    100     75    994   1036    991    975    864    860    864    831  
  448    437    782    786    805    762    793    547    604    567    618    565    543    616    792     74     64      8     73      0     19     25    245    227    224    230    250    280   1255   1243    407    447    430    506    496    644    663    666    687    343    325    312    318    380    364   1111   1129   1132   1120   1128   1130    443    406   1019   1067   1002   1079    497    527    220    207    203    217    203    225    389    382    363    373    387    668    695    685    698    756    713    726    729    685    617    624    311    292    647    489    504    469    122    134     96    111    109   1043   1086   1039   1023    828    824    829    795  
  430    419    797    800    820    777    807    534    591    556    606    553    531    604    809     63     46     22     56     19      0     14    226    209    205    212    231    261   1249   1237    393    431    416    487    478    643    662    666    688    330    313    298    306    368    353   1115   1133   1135   1124   1131   1133    431    396   1002   1049    984   1061    497    526    206    194    189    204    190    211    371    365    345    356    370    654    681    669    682    739    697    710    712    668    598    605    311    290    632    471    485    451    104    116     77     98     92   1026   1069   1022   1007    831    827    831    798  
  425    414    806    809    829    786    817    523    580    545    595    542    519    593    816     51     41     30     50     25     14      0    227    213    208    213    232    264   1262   1250    401    439    426    488    479    657    676    680    702    341    323    307    316    379    364   1129   1146   1149   1138   1145   1147    420    384   1008   1054    989   1067    511    540    215    204    198    215    200    221    366    359    340    350    364    662    690    661    674    732    689    702    706    661    598    605    297    276    641    472    488    454    108    121     76    109     99   1032   1075   1028   1013    845    841    845    812  
  244    230    972    971    998    956    981    434    494    481    518    469    446    521   1000    206    189    245    180    245    226    227      0     60     31     20     12     46   1181   1171    254    265    279    262    253    659    673    697    715    228    225    188    221    268    272   1165   1177   1180   1174   1180   1176    366    363    795    838    776    853    532    556    150    158    138    170    157    158    194    196    168    186    198    495    521    504    513    561    521    539    529    499    373    380    399    373    468    247    267    230    127    119    152    171    146    823    864    821    805    878    874    879    847  
  301    287    921    920    949    907    931    493    552    538    576    527    503    579    954    207    181    225    175    227    209    213     60      0     34     42     53     63   1134   1123    215    238    241    291    280    601    615    639    657    178    171    137    166    219    219   1106   1118   1121   1115   1121   1117    421    414    795    841    777    854    473    497     91    100     80    111     99     99    253    255    227    245    257    468    495    561    570    617    577    596    584    556    406    412    429    403    443    268    278    245    106     94    147    133    119    820    863    817    801    819    815    820    788  
  274    260    942    941    969    927    952    460    520    505    544    494    470    546    971    193    172    224    164    224    205    208     31     34      0     11     29     56   1166   1155    243    261    268    284    274    634    648    671    689    210    204    169    199    251    251   1138   1151   1154   1147   1154   1149    388    381    805    850    787    864    505    529    122    129    109    142    128    131    224    225    197    215    228    491    518    534    543    592    551    569    559    529    397    404    403    377    465    266    281    246    104     94    136    144    121    832    874    829    814    851    847    852    820  
  264    250    952    952    979    937    962    451    510    496    535    485    461    537    981    197    177    230    169    230    212    213     20     42     11      0     20     52   1171   1161    247    263    272    277    267    643    657    680    699    216    211    176    207    257    259   1148   1160   1163   1157   1163   1159    380    374    802    847    784    861    514    539    132    139    119    152    138    140    214    215    187    205    217    493    519    523    533    581    541    559    549    519    390    396    401    374    467    260    277    241    111    102    140    153    129    830    871    827    811    861    857    862    829  
  249    235    970    969    997    954    979    443    503    491    528    479    455    531   1000    214    195    250    187    250    231    232     12     53     29     20      0     36   1170   1159    242    254    268    257    247    650    664    689    707    217    215    177    211    257    261   1157   1169   1171   1166   1172   1167    376    374    786    830    767    844    524    548    144    152    132    164    151    151    201    203    175    193    205    484    509    509    518    565    526    544    533    504    370    376    410    384    457    241    259    223    130    122    159    172    148    814    855    811    796    870    866    871    839  
  248    234    983    981   1010    968    992    458    517    509    543    495    472    547   1016    248    228    279    220    280    261    264     46     63     56     52     36      0   1144   1134    215    221    239    231    219    639    652    679    697    198    198    159    195    236    243   1147   1158   1161   1156   1162   1156    398    399    751    795    733    809    517    540    145    157    139    166    157    152    206    211    182    201    212    450    476    509    516    561    522    542    527    502    345    351    444    418    423    210    226    190    159    149    191    194    175    779    820    776    761    861    858    862    831  
 1336   1323   1211   1194   1241   1229   1211   1583   1637   1642   1667   1625   1603   1673   1325   1292   1258   1248   1258   1255   1249   1262   1181   1134   1166   1171   1170   1144      0     14    931    938    906   1154   1141    660    638    671    651    957    966    998    971    916    919    623    597    597    622    620    586   1540   1543    931    972    936    951    796    767   1070   1075   1090   1062   1079   1062   1322   1332   1306   1325   1331    755    743   1546   1543   1553   1533   1558   1516   1532   1199   1192   1548   1524    787   1113   1067   1090   1193   1181   1241   1160   1185    886    909    871    872    635    637    637    654  
 1326   1314   1198   1181   1229   1216   1198   1573   1627   1632   1657   1615   1594   1664   1312   1280   1247   1236   1246   1243   1237   1250   1171   1123   1155   1161   1159   1134     14      0    920    928    896   1146   1132    647    625    658    638    946    955    987    960    905    907    613    587    587    612    610    576   1529   1533    928    970    933    949    783    754   1059   1064   1079   1050   1068   1051   1312   1322   1296   1315   1321    747    735   1537   1535   1545   1525   1550   1508   1524   1191   1184   1536   1512    779   1104   1058   1081   1182   1170   1229   1148   1173    884    907    869    870    622    624    624    641  
  425    411    939    934    970    931    947    661    718    716    746    701    678    751    996    410    380    403    375    407    393    401    254    215    243    247    242    215    931    920      0     60     26    297    280    470    479    519    532     73     96     95    101     65     93    979    986    989    987    993    983    610    613    639    691    623    698    380    394    188    201    204    194    205    183    400    408    381    400    408    262    289    671    674    706    673    696    669    661    398    398    644    618    241    252    225    221    302    289    350    296    304    654    699    648    633    700    697    702    673  
  403    389    998    993   1030    991   1006    646    701    705    731    688    666    737   1056    441    413    443    408    447    431    439    265    238    261    263    254    221    938    928     60      0     59    253    236    516    522    565    578    130    152    142    157    124    153   1020   1026   1029   1028   1034   1022    605    614    585    636    569    645    434    446    231    245    245    241    249    228    385    395    369    388    394    231    258    638    640    667    637    660    630    627    347    346    663    636    206    207    174    177    335    322    381    337    340    603    647    597    583    746    743    747    719  
  445    431    944    938    975    937    952    683    739    739    768    723    701    773   1003    435    404    426    400    430    416    426    279    241    268    272    268    239    906    896     26     59      0    308    292    459    466    508    521     92    114    119    120     71    100    965    972    974    973    979    968    634    638    623    675    607    682    375    387    211    224    228    216    228    206    421    430    403    423    430    238    266    688    690    720    688    712    683    677    406    405    669    643    218    263    232    232    327    314    375    320    329    637    681    630    615    689    686    690    662  
  203    195   1196   1193   1225   1184   1205    451    498    517    530    497    478    538   1237    463    449    506    441    506    487    488    262    291    284    277    257    231   1154   1146    297    253    308      0     17    766    774    815    828    337    352    318    353    355    378   1273   1279   1281   1281   1286   1275    447    478    571    607    551    626    673    689    357    371    357    377    373    361    221    236    223    235    231    402    418    395    394    416    388    413    379    382    117    121    599    574    370     46     88     77    387    378    413    424    405    609    645    609    594    996    993    998    969  
  211    202   1181   1178   1211   1169   1190    460    508    526    540    506    487    548   1223    456    441    497    432    496    478    479    253    280    274    267    247    219   1141   1132    280    236    292     17      0    750    757    798    811    321    336    302    337    339    362   1256   1262   1265   1264   1270   1258    453    482    571    608    551    626    657    672    343    358    344    363    359    347    225    239    225    238    235    389    406    409    409    432    404    428    395    397    131    135    598    572    357     30     74     60    377    367    404    412    394    607    644    608    592    980    977    981    953  
  881    866    645    631    678    652    648   1093   1152   1138   1177   1127   1103   1179    742    697    665    636    668    644    643    657    659    601    634    643    650    639    660    647    470    516    459    766    750      0     22     55     63    447    442    482    444    418    401    511    521    523    519    525    518   1018   1003    923    980    914    975    148    118    514    512    531    498    515    506    844    849    820    839    850    511    527   1135   1140   1174   1141   1163   1138   1126    862    860    953    932    524    721    689    690    619    610    659    571    603    911    955    899    889    231    228    232    205  
  893    878    660    647    694    668    664   1107   1166   1153   1191   1141   1118   1194    759    715    683    655    686    663    662    676    673    615    648    657    664    652    638    625    479    522    466    774    757     22      0     62     62    459    454    494    457    428    413    501    509    512    509    515    506   1033   1019    917    973    908    968    168    138    530    528    547    513    531    521    856    862    833    852    863    508    523   1146   1150   1184   1150   1173   1147   1137    868    866    972    951    523    729    696    698    635    627    676    588    621    904    947    891    881    225    222    227    201  
  924    909    602    588    636    611    605   1131   1190   1174   1214   1164   1140   1216    703    722    691    658    695    666    666    680    697    639    671    680    689    679    671    658    519    565    508    815    798     55     62      0     23    491    485    524    486    464    446    469    480    483    477    484    479   1052   1035    977   1033    968   1028    171    144    550    547    567    533    549    542    885    889    860    880    890    565    581   1180   1185   1221   1186   1208   1184   1171    912    911    976    956    579    770    739    739    649    641    687    599    633    964   1007    952    942    183    180    185    155  
  940    925    614    599    647    623    616   1149   1209   1193   1232   1182   1159   1235    716    743    712    679    715    687    688    702    715    657    689    699    707    697    651    638    532    578    521    828    811     63     62     23      0    507    501    541    503    478    461    452    462    465    460    466    461   1072   1055    977   1033    969   1027    192    164    569    566    586    552    568    560    902    906    878    897    908    569    584   1195   1200   1235   1201   1224   1199   1187    924    922    998    977    584    783    751    752    669    661    708    620    653    963   1006    950    941    169    166    170    143  
  434    420    875    871    906    866    884    655    714    706    740    693    670    744    929    355    323    339    320    343    330    341    228    178    210    216    217    198    957    946     73    130     92    337    321    447    459    491    507      0     23     41     29     42     47    958    967    970    966    972    964    593    590    712    764    695    771    339    357    126    137    145    127    141    120    399    406    377    397    406    327    355    689    694    731    696    718    695    681    446    447    599    574    309    296    277    264    248    235    297    233    246    727    771    720    706    674    671    675    645  
  440    425    856    852    887    847    864    656    715    705    740    692    669    744    908    339    307    320    304    325    313    323    225    171    204    211    215    198    966    955     96    152    114    352    336    442    454    485    501     23      0     40      7     56     48    952    962    965    961    967    960    590    585    734    786    718    794    329    348    110    119    129    109    123    103    402    408    379    399    409    348    376    696    702    741    705    726    705    688    462    464    587    562    330    311    295    280    234    221    282    215    230    749    794    743    728    667    664    668    638  
  400    385    884    880    914    874    893    617    676    667    702    654    630    705    933    318    287    308    283    312    298    307    188    137    169    176    177    159    998    987     95    142    119    318    302    482    494    524    541     41     40      0     38     83     85    992   1002   1004   1000   1006    999    553    549    727    778    710    787    367    387     93    106    110     99    110     88    363    369    340    360    369    356    384    657    663    702    666    687    666    649    430    432    560    534    336    279    266    248    211    197    259    201    211    745    789    739    724    707    703    708    677  
  438    423    853    849    884    844    862    652    711    701    737    688    665    740    905    333    301    313    298    318    306    316    221    166    199    207    211    195    971    960    101    157    120    353    337    444    457    486    503     29      7     38      0     63     53    954    964    967    963    969    962    586    580    740    791    723    799    329    350    104    113    123    102    117     96    400    405    376    396    406    354    382    695    701    740    704    725    704    687    464    466    581    556    337    313    297    282    227    214    276    208    224    755    800    748    734    669    665    670    639  
  467    452    875    869    906    867    883    692    751    744    778    731    707    782    933    394    362    375    360    380    368    379    268    219    251    257    257    236    916    905     65    124     71    355    339    418    428    464    478     42     56     83     63      0     30    928    936    939    936    942    933    633    631    692    745    677    752    319    334    165    175    184    164    179    158    435    442    413    433    442    296    324    718    723    758    723    746    721    709    460    460    640    615    280    312    288    280    289    275    337    271    286    705    750    698    683    646    643    648    618  
  480    466    846    841    878    839    854    701    760    751    786    738    715    790    904    383    350    358    348    364    353    364    272    219    251    259    261    243    919    907     93    153    100    378    362    401    413    446    461     47     48     85     53     30      0    912    921    924    920    926    918    637    632    720    773    705    779    296    313    154    162    174    150    166    147    446    452    423    443    452    319    347    735    740    776    741    763    740    726    485    486    633    608    305    335    313    304    279    266    327    256    274    732    777    725    710    628    625    630    599  
 1391   1376    701    681    723    727    696   1598   1658   1639   1681   1630   1606   1683    817   1174   1145   1104   1149   1111   1115   1129   1165   1106   1138   1148   1157   1147    623    613    979   1020    965   1273   1256    511    501    469    452    958    952    992    954    928    912      0     33     35     10     18     43   1517   1497   1323   1377   1320   1364    635    610   1017   1013   1033    999   1015   1009   1353   1357   1328   1348   1359    966    973   1646   1650   1684   1651   1673   1647   1637   1363   1360   1420   1402    988   1227   1193   1196   1111   1104   1145   1058   1093   1296   1333   1282   1276    288    292    287    320  
 1401   1386    732    713    755    758    728   1610   1670   1653   1694   1643   1619   1696    849   1191   1162   1122   1166   1129   1133   1146   1177   1118   1151   1160   1169   1158    597    587    986   1026    972   1279   1262    521    509    480    462    967    962   1002    964    936    921     33      0      3     28     23     12   1531   1512   1315   1368   1312   1355    649    623   1030   1026   1046   1012   1029   1022   1363   1368   1340   1359   1370    964    970   1654   1659   1691   1658   1681   1654   1645   1367   1364   1439   1420    987   1233   1198   1202   1126   1119   1161   1074   1108   1287   1323   1272   1267    303    307    302    336  
 1404   1389    735    715    757    760    730   1613   1673   1656   1696   1646   1622   1699    852   1194   1165   1124   1169   1132   1135   1149   1180   1121   1154   1163   1171   1161    597    587    989   1029    974   1281   1265    523    512    483    465    970    965   1004    967    939    924     35      3      0     29     24     12   1534   1515   1317   1369   1314   1356    651    625   1033   1029   1049   1015   1032   1024   1366   1371   1342   1362   1372    966    972   1657   1661   1694   1661   1684   1657   1648   1369   1366   1441   1423    989   1235   1200   1205   1129   1121   1164   1077   1111   1288   1325   1274   1268    306    310    305    339  
 1400   1385    708    689    731    734    703   1607   1666   1648   1690   1639   1615   1691    825   1184   1154   1113   1159   1120   1124   1138   1174   1115   1147   1157   1166   1156    622    612    987   1028    973   1281   1264    519    509    477    460    966    961   1000    963    936    920     10     28     29      0      8     39   1526   1506   1329   1382   1325   1369    644    619   1026   1022   1042   1008   1024   1018   1361   1366   1337   1357   1367    972    979   1654   1659   1692   1659   1681   1655   1645   1370   1368   1429   1411    994   1235   1200   1204   1120   1113   1155   1067   1102   1301   1338   1287   1281    297    301    296    329  
 1406   1391    716    696    738    742    711   1613   1673   1655   1696   1645   1622   1698    832   1191   1162   1120   1166   1128   1131   1145   1180   1121   1154   1163   1172   1162    620    610    993   1034    979   1286   1270    525    515    484    466    972    967   1006    969    942    926     18     23     24      8      0     35   1533   1513   1331   1384   1328   1371    650    625   1033   1029   1048   1015   1031   1024   1368   1372   1343   1363   1374    976    983   1660   1664   1698   1665   1687   1661   1651   1375   1373   1436   1419    999   1241   1206   1210   1127   1120   1162   1074   1109   1303   1340   1289   1283    304    308    303    336  
 1398   1384    741    721    764    766    736   1609   1669   1652   1692   1642   1618   1694    858   1192   1162   1122   1166   1130   1133   1147   1176   1117   1149   1159   1167   1156    586    576    983   1022    968   1275   1258    518    506    479    461    964    960    999    962    933    918     43     12     12     39     35      0   1530   1511   1307   1360   1304   1346    648    621   1029   1025   1045   1011   1028   1020   1361   1366   1337   1357   1367    958    964   1651   1655   1687   1655   1678   1651   1642   1362   1359   1439   1421    981   1229   1193   1199   1125   1118   1161   1073   1108   1278   1315   1264   1258    303    307    302    336  
  247    253   1219   1224   1240   1198   1230    114    164    126    176    123    101    174   1218    369    390    449    383    443    431    420    366    421    388    380    376    398   1540   1529    610    605    634    447    453   1018   1033   1052   1072    593    590    553    586    633    637   1517   1531   1534   1526   1533   1530      0     60   1006   1036    987   1057    883    909    504    506    487    521    504    513    231    218    240    222    221    818    839    316    333    399    359    359    388    324    492    503    261    249    787    473    516    482    408    414    379    463    427   1048   1081   1051   1035   1229   1225   1230   1197  
  285    288   1176   1181   1196   1153   1187    170    215    167    220    170    152    216   1171    334    358    413    352    406    396    384    363    414    381    374    374    399   1543   1533    613    614    638    478    482   1003   1019   1035   1055    590    585    549    580    631    632   1497   1512   1515   1506   1513   1511     60      0   1044   1076   1024   1096    865    892    492    492    474    507    489    501    258    244    261    246    248    834    857    375    393    458    418    419    447    383    533    544    202    191    804    499    541    505    387    394    353    439    404   1085   1119   1086   1071   1209   1206   1210   1177  
  760    756   1528   1519   1561   1526   1534    983   1015   1051   1048   1028   1015   1059   1603    998    975   1017    968   1019   1002   1008    795    795    805    802    786    751    931    928    639    585    623    571    571    923    917    977    977    712    734    727    740    692    720   1323   1315   1317   1329   1331   1307   1006   1044      0     57     20     60    921    918    813    828    825    824    831    811    789    804    794    804    799    428    406    837    826    802    803    827    773    821    517    506   1168   1142    428    562    531    569    900    888    940    915    911     55     76     67     61   1117   1115   1119   1104  
  791    788   1584   1575   1617   1582   1590   1007   1037   1075   1069   1052   1040   1080   1658   1043   1021   1064   1014   1067   1049   1054    838    841    850    847    830    795    972    970    691    636    675    607    608    980    973   1033   1033    764    786    778    791    745    773   1377   1368   1369   1382   1384   1360   1036   1076     57      0     69     28    978    974    862    877    874    874    881    861    823    838    829    839    833    484    462    852    840    812    816    839    785    836    545    534   1205   1180    483    602    573    611    947    934    985    963    958     86     72    101    103   1172   1171   1175   1160  
  740    736   1516   1507   1549   1514   1522    963    996   1032   1028   1009    996   1039   1590    980    957    999    950   1002    984    989    776    777    787    784    767    733    936    933    623    569    607    551    551    914    908    968    969    695    718    710    723    677    705   1320   1312   1314   1325   1328   1304    987   1024     20     69      0     78    910    907    796    811    807    807    814    794    770    785    774    785    780    416    394    818    807    784    785    808    755    802    497    486   1148   1122    414    543    512    550    882    869    922    897    893     71     95     81     72   1110   1108   1112   1096  
  812    808   1584   1575   1617   1583   1590   1030   1060   1098   1093   1075   1063   1104   1660   1057   1034   1076   1027   1079   1061   1067    853    854    864    861    844    809    951    949    698    645    682    626    626    975    968   1028   1027    771    794    787    799    752    779   1364   1355   1356   1369   1371   1346   1057   1096     60     28     78      0    977    973    872    887    884    884    891    871    843    858    848    858    853    485    462    877    865    839    842    865    811    861    566    555   1223   1198    485    618    588    627    959    947    999    974    970     69     45     84     89   1164   1163   1167   1152  
