141

    0     18     28     49     53      5     10     39     53     17     27   1570   1517   1527   1575   1553   1601   1110   1093   1110   1154   1122   1091   1156   1227   1265   1007    544    643    566    624    680    661   1259   1262   1277   1318   1285   1275   1264    944    789    788    730    758    753    778    198    182    530    563    545    518    515    593    556    507    522    358    321    318    302    466    506    468    531    488    474    496   1420   1412   1461    630    614    635    611    657    604    631    639    637    635    682    595    631    320    307    325    371    312    311    342    371    316    312    358    332    308    306    352    353    332    308    782    794    796    747    803    760    776    850    846    862    854    844    846    849    875    607    602    633    604    565    584    652    588    612    619   1253   1272   1264   1274   1241   1253   1232   1241    555    595    567    528    588  
   18      0     44     62     52     21     28     42     36     25     38   1574   1521   1531   1579   1557   1605   1096   1080   1097   1140   1109   1077   1142   1237   1275   1009    545    645    567    613    668    649   1271   1274   1290   1330   1297   1287   1276    944    795    795    735    764    760    785    181    166    513    545    527    500    498    576    539    489    505    369    330    328    312    462    500    462    525    483    468    490   1429   1420   1470    630    615    635    611    658    606    631    640    637    636    682    596    632    309    297    316    359    300    298    331    359    305    301    348    321    296    300    344    345    327    303    780    792    795    745    802    758    774    863    858    875    867    857    859    862    888    617    611    642    613    573    584    653    588    614    618   1243   1261   1254   1264   1231   1243   1223   1231    560    602    573    533    594  
   28     44      0     50     73     24     19     38     79     39     40   1577   1525   1536   1582   1559   1608   1137   1120   1137   1181   1149   1118   1183   1225   1261   1016    556    655    578    650    706    687   1251   1255   1270   1311   1279   1268   1257    956    792    791    734    762    757    781    221    201    554    586    567    542    538    616    579    530    544    355    322    316    300    485    527    489    553    508    494    516   1420   1411   1461    643    626    649    625    669    615    644    652    651    647    694    608    644    345    331    348    397    338    337    367    397    341    338    383    357    334    328    375    376    352    327    798    809    811    763    819    775    792    840    838    853    846    835    836    838    867    606    601    632    603    566    598    664    602    623    634   1277   1297   1289   1298   1266   1277   1256   1266    561    599    571    533    592  
   49     62     50      0     46     50     45     83     92     38     25   1528   1476   1486   1533   1510   1559   1113   1097   1113   1157   1126   1096   1159   1180   1217    967    508    606    529    621    678    659   1210   1214   1229   1270   1237   1227   1216    908    744    743    686    713    709    733    237    226    564    599    582    553    553    630    593    544    561    310    275    270    254    442    486    448    512    465    453    475   1373   1365   1414    595    578    600    577    620    566    596    604    603    599    646    560    595    316    300    313    370    314    314    337    369    311    310    351    328    308    290    337    339    311    285    752    762    764    717    772    728    745    801    797    814    806    796    798    801    827    560    555    586    557    518    550    615    554    574    586   1243   1264   1254   1263   1231   1243   1221   1232    512    550    523    484    543  
   53     52     73     46      0     57     57     90     65     36     35   1523   1470   1479   1528   1506   1554   1070   1054   1070   1114   1082   1052   1116   1191   1230    957    494    593    516    580    636    617   1230   1234   1248   1289   1256   1246   1235    893    745    746    685    715    710    736    201    198    523    558    543    512    514    591    553    504    524    326    283    284    269    414    455    416    480    436    422    444   1381   1373   1422    579    564    584    560    606    554    580    589    586    584    631    545    581    274    260    276    327    271    270    296    327    270    268    311    287    265    256    302    303    280    256    730    742    745    695    751    708    724    825    818    838    828    819    822    826    849    572    565    596    566    525    533    602    537    562    568   1205   1225   1216   1226   1194   1205   1184   1194    510    552    523    483    544  
    5     21     24     50     57      0      8     36     56     21     30   1573   1520   1531   1578   1556   1604   1114   1098   1115   1158   1127   1095   1160   1229   1266   1010    548    647    570    629    684    666   1260   1263   1278   1319   1286   1276   1265    948    791    791    732    760    756    781    200    183    533    565    547    520    518    596    559    509    524    359    323    320    304    471    510    472    536    492    478    500   1422   1414   1463    634    618    639    615    660    607    634    643    641    639    685    599    635    324    311    329    375    316    315    346    375    320    317    363    336    313    311    357    358    336    312    786    798    800    751    807    764    780    850    846    863    855    844    846    849    876    609    604    635    606    567    588    655    592    615    623   1257   1276   1269   1278   1246   1257   1237   1246    558    598    569    530    590  
   10     28     19     45     57      8      0     39     63     22     27   1570   1517   1528   1575   1553   1601   1119   1102   1119   1163   1131   1100   1164   1224   1261   1007    546    645    568    632    688    669   1254   1257   1272   1313   1280   1270   1259    946    787    787    728    757    752    777    207    190    540    572    554    527    525    603    566    516    532    354    319    314    299    471    511    473    537    493    479    501   1418   1409   1459    632    616    637    614    658    605    633    641    640    637    683    597    633    327    314    331    379    320    319    350    379    323    320    365    340    316    312    358    359    337    312    786    797    799    750    806    763    779    844    840    857    849    838    840    843    870    604    599    630    601    562    586    654    590    613    622   1260   1279   1271   1281   1248   1260   1239   1249    555    594    566    527    586  
   39     42     38     83     90     36     39      0     65     56     65   1608   1555   1566   1613   1591   1639   1132   1115   1133   1177   1145   1112   1178   1261   1298   1045    582    682    604    652    706    688   1289   1292   1307   1348   1316   1305   1294    982    826    825    767    795    790    815    194    169    528    558    538    515    509    588    551    501    514    391    357    352    336    503    541    503    566    524    509    531   1455   1447   1496    668    652    673    649    695    642    669    678    675    673    720    634    669    349    337    357    398    338    336    371    398    345    340    389    361    335    341    385    386    367    344    820    831    834    784    841    798    814    877    875    890    883    872    873    875    904    641    637    667    638    600    622    690    626    650    657   1283   1301   1294   1304   1271   1283   1263   1271    593    632    604    565    625  
   53     36     79     92     65     56     63     65      0     55     68   1580   1527   1536   1585   1564   1611   1068   1051   1068   1112   1080   1048   1114   1255   1294   1012    546    646    569    589    643    624   1294   1297   1312   1353   1320   1310   1299    944    806    807    745    776    771    797    147    136    478    511    493    465    464    541    504    455    471    390    347    349    333    453    487    449    511    472    456    478   1444   1436   1485    629    616    635    609    659    609    630    639    635    636    682    596    632    287    277    300    335    275    272    310    336    285    278    328    300    272    287    329    330    317    295    775    788    792    739    797    754    769    888    881    901    892    882    885    889    913    635    628    660    630    589    583    654    586    616    616   1221   1239   1232   1243   1210   1221   1203   1210    570    614    584    544    605  
   17     25     39     38     36     21     22     56     55      0     14   1553   1501   1511   1559   1536   1584   1099   1083   1100   1143   1112   1081   1145   1213   1251    990    527    626    549    612    668    649   1246   1250   1265   1306   1273   1263   1252    927    773    773    713    742    738    763    201    189    531    564    547    519    518    596    558    509    526    345    307    304    288    450    490    452    516    472    458    480   1406   1397   1447    613    597    618    594    640    587    614    622    620    618    665    578    614    307    293    310    359    301    300    329    359    303    300    345    319    296    291    337    338    316    292    766    777    779    730    787    743    759    838    834    851    843    833    835    838    864    593    588    619    589    550    567    635    571    595    602   1239   1259   1250   1260   1228   1239   1218   1228    539    579    551    512    572  
   27     38     40     25     35     30     27     65     68     14      0   1544   1491   1502   1549   1527   1575   1104   1087   1104   1148   1116   1085   1149   1201   1238    981    520    618    541    614    670    652   1233   1237   1252   1293   1260   1250   1239    920    762    762    703    731    727    752    214    202    543    576    559    530    530    608    571    521    538    332    295    292    276    446    488    450    514    469    455    477   1394   1385   1435    606    590    611    587    632    579    607    615    614    611    657    571    607    309    295    310    362    304    304    331    361    305    302    346    321    300    289    336    337    313    288    760    771    773    725    781    737    753    825    820    838    830    819    822    825    851    581    575    607    577    538    560    627    564    587    596   1240   1260   1251   1260   1228   1240   1218   1228    529    569    540    501    561  
 1570   1574   1577   1528   1523   1573   1570   1608   1580   1553   1544      0     55     65      6     48     34   1460   1466   1452   1466   1462   1482   1472    612    643    577   1039    939   1015   1309   1316   1314    817    823    806    804    788    801    815    672    798    804    848    827    830    813   1648   1679   1771   1814   1826   1775   1810   1849   1823   1796   1835   1254   1264   1281   1294   1176   1180   1207   1173   1175   1198   1184    444    463    440    967    971    962    990    930    973    964    954    966    954    911    995    959   1393   1383   1349   1393   1432   1441   1380   1390   1389   1407   1355   1387   1422   1335   1316   1318   1297   1307    877    854    839    913    850    879    873   1012    963   1008    986   1010   1036   1050    977   1023   1015    994   1013   1034   1010    936   1010    967    990   1171   1222   1177   1162   1173   1170   1122   1176   1017    987   1010   1047    990  
 1517   1521   1525   1476   1470   1520   1517   1555   1527   1501   1491     55      0     36     59     67     88   1413   1419   1405   1420   1415   1434   1426    587    622    523    986    886    962   1255   1263   1261    798    804    787    788    770    782    795    618    748    754    797    777    780    764   1594   1626   1717   1760   1772   1721   1756   1795   1769   1742   1781   1204   1212   1230   1243   1122   1126   1153   1119   1121   1143   1130    435    452    435    913    917    908    936    876    920    910    901    912    901    857    941    905   1339   1329   1295   1338   1377   1387   1326   1335   1335   1353   1301   1333   1368   1281   1262   1263   1243   1253    823    799    785    859    796    825    819    974    923    969    947    971    997   1012    939    975    966    946    964    984    956    882    956    914    936   1129   1180   1136   1121   1131   1128   1079   1133    965    936    958    995    939  
 1527   1531   1536   1486   1479   1531   1528   1566   1536   1511   1502     65     36      0     67     96     96   1396   1402   1388   1402   1398   1418   1408    620    655    527    993    892    969   1251   1257   1255    832    838    822    823    804    817    829    618    763    771    810    792    795    780   1600   1632   1716   1759   1772   1720   1756   1793   1768   1742   1781   1218   1225   1243   1256   1125   1127   1155   1119   1123   1146   1132    470    488    471    918    924    913    941    882    928    916    906    916    906    862    947    911   1343   1333   1299   1340   1381   1390   1329   1337   1339   1356   1304   1336   1372   1286   1266   1267   1248   1260    822    799    785    859    795    826    819   1000    949    996    974    997   1023   1038    966    992    983    964    980    999    962    888    961    921    940   1107   1158   1113   1098   1109   1106   1058   1112    977    949    971   1008    952  
 1575   1579   1582   1533   1528   1578   1575   1613   1585   1559   1549      6     59     67      0     52     30   1462   1469   1455   1468   1465   1485   1474    617    648    581   1044    944   1020   1313   1320   1318    822    828    810    808    792    806    819    676    803    809    853    832    835    819   1653   1684   1776   1818   1831   1779   1814   1853   1828   1801   1840   1260   1269   1286   1300   1181   1184   1211   1177   1180   1202   1189    448    466    443    971    976    966    995    935    978    969    959    971    959    915   1000    964   1398   1388   1354   1397   1436   1446   1385   1394   1394   1411   1359   1392   1427   1339   1321   1322   1302   1312    881    858    843    918    854    884    878   1018    968   1013    992   1015   1041   1055    982   1028   1020   1000   1018   1039   1015    940   1014    972    994   1173   1224   1179   1164   1175   1171   1124   1178   1022    992   1015   1052    995  
 1553   1557   1559   1510   1506   1556   1553   1591   1564   1536   1527     48     67     96     52      0     58   1477   1483   1470   1485   1480   1499   1491    568    598    568   1027    927   1002   1310   1320   1317    772    777    760    758    742    755    769    669    775    780    827    805    808    790   1636   1666   1768   1811   1822   1771   1805   1846   1820   1792   1830   1232   1244   1260   1274   1168   1174   1200   1168   1168   1191   1178    397    415    392    956    959    952    980    919    960    954    944    957    943    900    984    948   1384   1374   1340   1386   1423   1433   1372   1383   1380   1398   1347   1379   1413   1324   1307   1308   1286   1295    875    851    835    911    848    875    870    976    927    971    950    973    999   1013    940    997    990    969    988   1011    999    925    999    955    981   1196   1247   1202   1188   1197   1194   1146   1200    999    966    990   1028    970  
 1601   1605   1608   1559   1554   1604   1601   1639   1611   1584   1575     34     88     96     30     58      0   1491   1498   1483   1497   1493   1513   1503    625    654    609   1071    971   1047   1342   1349   1347    827    832    815    811    796    810    824    705    826    832    877    856    859    842   1680   1711   1804   1847   1859   1808   1843   1882   1856   1829   1868   1283   1294   1310   1324   1208   1212   1239   1206   1207   1230   1217    449    467    441    999   1003    994   1022    962   1005    996    987    998    986    943   1027    991   1426   1416   1382   1425   1464   1474   1413   1422   1421   1439   1387   1420   1454   1367   1348   1350   1329   1339    910    886    872    946    883    912    906   1033    985   1028   1008   1031   1056   1071    998   1051   1043   1022   1041   1063   1042    968   1042    999   1022   1200   1250   1206   1191   1202   1198   1151   1205   1047   1016   1040   1077   1020  
 1110   1096   1137   1113   1070   1114   1119   1132   1068   1099   1104   1460   1413   1396   1462   1477   1491      0     21      9     45     13     35     46   1571   1630   1027    897    907    906    503    445    464   1742   1748   1750   1782   1745   1745   1744    910   1139   1156   1089   1127   1120   1153    985   1034    785    801    833    800    842    813    818    835    865   1155   1094   1129   1124    782    719    743    692    750    745    728   1634   1638   1665    859    894    859    845    893    926    863    868    842    881    879    874    878    800    819    814    745    800    800    780    746    806    805    772    789    805    850    802    800    849    877    762    786    809    750    779    790    776   1501   1455   1510   1485   1493   1515   1529   1499   1205   1180   1203   1179   1136    862    889    853    916    828    356    327    359    378    347    358    387    345   1029   1087   1060   1046   1069  
 1093   1080   1120   1097   1054   1098   1102   1115   1051   1083   1087   1466   1419   1402   1469   1483   1498     21      0     26     64     32     17     64   1570   1629   1028    888    900    897    489    431    450   1739   1745   1747   1780   1743   1742   1742    911   1134   1151   1083   1122   1115   1148    967   1016    765    781    813    780    822    793    798    815    845   1143   1082   1116   1111    771    708    731    681    739    733    717   1635   1640   1667    853    887    852    838    887    919    856    861    836    874    873    867    872    785    803    800    729    784    784    765    730    791    789    757    773    789    835    788    786    835    863    758    783    806    746    776    786    773   1494   1448   1503   1478   1486   1508   1522   1492   1197   1171   1195   1170   1127    854    883    846    909    820    372    345    375    395    363    374    402    361   1020   1079   1052   1038   1061  
 1110   1097   1137   1113   1070   1115   1119   1133   1068   1100   1104   1452   1405   1388   1455   1470   1483      9     26      0     44     15     42     47   1565   1624   1021    893    902    902    502    444    463   1736   1743   1745   1776   1739   1740   1739    904   1134   1151   1084   1122   1115   1148    986   1036    789    805    837    804    846    818    823    839    869   1153   1092   1127   1122    779    716    741    690    747    742    726   1627   1632   1659    855    890    855    841    889    922    859    864    838    877    874    870    874    800    818    814    745    800    800    779    745    806    804    771    788    805    849    801    799    848    875    756    780    803    745    774    785    771   1497   1451   1506   1480   1489   1511   1525   1494   1201   1176   1199   1175   1132    858    885    850    912    824    349    320    351    371    340    350    380    337   1025   1083   1056   1043   1065  
 1154   1140   1181   1157   1114   1158   1163   1177   1112   1143   1148   1466   1420   1402   1468   1485   1497     45     64     44      0     33     73      6   1594   1653   1047    932    939    941    545    487    506   1768   1774   1776   1807   1770   1771   1770    931   1168   1185   1119   1157   1150   1182   1029   1079    828    843    875    843    885    855    861    878    908   1195   1135   1169   1165    821    758    783    731    789    784    768   1651   1656   1682    893    928    892    879    925    960    896    901    875    914    910    908    911    844    862    857    788    844    844    823    789    849    848    815    832    849    892    844    842    891    919    789    813    835    779    805    818    804   1534   1487   1543   1517   1526   1549   1563   1531   1240   1215   1238   1214   1172    897    921    888    950    861    341    307    342    361    333    342    376    330   1064   1121   1095   1082   1103  
 1122   1109   1149   1126   1082   1127   1131   1145   1080   1112   1116   1462   1415   1398   1465   1480   1493     13     32     15     33      0     44     34   1578   1637   1033    907    916    916    515    457    476   1750   1756   1758   1790   1753   1753   1752    917   1147   1165   1098   1136   1129   1161    997   1047    797    813    845    812    854    824    830    847    877   1166   1106   1141   1136    793    730    755    704    761    756    740   1639   1644   1671    869    904    868    855    903    936    873    878    852    891    888    884    888    813    831    827    757    812    813    792    758    818    817    784    801    818    862    814    812    861    889    770    794    817    759    787    799    785   1511   1465   1520   1494   1503   1525   1539   1508   1215   1190   1213   1189   1146    872    899    864    926    838    352    322    355    374    344    354    385    341   1039   1097   1070   1057   1079  
 1091   1077   1118   1096   1052   1095   1100   1112   1048   1081   1085   1482   1434   1418   1485   1499   1513     35     17     42     73     44      0     72   1581   1640   1040    894    908    904    490    433    452   1749   1756   1758   1790   1753   1753   1752    923   1143   1160   1092   1131   1124   1157    962   1011    755    771    803    771    812    782    788    805    835   1146   1085   1119   1114    774    712    734    686    743    736    721   1648   1653   1680    860    894    860    845    895    926    864    869    843    882    882    874    879    784    803    800    728    782    782    764    729    790    788    757    772    788    836    789    786    836    864    769    793    816    756    787    796    783   1501   1456   1510   1485   1493   1515   1529   1500   1203   1178   1202   1177   1133    861    891    852    916    828    389    361    392    411    380    391    419    378   1027   1086   1058   1043   1067  
 1156   1142   1183   1159   1116   1160   1164   1178   1114   1145   1149   1472   1426   1408   1474   1491   1503     46     64     47      6     34     72      0   1600   1659   1052    937    944    945    548    490    509   1773   1780   1781   1813   1776   1776   1776    937   1173   1190   1124   1162   1155   1187   1030   1080    827    842    874    843    884    853    859    877    907   1198   1138   1173   1168    825    762    786    735    793    788    771   1657   1662   1688    897    932    896    884    930    964    901    905    880    918    915    913    916    846    864    860    790    846    846    825    791    852    850    817    834    851    895    847    845    894    921    794    818    841    784    811    824    809   1538   1492   1548   1522   1531   1553   1567   1536   1244   1219   1242   1218   1176    901    926    892    954    866    346    312    347    366    338    347    382    336   1068   1126   1100   1087   1108  
 1227   1237   1225   1180   1191   1229   1224   1261   1255   1213   1201    612    587    620    617    568    625   1571   1570   1565   1594   1578   1581   1600      0     60    556    812    740    790   1229   1262   1252    222    229    218    235    204    213    221    666    492    482    558    517    524    490   1365   1381   1590   1634   1635   1587   1611   1671   1638   1598   1632    871    908    910    926    982   1018   1027   1027    998   1019   1016    225    209    261    787    767    785    811    743    748    784    775    798    766    743    796    770   1171   1153   1122   1195   1210   1219   1167   1192   1164   1183   1147   1170   1198   1091   1096   1098   1056   1052    819    793    770    839    798    796    806    461    428    452    440    461    480    491    424    620    627    595    626    669    813    749    818    751    822   1395   1445   1405   1397   1391   1394   1345   1394    717    658    693    731    672  
 1265   1275   1261   1217   1230   1266   1261   1298   1294   1251   1238    643    622    655    648    598    654   1630   1629   1624   1653   1637   1640   1659     60      0    615    863    793    841   1284   1318   1307    177    183    169    180    153    164    175    725    543    533    609    568    575    540   1407   1421   1638   1682   1682   1635   1658   1719   1686   1646   1679    907    948    947    963   1033   1071   1079   1080   1050   1071   1069    227    210    258    841    820    839    864    798    800    837    829    853    820    798    848    824   1219   1201   1170   1244   1257   1267   1216   1241   1212   1230   1196   1219   1245   1139   1144   1147   1103   1099    877    851    828    896    856    854    863    475    449    465    456    476    492    501    438    659    668    635    666    711    866    803    871    803    876   1454   1504   1464   1456   1450   1453   1404   1453    764    704    739    777    718  
 1007   1009   1016    967    957   1010   1007   1045   1012    990    981    577    523    527    581    568    609   1027   1028   1021   1047   1033   1040   1052    556    615      0    467    366    443    759    777    772    752    759    756    782    747    750    753    119    304    319    324    324    323    326   1073   1106   1202   1245   1256   1204   1238   1281   1254   1225   1263    721    717    739    751    600    606    632    602    600    623    610    610    614    644    391    397    386    414    355    404    389    379    390    380    335    420    384    817    807    773    818    856    865    804    815    813    831    779    811    846    759    740    741    721    733    318    292    273    350    291    312    310    671    613    674    646    665    694    711    649    531    514    506    512    515    435    361    434    396    414    840    890    851    843    836    839    790    839    467    455    469    501    453  
  544    545    556    508    494    548    546    582    546    527    520   1039    986    993   1044   1027   1071    897    888    893    932    907    894    937    812    863    467      0    101     25    447    493    478    923    929    937    974    937    933    927    401    321    331    255    296    289    323    610    641    783    827    831    781    809    863    832    796    832    324    291    323    329    170    213    217    229    189    209    210    963    959   1003     91     71     96     80    113     69     90     98    103     92    138     54     88    370    356    322    386    409    419    362    383    364    383    339    367    398    300    292    294    262    269    264    267    263    237    278    233    253    613    573    623    599    605    625    638    616    309    284    310    283    240     50    108     58     73     96    884    920    896    899    875    883    848    876    133    195    165    151    176  
  643    645    655    606    593    647    645    682    646    626    618    939    886    892    944    927    971    907    900    902    939    916    908    944    740    793    366    101      0     78    494    533    520    868    874    880    916    879    875    872    304    253    267    192    233    226    261    709    741    869    913    919    869    898    950    919    885    922    397    374    403    411    252    280    294    287    262    285    279    878    875    918     50     32     49     72     19     44     46     40     65     28     48     60     31    463    450    416    474    502    512    453    470    458    476    430    459    492    398    385    387    360    369    199    193    184    184    205    164    185    595    549    604    579    588    611    625    593    315    289    306    287    256     77     20     80     33     85    854    893    866    866    845    853    814    847    155    194    178    187    178  
  566    567    578    529    516    570    568    604    569    549    541   1015    962    969   1020   1002   1047    906    897    902    941    916    904    945    790    841    443     25     78      0    463    508    493    903    909    916    954    917    912    907    380    299    309    232    274    266    301    634    665    807    851    855    805    833    887    856    820    856    334    305    336    343    193    233    238    247    210    230    230    939    935    979     76     49     81     72     91     44     75     81     91     72    118     41     69    394    380    347    410    434    444    387    407    389    407    364    392    423    325    316    318    287    294    252    253    247    227    264    220    240    600    558    610    586    592    613    626    602    300    275    299    274    232     46     87     55     48     90    883    920    895    897    874    882    846    875    124    182    155    147    164  
  624    613    650    621    580    629    632    652    589    612    614   1309   1255   1251   1313   1310   1342    503    489    502    545    515    490    548   1229   1284    759    447    494    463      0     59     39   1361   1367   1373   1410   1372   1369   1365    647    747    760    684    726    719    754    538    588    489    527    547    497    538    558    540    526    565    659    596    630    625    298    239    253    218    268    257    246   1347   1347   1385    445    471    447    423    488    496    449    457    432    467    486    444    463    306    322    314    254    314    317    284    254    311    313    273    294    317    348    300    297    347    374    442    469    488    411    469    452    450   1056   1018   1067   1044   1048   1067   1079   1061    748    724    753    724    676    428    482    421    490    410    638    652    649    660    626    638    624    626    576    640    608    585    621  
  680    668    706    678    636    684    688    706    643    668    670   1316   1263   1257   1320   1320   1349    445    431    444    487    457    433    490   1262   1318    777    493    533    508     59      0     20   1400   1406   1412   1448   1410   1407   1404    662    785    799    724    766    758    793    586    636    508    544    566    518    560    572    557    548    587    716    653    687    682    350    290    307    267    320    310    298   1373   1373   1410    483    511    485    463    525    539    487    495    470    506    521    486    502    363    379    372    309    369    371    341    310    367    369    330    350    372    406    358    356    405    432    462    488    509    433    488    475    471   1104   1065   1115   1092   1097   1116   1128   1108    797    773    801    773    726    470    520    463    532    448    590    602    600    613    578    590    579    577    624    687    656    634    668  
  661    649    687    659    617    666    669    688    624    649    652   1314   1261   1255   1318   1317   1347    464    450    463    506    476    452    509   1252   1307    772    478    520    493     39     20      0   1388   1394   1400   1436   1398   1395   1391    657    772    787    711    753    746    781    569    619    500    537    558    509    551    566    550    539    578    697    635    669    663    333    273    289    251    303    293    281   1365   1365   1402    471    498    472    450    513    525    475    483    458    493    510    472    490    344    360    353    291    350    353    322    291    348    350    311    331    353    387    339    336    386    413    456    482    502    426    482    468    464   1089   1050   1099   1076   1081   1100   1112   1093    781    757    785    757    710    456    508    449    519    436    606    619    617    629    594    606    594    594    608    672    640    618    653  
 1259   1271   1251   1210   1230   1260   1254   1289   1294   1246   1233    817    798    832    822    772    827   1742   1739   1736   1768   1750   1749   1773    222    177    752    923    868    903   1361   1400   1388      0      8     22     60     39     22      6    853    616    602    677    635    643    607   1418   1426   1675   1718   1715   1670   1690   1755   1720   1677   1708    904    954    947    963   1091   1135   1138   1149   1111   1131   1132    387    368    409    917    891    916    938    875    866    913    906    931    895    881    918    899   1258   1238   1209   1290   1294   1304   1258   1287   1251   1268   1240   1259   1282   1174   1187   1190   1142   1133    981    956    933    995    963    954    966    418    414    406    408    422    429    432    388    672    687    653    686    735    935    881    941    871    952   1590   1639   1601   1594   1586   1589   1541   1588    808    744    779    814    760  
 1262   1274   1255   1214   1234   1263   1257   1292   1297   1250   1237    823    804    838    828    777    832   1748   1745   1743   1774   1756   1756   1780    229    183    759    929    874    909   1367   1406   1394      8      0     23     58     41     25      9    860    622    608    683    641    649    613   1422   1430   1680   1723   1720   1675   1694   1760   1725   1682   1712    908    958    950    966   1096   1141   1144   1154   1117   1136   1138    392    373    413    923    897    922    944    881    872    919    912    937    901    887    924    905   1263   1243   1214   1295   1299   1308   1263   1292   1255   1273   1245   1264   1287   1179   1192   1195   1147   1138    987    963    940   1002    970    960    973    421    417    408    411    425    431    433    390    677    692    658    691    740    940    887    947    877    958   1597   1646   1608   1601   1593   1596   1548   1595    813    749    784    819    766  
 1277   1290   1270   1229   1248   1278   1272   1307   1312   1265   1252    806    787    822    810    760    815   1750   1747   1745   1776   1758   1758   1781    218    169    756    937    880    916   1373   1412   1400     22     23      0     41     20      6     16    858    628    613    689    647    655    620   1436   1444   1691   1734   1732   1686   1706   1771   1736   1694   1725    922    971    965    981   1105   1149   1152   1162   1125   1144   1145    373    354    393    929    903    928    950    887    879    925    917    943    907    893    930    911   1273   1254   1225   1305   1310   1320   1273   1302   1266   1284   1255   1275   1298   1190   1203   1205   1157   1149    990    965    942   1005    972    963    975    438    433    426    428    442    449    452    407    689    703    670    703    751    947    893    954    884    964   1595   1644   1605   1598   1590   1594   1545   1593    823    759    794    829    775  
 1318   1330   1311   1270   1289   1319   1313   1348   1353   1306   1293    804    788    823    808    758    811   1782   1780   1776   1807   1790   1790   1813    235    180    782    974    916    954   1410   1448   1436     60     58     41      0     38     44     55    886    664    650    726    684    692    656   1476   1485   1731   1774   1772   1726   1746   1811   1776   1734   1765    963   1012   1005   1021   1143   1186   1190   1199   1163   1182   1183    365    346    381    965    940    964    987    923    916    962    954    979    943    928    967    947   1313   1293   1264   1344   1350   1359   1313   1341   1306   1323   1294   1314   1338   1230   1242   1245   1197   1189   1022    998    975   1038   1004    996   1008    478    473    466    468    482    488    491    447    729    743    710    742    791    984    929    991    921   1001   1622   1671   1632   1624   1617   1620   1572   1620    862    798    833    868    814  
 1285   1297   1279   1237   1256   1286   1280   1316   1320   1273   1260    788    770    804    792    742    796   1745   1743   1739   1770   1753   1753   1776    204    153    747    937    879    917   1372   1410   1398     39     41     20     38      0     17     33    850    626    612    689    647    654    619   1442   1451   1695   1738   1736   1690   1711   1775   1740   1698   1729    930    978    972    988   1106   1149   1153   1161   1126   1145   1146    353    335    374    928    903    926    950    886    879    924    916    941    906    890    930    910   1277   1257   1228   1308   1314   1323   1276   1304   1270   1287   1258   1278   1302   1194   1205   1208   1161   1153    985    960    937   1001    967    959    971    449    442    437    438    453    461    465    418    694    708    675    707    755    947    891    953    884    963   1586   1636   1597   1589   1582   1585   1537   1584    825    761    797    832    778  
 1275   1287   1268   1227   1246   1276   1270   1305   1310   1263   1250    801    782    817    806    755    810   1745   1742   1740   1771   1753   1753   1776    213    164    750    933    875    912   1369   1407   1395     22     25      6     44     17      0     17    853    623    609    685    643    651    615   1433   1442   1688   1731   1729   1683   1703   1768   1733   1691   1722    920    969    962    978   1101   1145   1148   1157   1121   1140   1141    368    349    389    925    899    923    946    883    875    921    913    938    902    888    926    906   1270   1250   1221   1302   1307   1316   1270   1298   1263   1280   1252   1271   1295   1187   1199   1202   1154   1146    985    960    937   1000    967    958    971    437    431    425    426    441    448    451    406    686    700    667    699    748    943    888    949    880    960   1590   1639   1600   1593   1585   1588   1540   1587    819    755    790    825    772  
 1264   1276   1257   1216   1235   1265   1259   1294   1299   1252   1239    815    795    829    819    769    824   1744   1742   1739   1770   1752   1752   1776    221    175    753    927    872    907   1365   1404   1391      6      9     16     55     33     17      0    855    620    605    681    639    646    611   1423   1431   1680   1723   1720   1675   1695   1760   1725   1682   1713    909    959    952    968   1095   1140   1142   1153   1116   1135   1136    383    364    405    921    895    919    942    879    870    917    909    935    898    885    922    902   1262   1243   1214   1294   1299   1308   1262   1291   1255   1273   1244   1264   1287   1179   1192   1195   1146   1138    984    959    936    998    966    957    969    424    419    412    414    428    434    438    393    677    692    658    691    740    938    885    945    875    956   1592   1641   1602   1596   1588   1591   1543   1590    813    748    784    818    765  
