120

    0     18     36     22     17     16    460   1012   1006    994    992   1002   1005    633    628    630    620    614    627    658    867    870    876    880    861    878    874    843    862    495    493    507    489    494    496    493    523    249    237    232    225    253    244    258    235    233    692    714    679    693    703    695    704    700    252    277    291    320    303    312    321    313    150    108    130    137    116    131    142    123    812    832    822    824    208    217    211    211    157    160    204    577    593    572    573    571    566    573    572   1093   1079   1073   1066   1075   1080   1078   1075    683    690    677    683    528    230    239    246    254    234    245    237    213    221    222    246    295    271    290    292    269    298    215  
   18      0     27     31     33     30    477   1029   1023   1011   1009   1019   1022    640    636    637    628    622    635    665    850    853    859    862    844    860    856    842    862    486    485    499    481    485    487    485    529    261    249    244    236    264    256    269    246    245    684    706    671    686    695    688    696    692    244    269    280    310    293    303    310    303    135     93    115    123    103    116    128    108    827    847    837    839    206    214    208    210    151    151    200    560    577    556    556    554    550    557    556   1080   1066   1060   1053   1062   1067   1064   1062    679    686    674    679    526    228    238    244    254    218    230    221    197    206    207    230    293    271    289    291    269    297    223  
   36     27      0     30     42     36    490   1045   1040   1027   1025   1035   1038    621    616    617    608    601    615    645    840    842    849    852    833    850    846    868    888    506    505    519    500    505    507    505    556    285    273    268    260    288    279    293    270    269    705    727    692    706    715    708    717    713    264    289    298    328    312    323    329    321    145    106    129    135    120    129    141    121    820    839    829    832    232    239    233    236    175    172    225    564    581    560    562    559    555    562    561   1093   1079   1073   1066   1075   1080   1077   1074    703    710    698    703    551    254    264    270    280    201    211    203    179    186    187    211    319    297    314    317    295    322    204  
   22     31     30      0     15     10    461   1016   1011    998    996   1007   1009    611    607    609    599    593    606    636    869    872    878    882    863    879    875    864    884    516    514    528    510    514    517    514    541    264    252    246    239    267    256    273    249    248    713    735    700    715    724    717    725    721    273    298    311    340    323    333    341    333    165    124    146    153    134    147    159    139    797    817    806    809    229    239    232    232    178    181    226    589    606    585    586    583    579    586    585   1111   1097   1091   1084   1093   1098   1095   1093    705    711    699    704    550    251    260    268    275    230    239    231    208    214    216    240    316    293    312    313    291    319    193  
   17     33     42     15      0      6    449   1004    998    986    984    994    997    618    614    616    606    600    613    643    879    882    889    892    873    890    886    853    873    510    509    522    505    509    512    508    527    249    237    231    225    252    242    259    235    233    707    729    693    708    718    710    719    715    267    293    307    336    319    328    337    329    167    124    146    154    132    148    159    140    795    815    805    807    219    229    223    222    171    176    218    593    609    588    589    587    582    590    588   1110   1096   1090   1083   1092   1097   1094   1091    696    702    690    695    539    241    249    258    264    242    252    244    221    228    229    253    306    283    302    303    281    309    200  
   16     30     36     10      6      0    455   1009   1004    991    989   1000   1002    618    613    615    605    599    612    643    874    877    883    887    868    884    880    856    875    510    508    522    504    509    511    508    532    254    242    236    230    257    247    264    240    238    707    729    694    708    718    710    719    715    267    293    306    335    318    327    336    329    164    122    144    151    131    145    157    137    798    818    808    810    221    231    225    224    172    175    219    589    606    585    586    583    579    586    585   1108   1094   1088   1081   1090   1095   1092   1090    697    704    691    697    541    243    252    260    267    236    247    238    215    222    223    247    308    285    304    305    283    311    200  
  460    477    490    461    449    455      0    565    560    546    544    556    557    699    703    706    693    696    702    728   1326   1329   1335   1338   1320   1337   1333    880    899    772    764    774    765    764    774    763    469    304    313    309    322    303    290    318    316    316    911    934    903    919    928    918    928    924    586    603    639    652    636    631    658    656    582    542    556    564    536    560    566    553    581    611    601    595    484    504    504    479    508    535    513    994   1000    987    979    981    972    981    979   1407   1392   1387   1383   1389   1395   1395   1390    824    833    811    823    660    495    480    505    477    689    698    690    668    672    674    698    519    497    518    501    497    516    467  
 1012   1029   1045   1016   1004   1009    565      0     10     20     21     14      8   1169   1177   1181   1167   1176   1176   1196   1864   1867   1872   1876   1860   1878   1872   1065   1077   1188   1177   1182   1181   1178   1190   1176    758    801    814    814    826    799    795    806    817    818   1255   1276   1254   1268   1274   1265   1272   1270   1074   1084   1124   1127   1113   1102   1134   1135   1114   1079   1089   1095   1068   1093   1096   1087    849    877    872    859    976    994    997    970   1022   1052   1009   1488   1485   1478   1463   1469   1457   1468   1464   1776   1761   1757   1758   1759   1767   1769   1762   1122   1132   1107   1122   1003    978    959    982    948   1245   1255   1247   1224   1230   1231   1256    974    961    975    956    963    969   1028  
 1006   1023   1040   1011    998   1004    560     10      0     20     21      5      8   1168   1176   1180   1166   1175   1175   1195   1857   1860   1865   1869   1853   1871   1865   1055   1068   1180   1169   1174   1173   1170   1182   1168    749    794    807    807    819    792    789    799    810    811   1247   1267   1245   1259   1265   1256   1264   1261   1067   1076   1116   1119   1106   1095   1126   1127   1107   1073   1082   1088   1062   1087   1090   1081    851    879    874    861    969    987    989    963   1015   1045   1002   1480   1478   1471   1456   1462   1449   1460   1457   1767   1753   1748   1749   1751   1758   1761   1753   1113   1123   1098   1113    995    971    951    975    941   1240   1250   1241   1218   1225   1226   1250    966    954    968    948    955    961   1024  
  994   1011   1027    998    986    991    546     20     20      0      3     20     14   1150   1158   1161   1148   1156   1156   1177   1847   1850   1855   1859   1843   1860   1855   1059   1072   1175   1165   1169   1168   1165   1177   1163    746    784    797    797    809    782    779    789    800    801   1245   1265   1243   1257   1264   1254   1262   1259   1059   1068   1108   1112   1098   1087   1119   1119   1097   1062   1072   1078   1051   1076   1079   1070    831    859    855    841    960    978    981    954   1006   1035    993   1473   1470   1463   1448   1454   1442   1453   1449   1766   1751   1747   1747   1749   1756   1759   1752   1113   1122   1098   1113    992    963    943    967    933   1227   1237   1229   1206   1212   1213   1238    959    946    961    941    948    954   1009  
  992   1009   1025    996    984    989    544     21     21      3      0     19     15   1149   1157   1160   1147   1155   1156   1176   1845   1848   1853   1857   1841   1859   1853   1057   1070   1173   1162   1167   1166   1163   1175   1161    744    782    795    795    808    780    777    787    798    799   1243   1263   1241   1255   1262   1252   1260   1257   1057   1066   1106   1110   1096   1085   1117   1117   1095   1060   1070   1076   1049   1074   1077   1068    831    859    855    841    958    977    979    952   1004   1033    991   1471   1468   1461   1446   1452   1440   1451   1447   1763   1749   1745   1745   1747   1754   1757   1750   1111   1120   1096   1110    990    961    941    965    931   1225   1235   1227   1204   1210   1212   1236    957    944    959    939    946    952   1007  
 1002   1019   1035   1007    994   1000    556     14      5     20     19      0     10   1166   1174   1177   1164   1172   1173   1193   1853   1856   1861   1865   1849   1867   1861   1051   1064   1175   1165   1169   1168   1165   1177   1163    745    790    803    803    815    788    785    795    806    807   1242   1262   1241   1255   1261   1251   1259   1257   1063   1072   1112   1115   1101   1090   1122   1123   1103   1069   1078   1084   1057   1083   1085   1076    850    878    873    860    965    983    985    958   1011   1040    997   1476   1473   1466   1451   1457   1445   1456   1452   1763   1748   1744   1745   1746   1754   1756   1749   1109   1118   1094   1109    990    967    947    970    936   1236   1246   1237   1214   1221   1222   1246    962    949    964    944    951    957   1020  
 1005   1022   1038   1009    997   1002    557      8      8     14     15     10      0   1163   1171   1174   1161   1170   1170   1190   1857   1860   1865   1869   1853   1871   1865   1060   1073   1181   1171   1176   1175   1172   1184   1170    752    794    807    807    819    792    788    799    810    811   1250   1270   1248   1262   1269   1259   1267   1264   1067   1077   1117   1120   1106   1096   1127   1128   1107   1072   1082   1088   1061   1086   1089   1080    844    872    868    854    969    987    990    963   1015   1045   1002   1481   1479   1471   1457   1462   1450   1461   1457   1770   1756   1751   1752   1754   1761   1764   1756   1117   1126   1102   1116    997    971    952    975    941   1238   1248   1240   1217   1223   1224   1249    967    955    969    949    956    962   1021  
  633    640    621    611    618    618    699   1169   1168   1150   1149   1166   1163      0     13     15     14     26     13     30   1215   1217   1226   1228   1203   1212   1216   1445   1465   1126   1125   1139   1120   1125   1127   1125   1065    773    768    759    763    775    755    792    768    767   1324   1346   1311   1325   1334   1327   1336   1332    883    909    918    948    932    943    948    940    758    724    746    752    740    746    758    739    448    444    438    451    832    844    839    833    789    791    834   1119   1146   1119   1131   1123   1125   1128   1129   1695   1682   1676   1667   1677   1682   1677   1676   1308   1315   1300   1307   1145    854    858    871    870    668    659    658    660    643    649    661    916    891    912    909    889    918    418  
  628    636    616    607    614    613    703   1177   1176   1158   1157   1174   1171     13      0      4     11     16      2     30   1204   1206   1215   1217   1192   1201   1204   1444   1464   1121   1120   1134   1115   1120   1122   1120   1065    772    767    758    762    775    754    791    767    766   1320   1341   1306   1321   1330   1323   1332   1327    879    904    913    943    927    938    943    935    752    719    741    747    735    740    753    733    461    456    451    463    828    841    835    830    785    787    830   1110   1138   1111   1123   1115   1117   1120   1121   1688   1675   1668   1660   1670   1674   1670   1669   1305   1312   1297   1304   1142    850    855    868    867    660    650    649    652    634    641    652    913    888    909    906    886    915    414  
  630    637    617    609    616    615    706   1181   1180   1161   1160   1177   1174     15      4      0     14     17      5     28   1203   1206   1214   1216   1191   1200   1204   1446   1466   1122   1121   1136   1117   1122   1124   1121   1068    774    770    761    764    777    757    793    769    768   1321   1343   1308   1322   1332   1325   1333   1329    880    906    915    945    929    940    945    937    753    720    743    748    736    742    754    735    463    458    453    465    830    843    837    832    786    788    832   1111   1139   1111   1124   1116   1118   1121   1122   1689   1676   1669   1661   1671   1675   1671   1670   1307   1314   1299   1306   1144    852    857    870    869    661    651    650    653    635    641    653    915    890    911    908    888    917    416  
  620    628    608    599    606    605    693   1167   1166   1148   1147   1164   1161     14     11     14      0     15     10     39   1203   1205   1214   1216   1191   1200   1203   1435   1455   1113   1112   1126   1108   1113   1115   1112   1055    762    758    749    752    765    745    781    757    756   1312   1333   1298   1313   1322   1315   1324   1320    871    896    906    936    920    931    936    928    745    712    734    740    727    733    746    726    455    451    445    457    820    833    827    821    777    779    822   1106   1133   1106   1118   1110   1112   1115   1116   1682   1669   1663   1654   1664   1669   1664   1663   1296   1303   1289   1296   1133    842    846    859    858    655    646    645    647    630    636    648    905    879    901    898    878    907    406  
  614    622    601    593    600    599    696   1176   1175   1156   1155   1172   1170     26     16     17     15      0     16     44   1189   1192   1200   1202   1177   1186   1190   1431   1452   1106   1106   1120   1101   1106   1108   1106   1054    760    756    747    750    763    743    779    755    754   1305   1327   1292   1307   1316   1309   1317   1313    865    890    899    929    913    924    929    921    737    704    727    732    720    726    738    719    469    465    459    471    815    827    821    816    771    772    817   1095   1123   1095   1107   1100   1101   1105   1105   1672   1659   1653   1644   1655   1659   1655   1653   1291   1298   1284   1291   1129    837    841    854    854    644    635    634    637    619    625    637    900    874    896    893    873    902    400  
  627    635    615    606    613    612    702   1176   1175   1156   1156   1173   1170     13      2      5     10     16      0     31   1203   1206   1215   1217   1192   1201   1204   1443   1463   1120   1119   1133   1115   1119   1121   1119   1064    771    766    757    761    774    753    790    766    765   1319   1340   1305   1320   1329   1322   1331   1326    878    903    912    943    927    938    943    934    751    718    740    746    734    739    752    733    460    455    450    462    827    840    834    829    784    786    830   1110   1138   1110   1122   1115   1116   1120   1120   1687   1674   1668   1659   1670   1674   1669   1668   1304   1311   1297   1303   1141    849    854    867    866    659    650    649    652    634    640    652    912    887    908    905    885    914    413  
  658    665    645    636    643    643    728   1196   1195   1177   1176   1193   1190     30     30     28     39     44     31      0   1222   1225   1233   1235   1210   1219   1222   1473   1493   1150   1149   1163   1144   1149   1151   1149   1094    801    797    788    791    804    783    820    796    795   1349   1370   1335   1350   1359   1352   1361   1356    908    933    942    972    956    967    972    964    780    748    770    776    764    769    781    762    463    457    452    465    858    870    864    859    814    816    860   1136   1164   1137   1149   1141   1143   1146   1147   1715   1702   1696   1687   1697   1702   1697   1696   1334   1341   1327   1334   1172    880    884    897    896    686    676    675    679    661    667    678    943    917    939    936    916    945    443  
  867    850    840    869    879    874   1326   1864   1857   1847   1845   1853   1857   1215   1204   1203   1203   1189   1203   1222      0      3     12     14     15     26     12   1271   1283    816    826    832    819    826    814    828   1207   1064   1051   1051   1039   1066   1069   1061   1048   1047    932    934    918    920    923    925    927    924    807    805    766    774    782    798    766    762    751    787    776    770    797    772    768    778   1580   1591   1582   1589    896    880    877    903    844    814    863    451    477    463    492    478    495    484    489    860    855    850    835    850    849    839    845   1057   1054   1064   1056   1027    899    919    899    933    651    647    654    671    673    669    646    922    926    919    938    924    928    950  
  870    853    842    872    882    877   1329   1867   1860   1850   1848   1856   1860   1217   1206   1206   1205   1192   1206   1225      3      0      9     11     17     26     11   1273   1285    818    828    835    821    828    816    830   1210   1067   1054   1054   1041   1069   1072   1063   1051   1050    933    936    920    921    924    927    928    926    810    808    769    777    785    801    769    765    754    790    779    773    800    775    771    781   1583   1593   1585   1592    899    883    880    906    847    817    866    453    479    466    494    480    497    486    491    860    855    850    836    850    849    839    845   1059   1056   1066   1058   1029    901    922    902    936    654    650    657    674    676    672    649    924    929    922    941    927    930    953  
  876    859    849    878    889    883   1335   1872   1865   1855   1853   1861   1865   1226   1215   1214   1214   1200   1215   1233     12      9      0      5     26     31     17   1273   1285    819    830    836    823    830    818    832   1213   1072   1059   1059   1046   1074   1077   1068   1056   1055    933    935    920    921    924    927    928    926    814    812    772    781    789    804    772    769    759    796    784    778    805    780    777    787   1591   1601   1592   1600    903    887    884    910    852    822    871    454    480    467    495    481    498    487    492    855    850    845    831    846    844    834    840   1059   1057   1067   1059   1031    906    926    906    940    660    657    664    680    683    679    656    928    933    925    944    931    934    960  
  880    862    852    882    892    887   1338   1876   1869   1859   1857   1865   1869   1228   1217   1216   1216   1202   1217   1235     14     11      5      0     26     28     16   1278   1290    824    835    841    827    834    822    836   1218   1076   1063   1063   1051   1078   1081   1073   1060   1059    938    940    924    926    929    931    932    930    818    816    777    785    793    809    777    773    763    800    788    782    809    784    781    791   1594   1604   1595   1602    908    892    888    914    856    826    875    459    484    471    500    486    503    492    497    858    853    849    834    849    847    838    844   1064   1061   1071   1063   1036    910    931    910    944    664    660    667    684    686    683    659    933    937    930    949    935    938    964  
  861    844    833    863    873    868   1320   1860   1853   1843   1841   1849   1853   1203   1192   1191   1191   1177   1192   1210     15     17     26     26      0     20     13   1275   1287    818    829    835    821    829    817    830   1207   1061   1047   1047   1035   1063   1065   1057   1044   1043    937    940    923    925    928    931    932    930    805    804    765    774    782    798    766    762    747    782    772    766    792    767    764    774   1570   1580   1572   1579    893    878    874    900    840    811    861    454    481    467    496    482    499    488    493    872    867    862    847    862    860    851    857   1061   1058   1068   1060   1029    896    917    897    931    643    639    646    663    665    662    638    921    924    918    936    922    926    942  
  878    860    850    879    890    884   1337   1878   1871   1860   1859   1867   1871   1212   1201   1200   1200   1186   1201   1219     26     26     31     28     20      0     15   1294   1306    838    848    854    841    848    836    850   1226   1078   1065   1065   1053   1081   1083   1075   1062   1061    956    958    942    944    947    949    951    949    824    823    784    793    801    817    785    781    764    800    789    783    810    785    782    791   1582   1592   1584   1591    912    896    893    919    859    829    879    473    500    486    515    501    518    507    512    885    880    875    861    875    874    864    870   1080   1077   1087   1079   1048    915    936    916    950    659    654    661    679    681    677    653    939    943    936    955    941    945    956  
  874    856    846    875    886    880   1333   1872   1865   1855   1853   1861   1865   1216   1204   1204   1203   1190   1204   1222     12     11     17     16     13     15      0   1282   1294    826    837    843    830    837    825    838   1217   1072   1059   1058   1046   1074   1077   1069   1056   1055    943    945    930    931    934    937    938    936    816    814    775    784    792    808    776    772    758    794    784    777    804    779    776    786   1583   1593   1584   1592    905    889    885    911    852    822    872    462    488    474    503    489    506    495    500    870    866    861    846    861    859    850    856   1068   1065   1075   1067   1037    907    928    908    942    656    652    659    676    678    674    651    931    935    928    947    933    937    954  
  843    842    868    864    853    856    880   1065   1055   1059   1057   1051   1060   1445   1444   1446   1435   1431   1443   1473   1271   1273   1273   1278   1275   1294   1282      0     21    473    465    455    473    465    474    464    412    677    679    688    684    674    695    657    680    680    347    352    359    361    360    355    357    358    632    613    630    602    609    590    608    616    779    789    774    772    768    777    767    780   1457   1486   1476   1471    636    631    637    633    698    710    647    822    794    810    780    794    778    788    783    785    773    770    776    772    780    786    777    216    218    211    217    320    615    605    599    590    964    982    975    952    974    969    980    550    572    555    551    574    546   1044  
  862    862    888    884    873    875    899   1077   1068   1072   1070   1064   1073   1465   1464   1466   1455   1452   1463   1493   1283   1285   1285   1290   1287   1306   1294     21      0    489    480    470    488    481    490    479    431    697    699    708    704    694    715    677    700    701    357    360    368    370    369    364    365    366    651    631    648    620    627    608    626    634    798    809    793    791    788    797    786    799   1477   1505   1495   1491    656    650    657    653    717    729    666    835    806    822    793    807    790    801    795    784    771    769    775    771    779    785    775    230    231    225    230    339    635    624    619    609    983   1000    994    971    992    988    999    570    592    574    571    594    566   1064  
  495    486    506    516    510    510    772   1188   1180   1175   1173   1175   1181   1126   1121   1122   1113   1106   1120   1150    816    818    819    824    818    838    826    473    489      0     12     19      8     11      3     13    441    473    466    472    460    473    490    456    464    464    204    224    190    203    212    206    214    210    243    218    210    179    194    183    180    188    375    404    382    377    387    384    371    390   1271   1294   1284   1284    317    299    303    319    341    335    302    367    346    354    328    340    324    335    330    637    622    616    613    618    625    624    619    261    262    264    260    217    298    305    283    303    532    549    544    526    548    543    548    256    280    257    272    281    258    708  
  493    485    505    514    509    508    764   1177   1169   1165   1162   1165   1171   1125   1120   1121   1112   1106   1119   1149    826    828    830    835    829    848    837    465    480     12      0     15      8      1     14      2    430    466    459    466    454    466    483    449    457    457    203    223    188    202    211    205    213    209    242    216    210    179    194    182    180    189    376    404    382    377    386    384    371    390   1266   1290   1279   1279    312    295    299    314    339    334    299    378    358    365    339    351    335    346    341    644    629    623    620    626    632    632    627    253    254    256    252    206    293    300    278    297    536    553    548    529    551    546    551    249    274    251    265    274    251    707  
  507    499    519    528    522    522    774   1182   1174   1169   1167   1169   1176   1139   1134   1136   1126   1120   1133   1163    832    835    836    841    835    854    843    455    470     19     15      0     21     15     20     15    433    477    470    476    465    476    494    459    468    468    189    209    174    188    197    191    199    195    256    230    224    193    208    196    195    203    390    418    396    391    401    398    386    404   1278   1302   1292   1291    325    308    312    327    353    348    312    383    362    370    344    356    340    351    346    634    619    613    610    616    622    622    617    242    243    245    241    204    306    312    290    308    550    567    562    543    565    560    565    260    286    262    276    286    262    721  
  489    481    500    510    505    504    765   1181   1173   1168   1166   1168   1175   1120   1115   1117   1108   1101   1115   1144    819    821    823    827    821    841    830    473    488      8      8     21      0      8     10     10    435    466    459    465    453    465    483    449    457    457    209    229    194    208    217    210    219    214    238    212    205    174    189    178    175    184    371    399    377    372    382    379    366    385   1264   1288   1277   1277    310    292    296    312    335    330    296    371    351    358    332    344    328    339    334    644    629    623    620    626    632    632    626    261    262    264    260    213    292    298    276    296    529    546    541    523    545    539    544    249    273    250    265    274    251    703  
  494    485    505    514    509    509    764   1178   1170   1165   1163   1165   1172   1125   1120   1122   1113   1106   1119   1149    826    828    830    834    829    848    837    465    481     11      1     15      8      0     14      2    431    466    459    466    454    466    483    449    458    457    203    223    188    202    211    205    213    209    242    217    210    179    194    182    181    189    376    404    382    377    387    384    372    390   1266   1290   1280   1279    313    295    299    314    339    334    299    377    357    365    339    351    335    346    341    643    629    623    620    625    632    631    626    253    254    256    253    207    294    300    278    297    536    553    548    529    551    546    551    250    275    251    266    275    252    707  
  496    487    507    517    512    511    774   1190   1182   1177   1175   1177   1184   1127   1122   1124   1115   1108   1121   1151    814    816    818    822    817    836    825    474    490      3     14     20     10     14      0     16    444    475    468    474    462    475    492    458    466    466    204    223    189    202    211    205    213    209    245    219    211    180    195    185    181    189    376    405    383    378    388    385    372    391   1272   1296   1286   1285    319    301    305    321    343    337    304    365    345    353    326    339    322    334    328    634    620    614    611    616    623    622    617    262    262    265    261    219    300    307    285    305    533    550    545    526    549    543    548    258    282    259    274    283    260    709  
  493    485    505    514    508    508    763   1176   1168   1163   1161   1163   1170   1125   1120   1121   1112   1106   1119   1149    828    830    832    836    830    850    838    464    479     13      2     15     10      2     16      0    429    465    458    465    453    465    482    448    456    456    203    223    188    202    211    205    213    209    242    216    210    179    194    182    181    189    376    404    382    377    386    384    372    390   1265   1289   1279   1278    312    294    298    314    339    334    299    379    359    367    341    353    336    348    343    645    630    624    621    627    633    633    628    252    253    255    251    205    293    299    277    296    537    553    548    530    552    546    552    248    273    250    265    274    250    707  
  523    529    556    541    527    532    469    758    749    746    744    745    752   1065   1065   1068   1055   1054   1064   1094   1207   1210   1213   1218   1207   1226   1217    412    431    441    430    433    435    431    444    429      0    298    306    314    315    295    314    282    307    308    501    522    499    513    520    510    518    515    412    408    445    434    427    410    442    446    525    514    508    510    494    513    508    512   1046   1074   1065   1060    352    359    365    345    421    445    379    781    769    769    748    758    743    755    750   1021   1007   1002   1003   1005   1012   1014   1007    380    390    366    380    246    338    319    330    302    712    728    720    694    712    709    728    294    299    298    282    301    288    691  
  249    261    285    264    249    254    304    801    794    784    782    790    794    773    772    774    762    760    771    801   1064   1067   1072   1076   1061   1078   1072    677    697    473    466    477    466    466    475    465    298      0     14     18     27      4     20     21     17     18    629    653    620    636    645    636    645    641    286    302    339    350    334    329    357    355    316    286    292    297    272    297    298    291    816    842    831    829    184    204    204    178    222    251    215    700    703    692    681    685    674    685    682   1109   1094   1089   1085   1091   1097   1097   1092    567    576    557    566    398    192    177    202    174    473    486    478    452    464    464    486    218    195    217    201    195    216    394  
  237    249    273    252    237    242    313    814    807    797    795    803    807    768    767    770    758    756    766    797   1051   1054   1059   1063   1047   1065   1059    679    699    466    459    470    459    459    468    458    306     14      0     10     14     17     25     25      3      5    625    648    615    631    640    631    640    636    275    291    328    340    323    318    346    344    303    272    278    284    258    283    285    278    819    845    834    832    172    192    193    167    209    238    203    688    692    680    670    673    663    673    670   1102   1087   1081   1078   1083   1090   1089   1084    566    574    556    565    396    182    167    192    165    460    473    465    439    451    451    473    210    186    209    194    187    208    386  
  232    244    268    246    231    236    309    814    807    797    795    803    807    759    758    761    749    747    757    788   1051   1054   1059   1063   1047   1065   1058    688    708    472    466    476    465    466    474    465    314     18     10      0     14     22     20     33     10      9    632    656    623    639    648    639    648    644    278    295    331    344    327    323    350    348    301    270    277    283    257    282    284    276    811    837    826    824    176    196    196    171    210    239    206    691    695    682    673    676    666    676    673   1108   1093   1088   1084   1090   1096   1095   1091    574    583    564    574    405    186    172    197    171    456    469    461    435    447    447    469    217    193    215    201    193    215    378  
  225    236    260    239    225    230    322    826    819    809    808    815    819    763    762    764    752    750    761    791   1039   1041   1046   1051   1035   1053   1046    684    704    460    454    465    453    454    462    453    315     27     14     14      0     30     33     35     11      9    622    646    612    628    637    628    638    634    265    282    318    331    314    310    337    335    290    259    265    271    245    270    272    265    821    846    836    834    163    183    183    158    197    226    193    677    682    669    659    663    653    663    660   1096   1081   1076   1072   1078   1084   1083   1079    566    575    557    566    397    173    160    184    159    446    460    451    426    438    438    460    205    181    204    189    181    203    377  
  253    264    288    267    252    257    303    799    792    782    780    788    792    775    775    777    765    763    774    804   1066   1069   1074   1078   1063   1081   1074    674    694    473    466    476    465    466    475    465    295      4     17     22     30      0     22     19     20     21    628    651    619    634    644    634    644    640    287    302    340    351    335    329    357    355    318    288    294    300    274    299    300    294    817    843    833    831    185    205    205    179    224    253    216    701    704    693    682    686    676    686    683   1109   1094   1088   1085   1091   1097   1096   1091    565    574    555    565    396    193    178    202    174    476    489    481    455    467    467    489    218    195    217    201    195    215    397  
  244    256    279    256    242    247    290    795    789    779    777    785    788    755    754    757    745    743    753    783   1069   1072   1077   1081   1065   1083   1077    695    715    490    483    494    483    483    492    482    314     20     25     20     33     22      0     40     27     27    648    671    638    654    663    654    663    659    298    314    351    363    347    342    369    367    319    287    295    300    274    299    302    293    797    823    812    810    196    216    216    190    229    258    225    710    714    702    692    695    686    696    693   1126   1111   1106   1102   1108   1114   1113   1109    586    595    576    586    417    206    191    216    189    470    483    475    449    461    461    483    235    211    233    218    211    232    380  
  258    269    293    273    259    264    318    806    799    789    787    795    799    792    791    793    781    779    790    820   1061   1063   1068   1073   1057   1075   1069    657    677    456    449    459    449    449    458    448    282     21     25     33     35     19     40      0     26     27    610    633    601    617    626    616    626    622    276    290    328    338    322    316    344    343    315    287    291    296    272    296    297    291    835    861    851    849    174    193    194    168    217    247    206    691    693    682    671    675    664    674    671   1092   1077   1072   1068   1074   1080   1080   1075    547    555    536    546    377    180    164    189    159    477    491    482    457    470    469    491    202    179    201    184    180    199    410  
  235    246    270    249    235    240    316    817    810    800    798    806    810    768    767    769    757    755    766    796   1048   1051   1056   1060   1044   1062   1056    680    700    464    457    468    457    458    466    456    307     17      3     10     11     20     27     26      0      2    624    647    614    630    639    630    639    635    272    288    325    337    321    316    344    341    300    269    275    281    255    280    282    275    820    846    835    833    170    190    190    165    206    235    200    685    689    677    667    670    660    670    667   1100   1085   1080   1076   1082   1088   1087   1083    565    574    555    565    396    179    165    190    163    457    470    462    436    449    448    470    209    185    207    192    185    207    384  
  233    245    269    248    233    238    316    818    811    801    799    807    811    767    766    768    756    754    765    795   1047   1050   1055   1059   1043   1061   1055    680    701    464    457    468    457    457    466    456    308     18      5      9      9     21     27     27      2      0    624    647    614    630    639    630    639    635    271    288    324    337    320    315    343    341    298    268    274    280    254    279    280    274    820    845    835    833    169    189    190    164    205    234    199    685    688    676    666    670    660    670    667   1100   1085   1079   1075   1082   1088   1087   1082    566    574    556    565    396    179    165    189    163    455    469    460    435    447    447    469    208    184    207    192    184    206    383  
  692    684    705    713    707    707    911   1255   1247   1245   1243   1242   1250   1324   1320   1321   1312   1305   1319   1349    932    933    933    938    937    956    943    347    357    204    203    189    209    203    204    203    501    629    625    632    622    628    648    610    624    624      0     24     16     15     19     10     18     15    442    416    412    381    396    383    383    391    578    605    584    579    588    586    574    592   1442   1468   1457   1456    500    485    490    501    536    534    492    489    458    477    446    462    445    455    450    521    507    502    503    505    512    515    507    152    145    165    152    259    479    481    462    474    735    751    747    729    751    746    750    424    451    427    437    452    424    906  
