109

    0      9      8      8     53    269    285    288    931    932    156    166    153    387    361    373    356    359    327    407    371    384    358    568    582    555    585    597    825    798    815    827    803    836    811    793    812    787    808    540    505    513    527    508    539    515    265    278    270    300    286    284    278    293    245    230    262    196    178    158    665    671    638    662    623    161    140    131    100    104    103    326    304    308    326    329    369    356    326    351    328    343    782    544    540    844    848    831    894    867    896    909    860    921    904    887    253    268    273    238    273    274    230    301    224    301    322    858    824  
    9      0     15     16     56    277    292    295    931    932    164    174    161    389    363    374    357    360    329    408    373    386    358    572    586    559    590    601    818    791    809    820    797    829    804    786    805    780    802    546    511    519    533    514    545    521    259    270    263    293    278    277    271    286    238    223    256    200    182    160    672    678    645    669    630    155    133    124     93     97     95    334    311    315    332    336    376    363    333    357    335    350    776    551    547    839    843    826    890    863    892    904    856    917    900    882    250    266    270    236    271    271    229    299    221    299    320    865    830  
    8     15      0      7     46    267    283    286    925    927    151    160    147    391    364    378    361    364    331    412    376    389    363    561    574    547    578    590    833    805    823    834    811    843    819    801    819    795    816    540    505    513    527    507    539    515    273    285    278    307    293    291    285    300    253    237    270    197    181    162    658    663    630    654    615    169    147    139    107    112    110    319    297    300    318    322    362    349    318    343    321    335    784    537    533    852    856    839    893    865    894    908    858    919    903    885    260    275    280    245    280    281    237    309    231    308    329    858    824  
    8     16      7      0     52    262    278    281    932    933    149    159    146    384    358    371    354    357    324    405    369    382    357    565    579    551    582    594    831    804    820    832    809    841    817    798    817    792    814    534    499    507    521    502    533    509    271    284    275    305    292    289    283    299    251    235    267    191    174    155    659    665    632    656    617    166    146    137    106    110    109    320    299    302    321    324    363    351    320    345    321    337    789    538    535    848    852    835    899    872    901    914    865    926    909    892    255    270    274    240    274    275    231    303    225    302    324    852    818  
   53     56     46     52      0    280    298    300    883    884    144    146    133    431    404    419    403    406    371    454    417    430    406    516    530    504    534    545    868    840    860    870    848    880    854    837    855    831    852    561    528    535    550    526    563    537    312    318    315    345    325    328    320    337    289    274    309    229    216    202    625    629    596    622    582    210    184    175    144    148    145    289    260    266    282    288    330    313    286    308    293    303    773    505    499    895    899    881    865    837    866    881    829    891    876    858    305    321    325    290    325    326    282    354    276    353    374    879    845  
  269    277    267    262    280      0     22     22   1088   1094    156    173    176    288    262    304    299    304    250    336    299    303    321    623    634    591    628    657    987    962    959    983    950    987    968    947    969    941    966    287    260    264    282    249    294    266    445    488    457    479    499    474    476    483    443    429    439    131    159    199    571    586    558    568    536    352    361    359    335    338    341    285    317    301    326    311    319    345    299    332    265    312   1050    458    468    927    928    917   1138   1109   1137   1154   1099   1163   1148   1131    349    347    349    326    330    350    302    379    324    353    384    603    570  
  285    292    283    278    298     22      0      6   1109   1115    176    194    197    274    249    292    288    293    239    323    287    290    312    643    654    611    648    676    987    962    957    982    949    986    967    946    969    940    966    266    239    244    261    229    274    245    449    495    462    484    506    479    483    488    450    435    444    134    162    203    584    599    572    581    550    359    371    369    346    350    352    304    337    321    346    330    337    364    319    351    284    331   1066    473    483    921    921    911   1158   1129   1157   1174   1119   1183   1168   1151    349    346    348    326    328    349    302    377    326    350    381    584    550  
  288    295    286    281    300     22      6      0   1108   1114    177    194    197    279    254    298    293    299    245    329    292    295    317    640    651    608    645    674    993    968    963    988    954    992    973    952    975    946    972    265    239    243    261    228    273    245    455    500    468    489    511    485    488    493    455    441    449    139    168    209    579    594    567    576    545    364    376    374    350    354    356    301    334    319    343    327    333    361    316    348    280    328   1070    468    478    927    927    917   1159   1130   1158   1175   1120   1184   1169   1152    355    352    354    332    334    355    308    382    331    356    387    582    549  
  931    931    925    932    883   1088   1109   1108      0     20    942    920    921   1311   1283   1301   1285   1288   1251   1336   1299   1311   1288    528    526    575    544    500   1527   1501   1557   1540   1541   1557   1527   1519   1526   1514   1523   1359   1342   1343   1363   1317   1375   1344   1114   1074   1106   1133   1073   1109   1094   1115   1079   1071   1115   1099   1093   1084    843    822    809    842    826   1048   1007    997    980    982    976    836    785    805    784    805    825    779    817    792    862    812    797    830    804   1674   1681   1658    511    485    487    527    462    498    511    511   1167   1186   1191   1158   1197   1192   1156   1215   1142   1223   1238   1650   1621  
  932    932    927    933    884   1094   1115   1114     20      0    946    925    925   1313   1285   1303   1287   1290   1254   1338   1301   1313   1289    540    538    587    556    513   1519   1493   1550   1532   1534   1550   1520   1512   1518   1506   1515   1365   1348   1349   1369   1323   1381   1351   1111   1071   1104   1130   1069   1106   1090   1111   1077   1069   1112   1102   1096   1086    857    837    823    856    840   1047   1006    996    980    981    976    844    792    812    791    813    833    787    825    800    870    820    782    842    817   1669   1676   1653    494    468    470    509    445    480    493    493   1166   1186   1190   1158   1197   1191   1156   1214   1142   1222   1238   1658   1629  
  156    164    151    149    144    156    176    177    942    946      0     26     22    386    358    388    376    380    332    423    384    393    389    505    518    481    516    538    963    936    946    962    935    970    947    927    948    921    945    441    415    419    437    403    449    421    400    425    408    436    434    424    421    433    387    371    396    172    179    195    533    542    511    530    493    294    286    279    249    253    253    199    202    196    219    213    242    246    205    236    192    222    913    412    413    951    953    939    985    955    984   1002    945   1009    995    978    346    354    357    325    347    359    307    389    316    375    404    757    724  
  166    174    160    159    146    173    194    194    920    925     26      0     14    411    382    413    401    405    357    448    409    418    414    480    493    455    491    513    981    954    965    980    954    988    965    946    966    940    963    458    432    436    454    418    467    438    418    439    425    453    448    440    436    450    403    387    413    197    204    219    513    521    489    510    472    311    300    293    262    266    266    177    178    171    195    189    220    222    182    212    171    199    908    392    391    973    976    961    972    942    970    989    932    996    982    965    368    377    380    348    371    382    330    412    338    399    427    771    739  
  153    161    147    146    133    176    197    197    921    925     22     14      0    405    377    406    394    398    351    442    402    412    407    487    499    463    498    519    968    941    953    968    942    975    952    933    953    927    950    461    435    440    457    423    470    441    405    426    412    440    435    427    423    436    390    374    400    191    196    209    525    533    501    522    484    298    287    280    249    253    253    188    186    181    204    200    231    232    193    223    184    210    899    404    403    962    964    949    966    936    964    983    926    990    976    959    357    366    369    337    360    371    319    401    327    389    416    776    743  
  387    389    391    384    431    288    274    279   1311   1313    386    411    405      0     29     40     55     58     61     54     35     24     81    890    902    863    899    923    795    773    750    785    745    784    771    748    773    743    771    310    265    280    277    308    284    281    363    428    380    384    439    394    406    399    385    378    357    216    218    230    858    873    846    855    823    334    371    376    374    375    381    564    584    573    597    586    601    620    576    608    547    591   1100    746    755    675    674    667   1264   1240   1269   1278   1235   1293   1275   1257    235    216    213    223    190    214    206    222    236    188    208    574    540  
  361    363    364    358    404    262    249    254   1283   1285    358    382    377     29      0     48     53     59     36     75     42     41     83    862    874    835    871    894    801    779    758    792    753    792    777    755    780    750    777    306    262    276    275    301    283    277    351    415    367    374    426    382    393    388    370    362    345    188    190    203    833    847    820    830    798    314    350    355    352    353    358    537    555    545    569    558    574    593    548    581    520    563   1082    720    729    691    690    683   1241   1216   1245   1255   1211   1270   1252   1234    222    204    202    208    178    203    189    215    220    180    203    582    548  
  373    374    378    371    419    304    292    298   1301   1303    388    413    406     40     48      0     19     20     57     36      6     18     42    893    905    867    903    925    757    735    713    747    708    747    733    711    736    706    733    348    304    318    315    345    323    319    328    394    345    348    405    358    371    363    351    345    322    216    213    217    875    889    861    872    839    306    344    351    351    352    357    573    588    578    603    593    611    627    583    616    557    599   1070    761    769    643    643    635   1241   1217   1246   1254   1213   1270   1252   1234    201    181    178    191    155    179    177    185    205    151    169    612    579  
  356    357    361    354    403    299    288    293   1285   1287    376    401    394     55     53     19      0      6     49     51     21     36     30    880    893    856    891    912    748    726    706    739    700    739    724    702    727    697    724    359    314    329    327    354    335    330    310    376    327    331    387    340    353    346    333    326    304    205    199    201    869    883    855    866    833    287    325    332    333    333    339    563    577    568    592    583    602    617    573    606    548    589   1051    754    762    642    641    633   1222   1198   1227   1235   1194   1252   1233   1215    183    163    160    172    137    161    158    168    186    134    154    628    594  
  359    360    364    357    406    304    293    299   1288   1290    380    405    398     58     59     20      6      0     55     49     24     38     25    884    897    860    895    916    743    721    700    734    695    734    719    697    722    692    719    363    319    333    331    359    339    334    308    374    325    328    385    338    351    343    331    325    302    209    203    204    874    888    860    871    838    287    326    332    334    334    340    568    581    572    597    588    607    621    578    610    553    594   1050    759    767    636    635    627   1223   1199   1228   1236   1195   1252   1234   1216    181    161    158    171    135    159    158    165    186    131    150    631    598  
  327    329    331    324    371    250    239    245   1251   1254    332    357    351     61     36     57     49     55      0     92     52     61     74    837    849    812    847    869    785    762    746    777    739    778    763    740    765    735    762    328    284    298    299    319    308    299    319    382    335    343    393    350    361    356    337    329    313    161    160    169    820    834    806    817    784    279    314    319    316    317    322    517    532    522    547    537    555    571    527    560    501    543   1047    706    714    688    688    679   1206   1181   1210   1219   1176   1234   1216   1198    190    174    173    175    148    173    155    188    186    154    179    612    578  
  407    408    412    405    454    336    323    329   1336   1338    423    448    442     54     75     36     51     49     92      0     40     34     58    928    940    903    938    960    748    727    702    738    697    737    724    701    727    696    724    357    313    328    323    358    329    329    346    413    363    363    423    375    389    380    371    366    340    252    249    252    907    921    894    904    872    333    372    379    382    382    387    607    623    613    638    628    645    662    618    651    591    633   1093    794    802    622    621    615   1270   1246   1275   1283   1242   1299   1280   1263    222    201    198    215    177    198    203    199    230    167    180    606    574  
  371    373    376    369    417    299    287    292   1299   1301    384    409    402     35     42      6     21     24     52     40      0     15     47    889    901    863    899    921    762    741    719    753    713    753    739    716    741    711    739    342    298    313    310    339    317    314    331    397    348    351    407    361    374    366    353    347    325    213    210    215    870    884    856    867    834    307    345    351    351    352    357    568    584    574    599    589    606    623    579    611    552    594   1072    756    764    649    649    641   1241   1217   1246   1254   1213   1270   1252   1234    203    184    181    193    158    181    178    188    207    154    173    608    575  
  384    386    389    382    430    303    290    295   1311   1313    393    418    412     24     41     18     36     38     61     34     15      0     59    897    910    872    907    930    771    749    726    761    721    761    747    724    750    720    747    333    289    304    300    332    307    305    345    411    362    365    422    375    388    381    368    362    339    222    220    228    873    888    861    870    838    322    359    366    366    366    372    575    592    582    606    596    613    630    586    618    559    601   1086    760    769    653    652    645   1256   1231   1260   1269   1227   1285   1266   1248    218    198    195    207    172    196    193    202    222    168    186    595    562  
  358    358    363    357    406    321    312    317   1288   1289    389    414    407     81     83     42     30     25     74     58     47     59      0    892    905    869    904    924    718    696    676    709    671    710    695    673    698    668    695    388    343    358    355    383    363    359    290    356    307    308    367    320    333    324    314    309    284    220    211    207    890    903    875    887    853    276    316    323    326    327    332    580    591    583    607    599    619    633    589    622    566    605   1035    774    781    614    614    606   1214   1190   1219   1226   1187   1243   1224   1206    165    144    141    157    119    141    147    145    173    112    128    653    620  
  568    572    561    565    516    623    643    640    528    540    505    480    487    890    862    893    880    884    837    928    889    897    892      0     15     47     31     34   1351   1323   1355   1357   1342   1369   1342   1327   1342   1321   1338    865    856    854    876    822    887    856    820    810    820    851    814    831    820    839    793    779    818    677    682    690    338    322    300    336    312    724    693    682    654    658    654    342    308    322    298    314    318    281    326    295    365    315    927    303    278   1408   1413   1394    813    779    799    833    759    823    820    809    819    833    837    802    833    838    790    867    789    862    886   1138   1110  
  582    586    574    579    530    634    654    651    526    538    518    493    499    902    874    905    893    897    849    940    901    910    905     15      0     50     21     27   1366   1338   1370   1371   1356   1384   1356   1341   1356   1335   1353    874    865    863    884    831    895    864    835    825    835    865    829    845    834    853    807    793    833    689    695    703    333    317    296    332    309    738    707    697    669    672    668    352    320    333    309    324    327    291    336    304    375    325    939    304    279   1423   1427   1409    821    786    806    840    766    829    827    816    833    846    850    816    847    852    804    881    803    875    900   1144   1117  
  555    559    547    551    504    591    611    608    575    587    481    455    463    863    835    867    856    860    812    903    863    872    869     47     50      0     38     76   1350   1322   1352   1355   1339   1367   1340   1324   1340   1318   1337    826    819    817    838    784    849    818    812    805    813    843    810    824    814    832    786    771    810    652    659    669    294    279    256    293    266    713    683    673    644    648    644    307    280    292    267    281    280    247    292    260    330    280    957    257    231   1398   1402   1384    854    820    841    874    800    864    861    849    803    816    820    786    815    821    773    851    773    844    869   1095   1068  
  585    590    578    582    534    628    648    645    544    556    516    491    498    899    871    903    891    895    847    938    899    907    904     31     21     38      0     45   1374   1346   1377   1380   1364   1392   1365   1349   1365   1343   1361    864    856    854    875    821    886    855    840    832    841    871    836    851    841    860    813    799    838    687    693    703    313    296    276    312    289    742    712    702    673    677    673    344    316    328    303    318    318    284    329    297    367    317    957    287    261   1427   1432   1413    841    807    827    861    787    850    848    837    835    848    852    818    848    854    805    883    805    876    901   1131   1104  
  597    601    590    594    545    657    676    674    500    513    538    513    519    923    894    925    912    916    869    960    921    930    924     34     27     76     45      0   1374   1346   1379   1380   1365   1393   1365   1350   1365   1344   1361    898    889    888    909    856    920    889    847    835    847    877    839    857    845    865    819    805    845    709    714    721    356    338    319    355    333    752    720    709    682    685    681    375    342    356    331    347    351    315    359    328    399    348    929    330    304   1436   1440   1421    803    768    788    822    748    811    809    798    848    863    867    832    864    868    821    897    819    892    916   1170   1142  
  825    818    833    831    868    987    987    993   1527   1519    963    981    968    795    801    757    748    743    785    748    762    771    718   1351   1366   1350   1374   1374      0     29     77     24     69     44     28     50     25     54     26   1104   1060   1074   1070   1101   1077   1075    564    551    557    528    545    542    548    533    581    596    568    857    830    794   1490   1495   1463   1486   1448    670    686    695    726    722    724   1151   1128   1132   1150   1154   1194   1180   1150   1175   1150   1168    878   1369   1365    296    307    284   1199   1194   1217   1201   1205   1232   1208   1193    639    641    640    662    661    639    686    612    664    642    612   1333   1303  
  798    791    805    804    840    962    962    968   1501   1493    936    954    941    773    779    735    726    721    762    727    741    749    696   1323   1338   1322   1346   1346     29      0     83     41     70     61     33     44     29     44     27   1082   1038   1053   1049   1079   1056   1054    536    523    529    501    517    515    521    506    553    569    541    831    805    768   1462   1468   1435   1459   1420    643    659    667    699    694    697   1123   1100   1105   1122   1127   1166   1153   1123   1147   1123   1140    858   1341   1338    300    311    287   1176   1171   1194   1179   1181   1209   1186   1170    613    616    615    637    636    614    661    588    639    618    588   1315   1285  
  815    809    823    820    860    959    957    963   1557   1550    946    965    953    750    758    713    706    700    746    702    719    726    676   1355   1370   1352   1377   1379     77     83      0     55     16     41     52     44     56     47     57   1058   1014   1029   1024   1058   1029   1030    550    547    546    516    542    533    541    524    571    587    554    829    804    769   1477   1484   1451   1474   1435    656    677    686    717    713    716   1138   1119   1122   1141   1144   1181   1171   1139   1165   1136   1156    934   1356   1353    220    231    207   1247   1241   1265   1250   1250   1281   1257   1241    612    612    610    635    629    609    658    581    639    608    578   1276   1247  
  827    820    834    832    870    983    982    988   1540   1532    962    980    968    785    792    747    739    734    777    738    753    761    709   1357   1371   1355   1380   1380     24     41     55      0     48     21     16     37     16     43     19   1094   1050   1064   1060   1092   1066   1065    563    554    557    528    548    543    550    534    582    597    568    853    826    790   1490   1496   1464   1487   1448    670    687    696    728    723    726   1151   1130   1134   1151   1156   1194   1182   1151   1176   1150   1169    898   1369   1366    273    284    261   1217   1211   1235   1219   1222   1250   1226   1211    634    636    635    658    655    633    681    607    661    636    605   1319   1290  
  803    797    811    809    848    950    949    954   1541   1534    935    954    942    745    753    708    700    695    739    697    713    721    671   1342   1356   1339   1364   1365     69     70     16     48      0     40     42     28     46     32     46   1053   1009   1024   1019   1052   1025   1025    539    534    534    504    529    521    529    512    559    575    543    820    795    760   1466   1472   1440   1462   1424    645    665    674    705    701    704   1127   1107   1111   1129   1132   1170   1159   1128   1153   1125   1145    918   1344   1342    231    242    218   1231   1225   1249   1235   1235   1265   1241   1225    603    603    602    626    621    600    649    573    630    601    570   1275   1245  
  836    829    843    841    880    987    986    992   1557   1550    970    988    975    784    792    747    739    734    778    737    753    761    710   1369   1384   1367   1392   1393     44     61     41     21     40      0     31     43     33     49     36   1093   1049   1064   1059   1092   1065   1065    572    564    566    537    559    553    560    543    591    607    576    857    832    796   1499   1505   1473   1496   1457    678    697    706    737    733    735   1160   1139   1143   1161   1165   1203   1191   1160   1186   1158   1178    918   1378   1375    256    267    244   1237   1231   1254   1239   1242   1270   1246   1230    639    640    639    662    659    637    686    610    666    638    608   1314   1285  
  811    804    819    817    854    968    967    973   1527   1520    947    965    952    771    777    733    724    719    763    724    739    747    695   1342   1356   1340   1365   1365     28     33     52     16     42     31      0     23      5     28      6   1080   1036   1050   1046   1078   1052   1051    548    538    542    513    532    528    534    519    566    582    552    837    811    775   1475   1481   1448   1472   1433    654    672    681    712    708    710   1136   1114   1118   1136   1140   1179   1167   1136   1161   1134   1153    890   1354   1351    271    283    258   1207   1201   1225   1210   1212   1240   1216   1201    619    621    620    642    640    618    666    591    645    621    590   1307   1277  
  793    786    801    798    837    947    946    952   1519   1512    927    946    933    748    755    711    702    697    740    701    716    724    673   1327   1341   1324   1349   1350     50     44     44     37     28     43     23      0     27      7     25   1057   1013   1028   1023   1055   1029   1029    529    521    524    494    516    510    517    501    548    564    533    816    790    754   1456   1463   1430   1453   1414    636    654    663    694    690    693   1117   1096   1100   1118   1122   1160   1149   1118   1143   1116   1135    891   1335   1332    257    268    243   1205   1199   1223   1208   1209   1238   1215   1199    598    600    598    622    619    597    645    570    625    599    569   1284   1254  
  812    805    819    817    855    969    969    975   1526   1518    948    966    953    773    780    736    727    722    765    727    741    750    698   1342   1356   1340   1365   1365     25     29     56     16     46     33      5     27      0     31      4   1082   1038   1053   1049   1080   1055   1054    549    539    543    514    533    529    535    519    567    583    553    839    813    777   1476   1482   1449   1473   1434    655    673    682    713    709    711   1137   1115   1119   1137   1141   1180   1167   1137   1162   1136   1154    887   1355   1351    275    287    262   1204   1199   1222   1207   1209   1238   1214   1198    621    623    621    644    642    620    668    593    647    623    593   1310   1280  
  787    780    795    792    831    941    940    946   1514   1506    921    940    927    743    750    706    697    692    735    696    711    720    668   1321   1335   1318   1343   1344     54     44     47     43     32     49     28      7     31      0     29   1052   1008   1023   1018   1050   1025   1024    523    515    518    488    510    504    511    495    542    558    527    811    785    749   1450   1457   1424   1447   1408    630    648    657    688    684    687   1111   1090   1094   1112   1116   1154   1143   1112   1137   1110   1129    887   1329   1326    258    269    244   1201   1194   1218   1204   1204   1234   1210   1195    593    594    593    616    613    591    640    564    619    593    563   1280   1250  
  808    802    816    814    852    966    966    972   1523   1515    945    963    950    771    777    733    724    719    762    724    739    747    695   1338   1353   1337   1361   1361     26     27     57     19     46     36      6     25      4     29      0   1080   1036   1050   1046   1077   1052   1051    546    535    539    510    529    525    532    516    564    579    550    836    810    773   1472   1478   1446   1469   1430    652    669    678    710    705    708   1133   1111   1116   1133   1137   1176   1164   1133   1158   1132   1151    884   1351   1348    276    287    263   1202   1196   1220   1204   1206   1235   1211   1196    618    620    618    641    639    617    665    590    644    620    590   1308   1278  
  540    546    540    534    561    287    266    265   1359   1365    441    458    461    310    306    348    359    363    328    357    342    333    388    865    874    826    864    898   1104   1082   1058   1094   1053   1093   1080   1057   1082   1052   1080      0     45     31     36     43     36     30    637    695    653    665    707    668    677    676    649    637    630    353    379    417    717    737    719    714    693    572    596    597    581    584    588    528    575    555    578    558    548    587    545    574    502    553   1319    630    649    967    964    961   1423   1394   1423   1439   1385   1448   1433   1416    512    499    498    493    473    499    470    516    501    482    507    319    285  
  505    511    505    499    528    260    239    239   1342   1348    415    432    435    265    262    304    314    319    284    313    298    289    343    856    865    819    856    889   1060   1038   1014   1050   1009   1049   1036   1013   1038   1008   1036     45      0     15     23     54     35     16    593    652    609    621    664    625    634    632    606    595    587    315    340    377    725    744    724    722    699    530    555    557    542    545    548    516    560    541    564    545    539    576    533    563    491    542   1282    633    650    926    924    920   1393   1364   1392   1408   1355   1418   1403   1385    468    454    454    449    429    454    426    471    457    437    462    354    320  
  513    519    513    507    535    264    244    243   1343   1349    419    436    440    280    276    318    329    333    298    328    313    304    358    854    863    817    854    888   1074   1053   1029   1064   1024   1064   1050   1028   1053   1023   1050     31     15      0     22     43     33      2    606    665    622    634    676    638    646    645    618    607    600    325    350    388    718    737    718    715    693    542    566    568    552    555    559    515    560    541    564    545    537    575    532    562    490    541   1291    628    645    941    938    935   1399   1370   1399   1415   1361   1424   1409   1392    481    468    467    462    442    468    439    485    470    451    477    346    311  
  527    533    527    521    550    282    261    261   1363   1369    437    454    457    277    275    315    327    331    299    323    310    300    355    876    884    838    875    909   1070   1049   1024   1060   1019   1059   1046   1023   1049   1018   1046     36     23     22      0     63     13     21    610    670    627    638    682    642    651    649    624    613    604    336    360    397    739    759    740    737    714    550    575    577    562    565    569    536    580    562    585    565    558    596    553    583    511    562   1302    649    667    931    928    926   1415   1386   1414   1430   1377   1440   1425   1407    485    470    469    466    445    470    443    486    475    452    477    333    299  
  508    514    507    502    526    249    229    228   1317   1323    403    418    423    308    301    345    354    359    319    358    339    332    383    822    831    784    821    856   1101   1079   1058   1092   1052   1092   1078   1055   1080   1050   1077     43     54     43     63      0     70     43    619    676    634    648    687    651    658    658    629    617    613    325    352    392    678    697    678    675    653    549    571    571    554    557    560    485    532    513    535    515    505    545    503    531    460    511   1289    589    607    975    973    969   1387   1357   1386   1403   1348   1411   1397   1380    497    485    485    477    460    485    453    505    483    471    498    355    321  
  539    545    539    533    563    294    274    273   1375   1381    449    467    470    284    283    323    335    339    308    329    317    307    363    887    895    849    886    920   1077   1056   1029   1066   1025   1065   1052   1029   1055   1025   1052     36     35     33     13     70      0     32    621    681    637    648    692    652    662    659    634    624    614    348    372    409    747    767    748    745    723    561    587    588    574    577    581    547    592    573    596    577    569    608    565    594    522    573   1314    659    676    935    932    929   1427   1398   1427   1443   1390   1453   1437   1420    495    480    479    476    454    480    454    495    485    461    485    321    287  
  515    521    515    509    537    266    245    245   1344   1351    421    438    441    281    277    319    330    334    299    329    314    305    359    856    864    818    855    889   1075   1054   1030   1065   1025   1065   1051   1029   1054   1024   1051     30     16      2     21     43     32      0    607    666    623    636    678    639    648    646    620    609    601    326    351    389    719    738    719    716    693    543    568    569    554    557    560    516    561    543    566    546    538    577    534    563    491    542   1293    629    646    941    939    936   1401   1372   1400   1417   1363   1426   1411   1394    483    469    468    464    444    469    440    487    471    452    478    344    310  
  265    259    273    271    312    445    449    455   1114   1111    400    418    405    363    351    328    310    308    319    346    331    345    290    820    835    812    840    847    564    536    550    563    539    572    548    529    549    523    546    637    593    606    610    619    621    607      0     67     17     36     77     32     43     40     35     44      7    317    288    247    928    934    902    924    886    107    129    139    169    165    168    589    569    572    591    594    632    621    589    615    587    607    751    806    804    589    594    575    957    937    966    968    937    988    968    950    129    148    150    145    174    150    168    149    137    180    172    930    897  
  278    270    285    284    318    488    495    500   1074   1071    425    439    426    428    415    394    376    374    382    413    397    411    356    810    825    805    832    835    551    523    547    554    534    564    538    521    539    515    535    695    652    665    670    676    681    666     67      0     51     64     12     42     26     43     47     60     73    364    335    293    941    946    914    938    899    137    140    147    178    174    176    603    578    583    600    605    646    630    602    625    605    619    685    821    816    611    617    595    897    878    906    907    879    929    908    890    194    214    216    208    239    216    229    216    198    246    238    993    959  
  270    263    278    275    315    457    462    468   1106   1104    408    425    412    380    367    345    327    325    335    363    348    362    307    820    835    813    841    847    557    529    546    557    534    566    542    524    543    518    539    653    609    622    627    634    637    623     17     51      0     31     61     17     27     26     29     42     23    330    301    260    934    940    907    930    892    114    132    141    172    168    171    595    574    577    595    599    637    626    595    620    594    612    735    812    809    591    596    576    944    924    952    954    924    975    954    936    146    165    167    162    191    167    184    166    152    196    188    947    913  
  300    293    307    305    345    479    484    489   1133   1130    436    453    440    384    374    348    331    328    343    363    351    365    308    851    865    843    871    877    528    501    516    528    504    537    513    494    514    488    510    665    621    634    638    648    648    636     36     64     31      0     70     24     40     21     59     72     41    350    322    281    963    969    937    959    921    142    162    172    202    198    201    624    604    607    625    628    667    656    624    650    622    641    743    841    839    561    566    546    960    941    969    970    942    992    971    953    154    170    172    173    196    171    196    165    166    198    185    955    921  
  286    278    293    292    325    499    506    511   1073   1069    434    448    435    439    426    405    387    385    393    423    407    422    367    814    829    810    836    839    545    517    542    548    529    559    532    516    533    510    529    707    664    676    682    687    692    678     77     12     61     70      0     50     35     50     59     71     83    375    346    304    949    954    921    946    907    148    148    156    187    182    184    611    585    590    607    612    653    637    609    633    613    627    676    829    824    609    616    594    891    872    900    901    873    922    901    883    205    224    227    219    250    227    240    226    209    256    248   1004    970  
  284    277    291    289    328    474    479    485   1109   1106    424    440    427    394    382    358    340    338    350    375    361    375    320    831    845    824    851    857    542    515    533    543    521    553    528    510    529    504    525    668    625    638    642    651    652    639     32     42     17     24     50      0     18     10     39     55     38    347    318    276    948    954    921    945    906    130    145    154    185    181    184    609    587    591    609    613    652    639    609    634    608    626    726    827    823    583    588    568    939    920    948    949    920    970    950    932    160    178    181    177    205    180    199    177    168    209    199    962    928  
