120

    0     29     23     11     38     25     41     20     29    510    492    491    507    683    685    697    699    671    670   1237   1259   1244   1255   1216   1214   1235    518    541    515    519    542    532   1015    976   1000   1000    999    367    364    376    366    393    376    370   1107   1115   1097   1103   1121   1111   1091   1118   1099   1124    596    598    591    614    598    629    597    506    538    557    547    514    501    496    511    503    524    509    507    508    509    503    516    541    559    523    507    519    536    542    524    523   1012   1012   1022    783    803    800    804    512    531    516    516    537    652    646    662    619    642    638    648    649    633    633    576    568    561    585    605    561    550    604    583    575   1240   1214  
   29      0     17     30     36     20     33     11     32    485    467    466    481    674    675    688    690    662    660   1209   1231   1216   1227   1189   1186   1208    493    516    490    493    517    507   1012    972    997    997    996    340    337    349    340    366    349    343   1079   1087   1068   1075   1092   1083   1063   1089   1070   1095    578    579    574    596    581    612    580    480    512    529    520    486    475    470    485    477    498    483    480    482    484    477    502    526    544    508    493    504    521    527    510    508    984    984    994    762    782    779    783    517    536    523    522    543    626    618    635    592    614    611    620    622    607    606    550    542    536    559    579    535    524    578    557    549   1211   1185  
   23     17      0     30     21      3     20     17     15    500    483    481    497    690    691    703    705    678    676   1222   1245   1229   1240   1202   1199   1221    508    531    505    508    533    522   1026    987   1011   1011   1010    354    352    363    355    380    363    357   1087   1095   1077   1083   1101   1091   1071   1098   1078   1103    574    576    569    592    576    608    576    494    526    544    534    500    490    485    500    492    512    498    495    496    499    492    495    520    538    502    487    498    515    521    504    502    997    997   1007    779    799    795    800    528    547    533    533    554    630    624    640    597    620    616    626    627    611    611    566    558    551    575    595    550    539    593    572    565   1220   1195  
   11     30     30      0     47     32     49     20     38    505    486    486    501    674    675    687    689    661    660   1234   1256   1241   1252   1213   1210   1232    513    536    510    514    537    527   1005    966    990    990    989    363    361    372    362    389    372    367   1108   1116   1097   1104   1122   1112   1092   1118   1100   1124    603    605    598    622    606    637    605    502    533    553    543    510    496    491    507    499    519    504    502    503    504    499    524    549    567    531    516    527    544    550    533    531   1010   1009   1019    775    795    792    797    502    521    506    507    528    656    648    665    622    644    641    650    652    637    636    571    563    556    580    600    556    545    598    578    570   1240   1214  
   38     36     21     47      0     18      8     38     10    512    495    494    509    710    710    723    725    698    696   1229   1252   1236   1248   1209   1207   1228    520    543    517    520    545    535   1046   1007   1032   1031   1031    364    361    372    366    389    374    367   1087   1094   1076   1083   1100   1090   1071   1098   1078   1102    560    562    554    578    561    593    561    505    537    553    543    510    500    497    510    503    523    509    506    507    510    502    479    504    522    486    470    482    498    504    487    486   1003   1004   1014    795    815    811    816    548    566    552    552    573    625    620    635    592    616    612    621    622    606    606    577    569    564    586    606    561    551    605    584    576   1221   1196  
   25     20      3     32     18      0     18     20     13    502    485    483    499    693    694    706    708    681    679   1223   1246   1230   1242   1203   1200   1222    510    533    507    510    535    524   1029    989   1014   1014   1013    356    353    365    356    381    365    359   1087   1095   1077   1083   1101   1091   1071   1098   1079   1103    572    574    567    591    574    606    574    496    528    545    535    502    491    487    501    494    514    500    497    498    501    493    493    518    536    500    484    496    513    518    501    500    998    999   1008    781    801    798    802    531    550    536    535    556    630    624    639    597    620    616    625    627    611    610    568    560    553    576    597    552    541    595    574    567   1221   1195  
   41     33     20     49      8     18      0     37     15    505    489    487    502    706    707    720    722    694    692   1222   1245   1229   1240   1202   1199   1221    513    536    511    513    538    528   1044   1005   1030   1029   1028    357    354    365    358    382    366    360   1079   1087   1069   1076   1093   1083   1063   1090   1071   1095    556    558    551    574    558    589    557    498    530    546    535    503    493    490    503    496    516    502    499    500    503    495    476    501    519    483    467    479    496    502    484    483    996    997   1006    789    809    805    810    548    566    553    552    573    619    614    628    586    609    605    614    615    600    600    571    562    557    579    599    554    544    598    577    569   1214   1189  
   20     11     17     20     38     20     37      0     31    492    474    473    488    674    675    687    689    662    660   1218   1240   1225   1236   1197   1195   1216    500    523    497    500    524    514   1009    970    994    994    993    348    346    357    348    374    357    352   1089   1097   1079   1085   1103   1093   1073   1100   1081   1106    587    589    583    605    590    621    589    488    519    538    528    495    482    477    493    485    505    491    488    489    491    484    510    535    552    516    501    512    529    535    518    516    993    993   1003    767    787    784    788    512    530    517    516    537    637    629    645    602    625    622    631    633    618    617    558    550    543    567    587    542    531    585    564    557   1221   1196  
   29     32     15     38     10     13     15     31      0    513    496    494    510    704    705    718    720    692    691   1233   1255   1239   1251   1212   1210   1232    521    544    518    521    546    535   1040   1000   1025   1025   1024    366    363    375    367    391    375    369   1093   1101   1082   1089   1106   1097   1077   1104   1084   1109    569    571    563    587    570    602    570    507    539    555    545    512    502    498    512    504    525    510    507    509    511    504    488    513    531    495    479    491    507    513    496    495   1007   1008   1017    793    813    810    814    540    558    544    544    565    633    627    642    600    623    619    628    629    614    614    578    570    564    587    607    562    552    606    585    577   1227   1202  
  510    485    500    505    512    502    505    492    513      0     35     20      8    468    454    487    480    470    452    747    769    756    767    727    723    745      9     33     11     10     40     24    834    799    837    825    824    155    158    150    148    136    145    155    746    754    732    741    763    753    733    750    743    769    693    680    704    693    716    727    713     45     45     88     89     71     30     16     30     31     35     23     33     28     11     31    705    707    713    695    692    688    711    711    712    689    538    531    539    331    351    343    347    592    614    626    605    623    496    453    488    455    459    462    475    485    484    467     66     59     53     76     95     54     40     94     73     65    845    816  
  492    467    483    486    495    485    489    474    496     35      0     22     27    439    426    458    452    441    423    775    797    784    795    755    751    773     38     53     31     43     51     47    808    773    810    798    797    149    152    147    138    135    140    151    780    789    766    776    797    788    768    785    777    803    707    695    717    708    729    741    726     75     79    122    123    101     57     33     61     60     69     54     62     59     44     60    713    717    724    704    700    697    720    721    721    698    569    561    569    327    347    340    344    558    580    592    571    588    521    480    514    480    485    487    501    510    509    492     89     85     73    102    117     84     69    115     95     89    879    850  
  491    466    481    486    494    483    487    473    494     20     22      0     16    461    448    480    474    463    445    767    789    776    787    747    743    765     28     50     24     30     54     42    829    794    832    820    819    139    142    136    131    122    130    141    762    770    748    757    779    769    749    766    758    785    688    676    699    689    711    722    708     53     63    103    103     80     36     12     41     39     51     34     41     38     25     38    697    700    706    688    684    680    704    704    705    682    558    551    559    340    360    353    357    576    598    610    589    607    500    458    493    458    463    466    480    489    487    471     85     78     70     96    114     74     60    113     92     84    862    833  
  507    481    497    501    509    499    502    488    510      8     27     16      0    461    447    480    474    464    445    752    774    762    772    732    729    751     13     35     10     16     40     26    828    793    831    819    818    153    156    149    146    135    144    154    753    762    739    749    770    761    741    758    750    776    696    684    707    697    719    730    717     52     52     95     97     77     35     16     37     37     43     29     39     34     18     37    707    709    716    697    694    690    713    714    715    691    544    537    545    329    349    341    345    585    607    619    598    615    502    459    494    460    465    467    481    491    489    473     70     63     55     81     99     59     45     97     77     69    852    823  
  683    674    690    674    710    693    706    674    704    468    439    461    461      0     21     19     16     19     17   1019   1036   1033   1041   1002    997   1016    465    459    458    471    445    461    374    337    373    363    362    533    535    540    514    538    530    540   1171   1179   1156   1166   1188   1180   1161   1172   1171   1196   1110   1101   1117   1116   1128   1146   1126    512    505    547    553    538    495    471    497    497    501    490    499    495    479    497   1088   1100   1111   1085   1076   1078   1101   1103   1097   1081    877    857    862    346    352    361    363    330    339    368    342    344    959    918    953    917    923    926    939    948    945    930    470    479    460    485    477    489    477    473    470    473   1242   1212  
  685    675    691    675    710    694    707    675    705    454    426    448    447     21      0     36     28     37     19    999   1016   1013   1021    982    976    996    451    444    444    457    430    446    384    348    385    374    373    524    525    530    504    527    520    531   1153   1161   1137   1148   1170   1161   1143   1153   1153   1178   1102   1093   1109   1108   1120   1138   1118    498    490    532    538    524    481    458    483    484    486    476    486    481    465    484   1082   1094   1104   1078   1070   1072   1094   1097   1091   1074    857    838    842    326    332    341    343    346    356    385    358    360    946    905    940    905    910    913    927    936    933    917    454    463    445    469    460    474    461    457    454    457   1223   1192  
  697    688    703    687    723    706    720    687    718    487    458    480    480     19     36      0     11     26     36   1033   1050   1046   1054   1015   1010   1030    484    477    477    490    464    479    355    318    354    344    343    551    553    558    532    556    548    559   1189   1197   1173   1184   1206   1197   1179   1189   1188   1214   1128   1119   1134   1134   1146   1164   1143    531    524    566    572    557    514    490    516    516    520    509    518    514    497    516   1106   1118   1129   1102   1094   1096   1118   1121   1114   1098    893    873    877    359    364    373    376    330    338    368    341    342    978    937    971    936    942    944    958    967    964    949    488    497    479    504    495    508    495    492    489    491   1259   1228  
  699    690    705    689    725    708    722    689    720    480    452    474    474     16     28     11      0     30     32   1022   1039   1036   1044   1005   1000   1019    478    471    471    484    457    473    359    323    359    348    347    548    549    554    528    552    544    555   1180   1188   1165   1175   1197   1189   1170   1180   1180   1205   1125   1116   1132   1131   1143   1161   1141    525    517    559    565    551    508    484    510    510    513    503    512    508    491    510   1104   1116   1127   1100   1092   1094   1116   1119   1113   1096    883    863    868    349    354    363    365    339    347    377    350    351    973    932    966    931    937    939    953    962    959    943    481    490    472    496    488    501    489    484    482    484   1249   1219  
  671    662    678    661    698    681    694    662    692    470    441    463    464     19     37     26     30      0     24   1033   1051   1047   1055   1016   1011   1031    468    462    461    474    449    464    377    339    374    365    364    530    532    537    511    536    527    538   1179   1187   1164   1174   1197   1188   1169   1180   1179   1204   1106   1097   1112   1112   1123   1142   1121    514    508    551    556    540    497    473    500    499    504    492    502    497    481    500   1082   1094   1106   1079   1070   1072   1095   1097   1091   1075    889    869    874    361    368    376    379    311    321    350    323    325    960    919    953    917    924    926    940    949    946    930    475    483    465    491    483    493    481    479    476    477   1252   1222  
  670    660    676    660    696    679    692    660    691    452    423    445    445     17     19     36     32     24      0   1010   1027   1024   1032    993    987   1007    449    443    442    455    429    445    390    353    389    379    378    517    518    523    497    521    513    524   1157   1165   1142   1152   1175   1166   1147   1158   1157   1182   1094   1085   1100   1100   1111   1130   1109    496    489    531    537    522    479    455    481    481    485    474    483    479    463    481   1072   1084   1095   1068   1060   1062   1085   1087   1081   1065    865    846    851    337    345    353    356    328    338    367    340    343    943    902    936    901    907    909    923    932    929    913    455    463    445    470    462    473    461    458    455    457   1229   1199  
 1237   1209   1222   1234   1229   1223   1222   1218   1233    747    775    767    752   1019    999   1033   1022   1033   1010      0     23     16     22     21     24      4    740    722    746    738    727    729   1260   1242   1283   1260   1259    872    874    862    876    846    863    868    470    472    460    468    480    479    477    455    482    490   1121   1102   1142   1104   1152   1138   1149    738    710    683    692    726    747    759    737    744    724    741    740    740    744    744   1205   1188   1182   1187   1195   1180   1198   1193   1209   1178    232    226    217    674    670    660    658   1280   1299   1319   1294   1306    809    769    789    802    780    787    791    800    817    799    687    691    704    673    660    694    708    663    681    687    403    383  
 1259   1231   1245   1256   1252   1246   1245   1240   1255    769    797    789    774   1036   1016   1050   1039   1051   1027     23      0     24     16     43     46     24    762    744    768    759    749    751   1272   1256   1296   1273   1273    895    897    885    898    868    886    890    484    486    473    482    493    492    491    468    496    502   1143   1124   1163   1126   1174   1159   1170    760    732    706    714    749    769    781    759    766    746    763    763    763    766    766   1227   1210   1203   1209   1217   1202   1220   1215   1231   1200    255    249    240    691    686    677    675   1300   1318   1339   1313   1326    831    791    810    824    801    809    813    822    839    821    709    712    725    695    682    716    730    684    703    709    410    392  
 1244   1216   1229   1241   1236   1230   1229   1225   1239    756    784    776    762   1033   1013   1046   1036   1047   1024     16     24      0     12     32     37     20    749    732    755    747    737    738   1275   1258   1298   1276   1275    880    882    870    884    853    871    875    461    463    450    459    470    470    468    445    473    480   1120   1101   1141   1103   1152   1137   1148    746    718    691    700    734    756    768    745    753    732    749    749    749    753    753   1206   1188   1182   1187   1195   1180   1198   1194   1210   1178    237    232    223    688    684    674    672   1292   1311   1331   1306   1319    809    769    788    802    780    787    791    800    817    799    697    700    713    683    670    703    717    673    691    697    390    371  
 1255   1227   1240   1252   1248   1242   1240   1236   1251    767    795    787    772   1041   1021   1054   1044   1055   1032     22     16     12      0     41     46     25    760    743    766    758    747    749   1281   1264   1304   1282   1281    891    893    881    895    865    882    887    469    470    458    467    478    477    476    453    481    487   1132   1113   1152   1115   1163   1148   1160    757    729    703    711    745    767    779    757    764    743    760    760    760    764    764   1217   1200   1193   1199   1207   1192   1210   1205   1222   1190    248    244    235    696    692    682    680   1302   1321   1341   1316   1328    820    780    800    814    791    799    802    811    828    810    708    711    724    694    681    714    728    683    702    707    395    376  
 1216   1189   1202   1213   1209   1203   1202   1197   1212    727    755    747    732   1002    982   1015   1005   1016    993     21     43     32     41      0      7     20    720    702    726    717    707    709   1246   1228   1269   1246   1245    852    854    842    856    825    843    848    462    465    451    460    473    471    468    448    474    482   1104   1085   1124   1087   1135   1121   1132    717    689    663    672    706    727    739    717    724    704    720    720    720    724    724   1187   1170   1164   1169   1177   1162   1180   1176   1192   1160    213    207    197    657    653    643    641   1261   1280   1300   1275   1288    792    751    772    784    762    770    774    783    800    781    667    671    684    653    640    674    688    643    661    667    401    380  
 1214   1186   1199   1210   1207   1200   1199   1195   1210    723    751    743    729    997    976   1010   1000   1011    987     24     46     37     46      7      0     23    716    699    722    714    703    705   1240   1222   1263   1240   1239    849    851    839    852    822    840    844    466    468    455    463    476    475    471    451    478    486   1104   1085   1124   1087   1135   1122   1132    714    686    660    669    703    723    735    713    720    700    717    717    717    720    721   1187   1170   1164   1168   1176   1162   1180   1175   1191   1160    212    204    195    652    648    638    636   1256   1275   1296   1270   1283    792    751    772    784    762    769    774    783    799    781    663    667    680    650    636    670    684    639    657    663    406    385  
 1235   1208   1221   1232   1228   1222   1221   1216   1232    745    773    765    751   1016    996   1030   1019   1031   1007      4     24     20     25     20     23      0    739    721    744    736    725    727   1256   1239   1280   1257   1256    871    873    861    874    844    862    866    473    475    462    470    482    481    479    458    485    492   1122   1103   1142   1105   1153   1139   1149    736    708    682    691    725    745    757    735    742    722    739    739    739    742    743   1205   1188   1182   1187   1195   1180   1198   1194   1210   1178    232    226    216    671    667    657    655   1278   1297   1317   1292   1304    810    769    789    802    780    788    792    801    817    799    686    689    702    672    658    692    706    661    680    685    406    386  
  518    493    508    513    520    510    513    500    521      9     38     28     13    465    451    484    478    468    449    740    762    749    760    720    716    739      0     24      8      6     33     16    830    796    834    821    820    163    166    159    157    144    154    164    744    752    730    739    761    751    732    748    741    767    699    687    711    699    723    733    720     50     43     87     90     74     36     24     34     37     36     27     37     33     17     37    712    714    720    702    699    695    718    718    720    696    532    525    533    323    343    335    339    594    616    629    607    625    500    457    492    459    462    465    479    489    488    471     58     51     44     69     87     47     33     86     65     57    842    812  
  541    516    531    536    543    533    536    523    544     33     53     50     35    459    444    477    471    462    443    722    744    732    743    702    699    721     24      0     26     27     14      9    821    787    826    812    811    187    190    183    180    168    178    187    740    748    725    735    757    747    727    743    737    763    719    706    731    718    743    752    740     67     48     89     95     88     56     48     51     56     47     46     56     51     39     57    733    735    741    723    721    716    739    739    741    717    518    509    517    302    321    313    317    601    623    637    614    632    512    468    503    472    474    478    491    501    501    483     36     33     21     50     65     35     20     64     43     36    834    804  
  515    490    505    510    517    507    511    497    518     11     31     24     10    458    444    477    471    461    442    746    768    755    766    726    722    744      8     26      0     14     31     18    824    789    827    815    814    163    165    159    155    144    153    163    752    760    737    747    769    759    739    756    749    775    704    691    715    704    727    737    724     56     51     94     97     81     41     24     40     42     43     33     43     39     22     42    715    717    723    705    702    698    721    722    723    699    539    531    539    321    340    333    337    587    609    621    600    617    506    463    498    465    469    472    486    495    494    477     61     56     47     73     91     53     39     89     68     61    849    820  
  519    493    508    514    520    510    513    500    521     10     43     30     16    471    457    490    484    474    455    738    759    747    758    717    714    736      6     27     14      0     36     18    836    802    840    827    826    162    165    157    156    142    153    162    739    747    724    734    756    746    726    743    736    762    695    682    706    695    718    728    716     44     38     81     84     69     31     24     28     32     30     22     32     27     13     32    708    710    716    698    695    691    714    714    716    692    529    522    530    327    347    338    343    599    622    634    612    630    494    451    486    453    457    460    473    483    482    465     58     50     45     67     87     44     32     86     65     57    837    808  
  542    517    533    537    545    535    538    524    546     40     51     54     40    445    430    464    457    449    429    727    749    737    747    707    703    725     33     14     31     36      0     19    807    773    812    798    797    193    195    189    185    175    184    194    751    759    736    746    768    759    739    754    749    775    731    718    742    730    754    764    752     79     61    102    109    101     67     55     63     67     61     58     67     63     49     68    744    746    752    734    731    727    750    750    752    728    524    515    523    291    311    303    307    591    613    627    604    621    526    482    517    485    488    491    505    515    515    497     40     41     24     56     68     47     33     65     46     41    844    814  
  532    507    522    527    535    524    528    514    535     24     47     42     26    461    446    479    473    464    445    729    751    738    749    709    705    727     16      9     18     18     19      0    824    790    828    815    814    178    181    174    172    159    169    179    741    750    727    737    758    749    729    745    739    765    712    699    723    711    736    745    733     60     45     88     93     83     48     39     44     49     42     39     49     44     31     49    726    727    733    716    713    708    732    732    733    710    523    515    523    309    329    321    325    598    620    633    612    629    508    464    499    467    470    473    487    497    496    479     44     39     29     56     73     38     23     72     51     44    837    807  
 1015   1012   1026   1005   1046   1029   1044   1009   1040    834    808    829    828    374    384    355    359    377    390   1260   1272   1275   1281   1246   1240   1256    830    821    824    836    807    824      0     40     37     18     18    906    908    913    886    911    903    913   1495   1502   1479   1490   1512   1504   1487   1493   1497   1521   1482   1473   1487   1488   1499   1518   1496    879    868    908    915    904    862    839    863    864    865    856    866    861    845    864   1455   1468   1480   1452   1443   1446   1468   1471   1464   1449   1166   1142   1144    624    619    631    631    542    534    562    545    532   1329   1286   1321   1287   1292   1294   1308   1318   1316   1299    826    837    819    840    828    848    838    825    826    829   1545   1515  
  976    972    987    966   1007    989   1005    970   1000    799    773    794    793    337    348    318    323    339    353   1242   1256   1258   1264   1228   1222   1239    796    787    789    802    773    790     40      0     42     26     25    869    870    876    849    874    866    876   1468   1476   1452   1463   1485   1477   1459   1466   1469   1494   1444   1436   1449   1450   1461   1480   1458    844    834    875    882    870    827    804    829    830    831    822    831    827    810    830   1416   1430   1442   1414   1405   1408   1430   1433   1425   1410   1143   1119   1122    598    595    607    607    504    497    525    508    495   1294   1252   1286   1252   1257   1260   1273   1283   1280   1264    794    804    786    808    796    815    804    793    793    797   1521   1491  
 1000    997   1011    990   1032   1014   1030    994   1025    837    810    832    831    373    385    354    359    374    389   1283   1296   1298   1304   1269   1263   1280    834    826    827    840    812    828     37     42      0     26     27    904    905    911    884    909    901    911   1509   1517   1493   1504   1526   1518   1501   1508   1510   1535   1477   1469   1482   1484   1493   1513   1491    882    872    913    920    908    865    842    867    867    869    859    869    865    848    868   1447   1461   1473   1445   1435   1439   1461   1464   1456   1442   1184   1161   1163    640    636    648    649    518    509    536    521    507   1331   1289   1324   1289   1295   1297   1311   1320   1317   1302    833    843    825    847    836    854    843    832    832    836   1563   1532  
 1000    997   1011    990   1031   1014   1029    994   1025    825    798    820    819    363    374    344    348    365    379   1260   1273   1276   1282   1246   1240   1257    821    812    815    827    798    815     18     26     26      0      2    895    896    901    875    900    892    902   1491   1498   1475   1486   1508   1500   1482   1489   1492   1516   1469   1461   1475   1476   1486   1505   1484    870    859    900    907    895    853    830    854    855    856    847    857    852    836    855   1442   1456   1467   1440   1430   1433   1455   1458   1451   1436   1164   1140   1143    620    616    628    628    525    517    545    528    515   1319   1277   1312   1277   1282   1285   1299   1308   1306   1290    819    829    811    833    821    840    829    817    818    821   1542   1512  
  999    996   1010    989   1031   1013   1028    993   1024    824    797    819    818    362    373    343    347    364    378   1259   1273   1275   1281   1245   1239   1256    820    811    814    826    797    814     18     25     27      2      0    894    895    900    874    899    891    901   1490   1497   1474   1485   1507   1499   1481   1488   1491   1515   1469   1460   1474   1475   1485   1505   1483    869    858    899    906    894    852    829    853    854    855    846    856    851    835    854   1441   1455   1467   1439   1429   1432   1455   1457   1450   1435   1163   1139   1142    619    615    627    627    524    517    544    528    514   1318   1276   1311   1276   1281   1284   1298   1307   1305   1289    818    828    810    832    820    839    828    816    817    820   1541   1511  
  367    340    354    363    364    356    357    348    366    155    149    139    153    533    524    551    548    530    517    872    895    880    891    852    849    871    163    187    163    162    193    178    906    869    904    895    894      0      3     12     20     27     10      9    798    807    786    794    814    804    784    806    793    819    581    571    589    585    601    616    598    141    174    190    181    147    139    140    148    141    161    148    143    145    151    140    574    581    589    567    562    560    583    585    582    562    651    649    658    475    495    488    493    566    589    594    578    598    447    414    445    404    417    417    430    438    431    418    219    209    207    225    247    199    191    246    226    217    915    888  
  364    337    352    361    361    353    354    346    363    158    152    142    156    535    525    553    549    532    518    874    897    882    893    854    851    873    166    190    165    165    195    181    908    870    905    896    895      3      0     14     22     29     13      9    800    808    787    795    815    805    785    807    794    820    579    569    587    583    599    614    596    144    177    193    183    150    141    142    151    143    163    151    146    148    153    143    572    579    587    565    559    558    581    582    580    560    653    651    660    477    498    491    495    566    589    594    578    598    446    414    444    404    416    417    430    437    430    418    222    212    210    228    250    202    194    249    228    220    917    889  
  376    349    363    372    372    365    365    357    375    150    147    136    149    540    530    558    554    537    523    862    885    870    881    842    839    861    159    183    159    157    189    174    913    876    911    901    900     12     14      0     30     17     10      6    787    795    774    782    802    792    772    794    781    807    576    566    584    580    596    611    594    134    167    181    171    138    132    135    142    134    154    142    137    139    145    134    572    578    586    564    559    557    580    582    580    559    641    639    648    473    494    487    491    577    600    605    589    609    437    404    435    394    406    407    420    428    421    408    213    203    202    219    241    193    185    241    220    212    904    876  
  366    340    355    362    366    356    358    348    367    148    138    131    146    514    504    532    528    511    497    876    898    884    895    856    852    874    157    180    155    156    185    172    886    849    884    875    874     20     22     30      0     39     21     28    812    820    799    807    828    818    798    819    806    832    599    590    607    604    619    635    617    141    172    193    184    150    135    133    146    138    158    144    141    142    146    137    591    598    607    584    579    577    601    602    600    579    657    654    663    462    482    476    480    548    571    577    560    580    466    433    464    424    436    436    450    457    450    438    214    205    200    221    242    196    186    241    220    212    927    899  
  393    366    380    389    389    381    382    374    391    136    135    122    135    538    527    556    552    536    521    846    868    853    865    825    822    844    144    168    144    142    175    159    911    874    909    900    899     27     29     17     39      0     20     23    774    782    761    769    790    780    760    781    768    794    581    571    590    585    602    617    600    117    151    164    155    121    117    121    126    118    138    126    121    123    130    118    581    586    594    573    568    565    589    590    589    567    624    622    632    461    481    474    479    585    608    614    597    617    433    399    430    391    402    402    416    424    418    404    198    188    187    203    225    177    170    225    205    196    890    862  
  376    349    363    372    374    365    366    357    375    145    140    130    144    530    520    548    544    527    513    863    886    871    882    843    840    862    154    178    153    153    184    169    903    866    901    892    891     10     13     10     21     20      0     12    793    801    780    788    808    799    778    800    787    813    585    575    594    590    606    621    603    132    164    181    172    138    129    130    139    131    151    138    134    136    141    131    581    587    595    573    568    566    589    591    589    568    643    640    649    467    487    480    484    569    592    597    580    600    446    413    444    404    416    416    430    437    430    418    209    200    197    216    237    190    182    237    216    208    909    881  
  370    343    357    367    367    359    360    352    369    155    151    141    154    540    531    559    555    538    524    868    890    875    887    848    844    866    164    187    163    162    194    179    913    876    911    902    901      9      9      6     28     23     12      0    791    799    778    786    807    797    776    798    785    811    574    564    583    579    594    610    592    139    172    187    177    144    138    140    147    139    159    147    142    144    151    139    569    575    584    562    556    555    578    579    577    557    646    644    654    478    498    491    495    575    598    603    586    607    438    406    437    396    408    409    422    429    422    410    219    209    207    224    246    198    191    246    225    217    908    881  
 1107   1079   1087   1108   1087   1087   1079   1089   1093    746    780    762    753   1171   1153   1189   1180   1179   1157    470    484    461    469    462    466    473    744    740    752    739    751    741   1495   1468   1509   1491   1490    798    800    787    812    774    793    791      0      9     16      5     18     10     17     18     15     26    780    761    802    758    810    786    807    712    702    659    660    689    729    751    721    725    712    728    722    725    737    726    890    864    852    869    882    864    876    869    891    860    367    396    399    873    880    867    868   1337   1359   1371   1350   1368    500    483    483    517    491    497    493    497    516    507    717    711    730    700    702    705    720    706    714    714    152    139  
 1115   1087   1095   1116   1094   1095   1087   1097   1101    754    789    770    762   1179   1161   1197   1188   1187   1165    472    486    463    470    465    468    475    752    748    760    747    759    750   1502   1476   1517   1498   1497    807    808    795    820    782    801    799      9      0     24     13     10      8     24     18     19     20    786    767    807    763    815    791    812    720    710    667    668    697    737    759    730    734    720    737    730    733    746    734    895    870    857    875    888    869    882    875    897    866    372    402    404    880    887    875    875   1345   1368   1379   1358   1376    507    491    490    524    498    504    500    504    523    514    725    719    738    708    710    713    728    714    722    723    146    135  
 1097   1068   1077   1097   1076   1077   1069   1079   1082    732    766    748    739   1156   1137   1173   1165   1164   1142    460    473    450    458    451    455    462    730    725    737    724    736    727   1479   1452   1493   1475   1474    786    787    774    799    761    780    778     16     24      0     12     34     26     18     22     24     42    777    759    799    755    807    784    804    698    687    645    645    675    715    737    707    711    698    714    708    711    723    711    886    860    849    865    878    860    872    866    887    856    351    381    384    857    864    851    852   1323   1345   1357   1336   1354    494    476    477    510    484    490    486    491    510    500    702    696    715    685    687    690    705    691    699    700    155    140  
