172

    0    969   1009   1083    953    981   1009    977    971    742    748    746    779    759    783    743    770    789    710    792    710    828    754    810    795    757    822    762    766    773    769    744    741    831    758    771    791    717    825    786    746    799    750    344    426    411    377    383    403    408    334    408    389    363    405    383    402    377    409    386    424    444    418    402    401    453    438    445    248    211    292    182    274    179    289    251    280    228    281    255    256    248    261    251    286    295    263    311    280    211    227    592    663   1015   1033    980   1110   1034   1045   1040   1006   1033   1037   1017    994   1055   1073   1035   1005   1034   1032   1069   1012   1047   1050   1062   1007    975   1030   1044    985   1100   1045   1021   1066   1037   1037   1125   1086   1116   1067   1155   1056   1077   1124   1123   1143   1073   1034    609    554    568    610    527    576    559    531    629    520    586    506    582    633    614    584    522    275    260    248    219    215    266    274    219    280    234    225    243    204    221    243    222  
  969      0     41    117     52     33     65     57     22    233    255    225    205    214    214    250    215    181    264    196    270    189    236    165    222    222    208    221    234    209    213    270    243    144    235    203    190    280    158    200    276    178    257    980    999   1058    970   1014   1018    997   1037   1050   1065   1004   1091   1078   1031    951   1035   1075   1049   1083   1033   1028    977   1019   1028    972   1003    986   1123   1018   1103   1042   1068   1061   1122   1007   1107   1065   1070   1112   1046   1068   1087   1132   1045   1125   1074   1019   1072    602    547    263    280    314    329    286    319    307    259    301    272    299    278    291    307    288    241    287    303    272    259    315    323    367    269    255    274    260    329    335    273    268    251    295    290   1022    892    935    888   1005    929    927    958    964    991    912    910    470    479    445    502    505    480    513    553    443    512    524    535    481    430    439    463    541    824    843    849    859    857    786    778    875    897    853    856    863    919    911    846    860  
 1009     41      0     76     81     49     45     60     48    273    295    265    245    254    253    289    255    221    304    236    311    225    276    205    259    262    244    261    274    249    253    309    283    184    275    243    230    320    198    240    315    218    296   1019   1038   1097   1010   1053   1057   1036   1077   1089   1104   1044   1131   1118   1070    990   1075   1114   1088   1122   1072   1067   1016   1058   1067   1010   1043   1026   1163   1058   1143   1082   1108   1101   1162   1047   1147   1105   1110   1152   1086   1109   1128   1173   1085   1165   1114   1059   1112    630    573    272    287    329    328    293    326    314    270    309    278    309    291    296    310    295    251    294    311    273    269    322    329    374    280    270    282    265    343    336    278    277    251    302    297   1044    913    956    909   1025    952    949    978    985   1012    933    933    501    514    480    532    539    513    545    586    474    547    554    569    513    461    471    496    575    860    880    886    896    894    823    814    912    932    890    893    899    956    947    882    897  
 1083    117     76      0    151    117     80    112    122    349    369    340    321    330    328    365    331    296    379    311    386    298    351    281    333    338    315    337    348    324    329    383    359    260    350    319    306    395    273    315    388    294    370   1095   1112   1172   1085   1128   1132   1111   1153   1164   1180   1119   1206   1193   1145   1065   1150   1189   1163   1197   1147   1142   1091   1133   1142   1085   1119   1102   1239   1134   1219   1158   1184   1177   1238   1123   1223   1181   1186   1228   1162   1184   1203   1248   1160   1241   1190   1135   1188    685    624    305    316    370    341    322    354    342    305    338    306    343    329    320    330    324    287    324    341    292    303    349    356    401    315    312    311    291    383    352    304    308    269    331    326   1091    957    999    955   1069   1000    995   1022   1029   1056    979    982    561    579    548    590    605    576    607    648    534    613    614    635    575    522    534    560    639    929    948    955    966    964    892    884    982   1000    959    963    968   1025   1017    952    967  
  953     52     81    151      0     34    115    108     34    211    221    209    177    194    181    219    187    169    243    166    245    148    206    144    183    197    165    194    201    182    186    234    216    122    204    183    164    249    130    171    239    155    222    947    963   1023    936    980    983    962   1006   1016   1031    971   1058   1045    996    917   1001   1041   1014   1048    998    994    942    983    992    935    975    959   1095    993   1076   1018   1039   1033   1094    980   1079   1038   1043   1086   1018   1041   1059   1105   1016   1096   1046    992   1046    617    568    216    234    264    290    240    274    261    212    255    227    252    230    248    265    242    194    242    257    232    213    270    278    321    222    206    229    217    279    295    230    222    212    250    245    971    841    884    836    954    878    875    906    913    940    860    858    481    483    447    515    507    488    521    560    454    515    536    538    489    442    448    470    547    821    840    845    853    850    781    773    870    895    847    850    858    913    905    841    855  
  981     33     49    117     34      0     88     88     14    240    254    236    208    222    213    251    218    194    272    198    276    181    238    172    216    227    199    225    233    213    217    267    247    150    236    211    194    281    161    202    272    184    255    980    996   1056    969   1013   1016    995   1039   1049   1064   1004   1091   1078   1030    950   1034   1074   1047   1081   1031   1027    975   1016   1026    968   1007    991   1127   1024   1107   1048   1071   1065   1126   1011   1111   1069   1075   1118   1050   1073   1091   1136   1048   1128   1077   1024   1077    629    576    232    248    285    297    254    288    275    228    269    240    268    248    259    275    256    210    256    272    239    228    284    291    336    239    226    243    228    300    303    241    237    218    264    259    997    867    910    863    979    905    902    932    939    966    887    886    495    502    466    528    526    504    537    577    468    534    550    557    505    456    464    487    564    843    862    868    877    874    804    796    893    916    871    874    881    936    929    864    878  
 1009     65     45     80    115     88      0     33     82    284    314    272    261    263    273    306    271    227    312    253    323    251    292    218    283    275    271    276    293    263    268    330    297    198    292    254    245    337    216    256    337    231    316   1034   1056   1114   1026   1069   1074   1054   1091   1106   1120   1059   1147   1133   1087   1007   1092   1129   1106   1140   1089   1084   1033   1077   1085   1030   1054   1035   1173   1066   1153   1089   1120   1111   1171   1057   1157   1115   1120   1161   1097   1118   1138   1183   1095   1176   1125   1068   1121    607    546    316    331    372    372    337    370    358    313    353    322    353    334    340    354    339    295    339    355    317    313    366    374    418    323    313    326    309    386    380    322    321    295    347    341   1084    954    997    950   1066    992    989   1019   1026   1053    974    973    481    500    469    510    526    496    528    568    454    534    534    556    496    443    454    480    559    850    870    876    888    886    814    806    904    920    881    884    890    947    938    873    889  
  977     57     60    112    108     88     33      0     78    256    290    242    236    235    249    280    245    197    283    229    295    232    266    191    262    248    252    250    269    237    242    306    270    172    267    226    219    311    192    231    314    205    292   1006   1029   1087    999   1042   1047   1027   1063   1079   1092   1031   1119   1105   1060    980   1064   1102   1079   1113   1063   1057   1006   1051   1059   1004   1024   1005   1143   1036   1123   1059   1090   1081   1141   1027   1128   1085   1091   1130   1067   1088   1109   1153   1066   1147   1096   1038   1090    576    517    319    336    371    382    342    375    363    316    357    327    356    335    347    362    344    297    343    360    326    316    371    379    423    326    312    330    316    385    389    329    325    304    351    346   1077    948    991    943   1061    984    982   1013   1020   1047    967    964    450    467    436    479    494    464    496    536    423    501    503    523    464    411    422    448    527    817    837    844    855    853    782    773    871    888    848    852    857    915    906    841    856  
  971     22     48    122     34     14     82     78      0    231    248    226    201    213    207    244    211    183    263    190    268    178    231    163    212    219    196    217    227    205    209    262    239    141    229    202    186    274    153    195    267    175    249    974    991   1051    964   1007   1011    990   1032   1043   1059    998   1085   1072   1024    944   1028   1068   1042   1076   1026   1021    969   1012   1021    964    999    983   1119   1016   1100   1040   1064   1057   1118   1004   1104   1062   1067   1110   1042   1065   1084   1129   1041   1121   1070   1016   1069    616    563    241    258    293    309    265    298    285    238    279    250    278    257    270    286    266    220    266    282    251    238    294    302    346    248    234    253    239    308    315    252    247    230    274    269   1003    873    916    868    985    910    907    938    945    972    892    891    482    489    454    515    514    491    524    564    455    521    536    544    492    442    450    474    551    831    850    856    865    863    792    784    881    904    859    862    869    925    917    852    866  
  742    233    273    349    211    240    284    256    231      0     67     28     43     22     62     46     37     63     33     56     40    106     39     69     90     19    114     30     61     35     33     86     25     91     47     31     50     67     83     49     97     57     71    751    775    831    743    787    792    772    808    824    837    776    864    849    805    725    809    846    824    858    808    802    751    797    805    750    771    753    891    786    871    810    837    828    889    774    875    833    838    880    814    836    855    900    812    893    842    786    839    473    444    324    345    326    422    349    374    363    316    355    344    344    316    367    386    351    306    349    357    368    320    373    379    411    321    290    341    344    339    418    351    331    357    356    353    919    802    846    793    913    824    828    866    871    899    814    802    331    311    270    370    330    326    357    393    309    336    384    359    330    296    295    307    375    623    641    646    651    648    581    573    668    699    647    649    659    711    705    641    653  
  748    255    295    369    221    254    314    290    248     67      0     94     57     81     42     22     49    118     79     62     57     81     30    103     47     57     75     48     21     59     54     20     43    119     25     81     73     32     99     60     31     90      5    726    744    803    716    759    763    742    785    796    811    750    837    824    776    697    781    821    794    828    778    774    722    765    773    717    755    740    875    776    856    801    819    814    875    760    860    818    823    868    798    822    839    885    796    876    826    774    828    529    505    285    305    276    383    308    329    320    276    312    306    299    272    327    347    309    269    308    313    333    280    329    334    362    279    247    301    308    287    378    314    291    326    314    312    853    736    780    727    847    758    762    800    805    832    748    736    388    361    320    428    377    379    410    444    368    382    439    404    384    355    352    361    424    653    670    673    676    672    608    600    693    729    673    674    686    734    730    668    678  
  746    225    265    340    209    236    272    242    226     28     94      0     59     20     83     73     57     46     42     70     61    122     66     66    113     40    134     52     86     51     52    113     52     87     73     31     59     93     87     64    124     58     98    766    792    847    760    802    808    789    822    840    852    791    879    864    821    741    826    861    840    875    824    818    768    815    822    768    783    764    902    795    882    818    849    839    900    785    886    844    849    889    825    847    867    911    824    905    854    796    849    453    422    340    361    346    436    365    391    380    331    372    359    361    334    382    401    367    321    365    374    381    335    390    396    429    337    307    356    358    359    434    366    346    369    372    369    946    829    873    820    940    851    855    893    898    926    841    829    312    296    256    350    316    308    340    378    289    322    365    345    312    275    275    290    360    617    635    640    647    644    575    567    664    692    642    644    653    706    700    636    648  
  779    205    245    321    177    208    261    236    201     43     57     59      0     40     27     45     10     66     74     13     70     64     31     47     56     25     75     17     38      9     11     76     39     64     33     33     17     76     48      7     85     33     60    775    795    853    766    809    814    793    833    846    860    799    887    873    827    747    831    870    845    879    829    824    772    816    825    769    799    783    919    817    900    841    864    857    918    804    904    862    867    910    842    865    883    929    841    921    870    816    870    512    481    282    304    287    380    307    333    322    274    314    302    303    275    325    344    309    264    308    315    325    278    332    338    371    279    248    299    302    300    377    309    289    314    314    311    902    782    826    774    894    807    809    847    852    879    796    785    370    352    312    409    372    366    398    435    348    378    424    401    370    334    334    348    417    665    683    687    692    689    622    614    709    741    688    690    700    752    746    682    694  
  759    214    254    330    194    222    263    235    213     22     81     20     40      0     65     62     40     42     50     51     61    103     52     51     95     25    115     35     70     32     34    101     43     72     58     12     39     87     69     45    112     41     86    772    796    853    765    808    813    793    828    845    858    797    885    870    826    746    831    867    845    879    829    823    773    819    826    771    791    773    911    805    891    829    857    848    909    794    895    853    858    899    834    856    876    920    833    913    862    806    859    473    441    320    341    327    417    345    371    360    312    353    340    342    314    362    382    347    301    346    354    361    316    370    377    410    317    287    336    338    340    414    346    327    349    352    349    934    816    860    807    927    839    842    880    885    913    829    817    331    315    275    370    335    328    360    397    308    341    385    365    331    295    295    309    379    635    653    657    664    661    593    585    681    710    659    661    671    723    717    653    666  
  783    214    253    328    181    213    273    249    207     62     42     83     27     65      0     41     26     91     88     24     77     48     31     67     30     45     53     33     21     34     32     57     48     80     26     59     39     69     58     25     66     55     43    767    785    844    757    801    804    784    826    837    852    791    879    865    818    738    822    862    836    869    819    815    763    806    815    758    795    780    915    815    896    840    859    854    915    800    900    858    863    907    838    862    879    925    836    917    866    813    867    534    505    264    285    265    362    288    313    302    255    295    285    283    255    307    326    290    247    289    296    309    260    312    318    349    260    229    281    285    277    358    292    271    300    295    293    877    756    800    748    868    782    784    821    826    854    770    760    393    372    331    431    390    387    419    455    371    396    445    419    391    357    356    369    436    678    695    699    703    700    634    626    720    754    699    701    712    762    757    694    705  
  743    250    289    365    219    251    306    280    244     46     22     73     45     62     41      0     36    100     59     54     40     87     14     91     59     38     87     32     25     44     39     41     21    109     16     64     61     31     92     50     52     77     27    731    751    809    721    765    769    748    789    801    816    755    842    829    782    702    787    826    800    834    784    779    728    772    780    724    757    741    877    775    857    800    821    815    876    761    861    819    824    868    799    823    841    886    798    878    827    774    828    509    484    299    320    293    398    323    345    335    290    328    320    315    288    342    361    324    283    323    328    346    295    345    350    379    294    262    315    321    305    393    327    306    338    329    327    874    757    801    748    868    778    782    821    826    853    769    757    368    342    301    407    359    360    391    425    348    364    420    387    364    335    332    342    405    640    657    661    664    661    595    588    682    716    661    662    674    723    718    656    666  
  770    215    255    331    187    218    271    245    211     37     49     57     10     40     26     36      0     70     66     22     60     69     22     56     56     19     78      9     33     11      7     68     30     74     24     35     26     66     58     17     79     42     52    765    785    844    756    799    804    783    823    836    850    789    877    863    817    737    821    860    835    869    819    814    763    807    815    759    789    773    909    807    890    831    854    847    909    794    894    852    857    900    832    855    874    919    831    911    860    806    860    509    479    288    309    290    385    312    337    327    279    319    308    307    280    330    350    314    270    313    320    332    283    336    342    374    284    253    304    308    303    382    315    294    321    319    317    897    778    822    770    890    802    805    843    848    876    792    781    367    347    307    406    366    362    394    430    345    372    420    395    366    332    331    344    412    658    675    679    684    681    614    607    701    734    680    682    692    744    738    675    686  
  789    181    221    296    169    194    227    197    183     63    118     46     66     42     91    100     70      0     87     69    102    115     88     37    119     62    132     70    103     60     65    138     83     52     93     37     53    127     64     66    148     40    122    811    836    892    804    847    853    833    867    884    897    836    924    909    865    785    870    906    885    919    869    863    812    859    866    812    828    809    947    840    927    863    894    885    945    831    931    889    894    935    871    892    912    957    869    950    899    841    895    470    432    322    343    337    416    347    376    364    314    357    340    347    320    363    382    349    301    348    358    358    317    374    381    417    321    292    338    337    351    415    346    329    344    355    352    967    847    891    839    959    872    875    911    917    944    861    850    329    321    283    366    344    330    363    402    304    350    384    374    333    291    294    312    386    653    671    677    684    682    612    604    701    727    679    682    690    744    737    673    686  
  710    264    304    379    243    272    312    283    263     33     79     42     74     50     88     59     66     87      0     87     26    135     60    100    114     49    140     58     81     66     63     94     42    122     67     61     82     65    116     80    105     89     83    724    750    806    718    760    766    747    780    798    811    749    837    823    779    699    784    820    798    833    782    776    726    773    780    726    742    724    861    755    841    779    808    799    860    745    845    803    808    850    785    806    826    871    783    864    813    756    809    451    427    352    373    350    450    376    400    390    343    382    373    370    343    395    414    378    334    377    383    397    348    400    405    436    348    316    368    373    362    446    380    359    387    383    380    920    806    850    796    916    825    830    870    874    902    817    803    310    285    244    349    303    302    333    368    290    308    362    331    306    277    273    284    349    592    610    614    619    616    549    541    636    668    615    617    627    679    673    609    621  
  792    196    236    311    166    198    253    229    190     56     62     70     13     51     24     54     22     69     87      0     82     53     41     44     50     38     65     30     41     22     24     79     52     58     40     42     17     85     38      7     88     32     64    784    804    862    775    818    822    802    842    854    869    808    896    882    835    755    840    879    854    887    837    832    781    825    833    777    810    794    930    828    910    852    874    868    929    814    914    872    878    921    853    876    894    940    851    931    880    827    880    523    491    270    291    277    367    295    321    310    262    302    290    291    264    313    332    297    252    296    304    313    266    320    326    360    267    237    287    289    290    364    297    277    302    302    300    899    779    823    770    890    804    807    843    849    876    793    783    381    364    324    420    384    378    410    447    359    390    435    413    381    345    345    360    429    678    696    700    705    702    635    627    722    754    701    703    713    764    759    695    707  
  710    270    311    386    245    276    323    295    268     40     57     61     70     61     77     40     60    102     26     82      0    124     46    106     98     49    125     53     64     64     60     70     31    127     52     69     82     39    116     76     81     93     61    712    736    792    704    747    753    733    769    784    798    737    825    810    766    685    770    807    785    819    768    763    712    758    765    711    733    716    853    749    833    773    798    791    852    737    837    795    800    843    776    798    817    862    775    855    804    749    802    472    450    338    359    332    436    362    384    374    329    367    359    354    327    381    400    363    321    362    368    385    333    384    389    418    333    301    354    360    343    432    366    345    376    368    366    894    780    824    770    890    799    804    844    849    876    791    777    332    304    263    371    320    322    353    387    312    326    383    348    327    300    296    304    367    602    619    623    627    624    558    550    644    678    623    625    636    686    681    618    629  
  828    189    225    298    148    181    251    232    178    106     81    122     64    103     48     87     69    115    135     53    124      0     78     81     36     88     22     77     63     73     74     89     95     81     72     94     66    111     57     59     92     75     80    802    816    877    790    834    837    815    861    869    886    825    912    899    850    771    854    896    867    901    851    847    795    836    845    788    834    820    954    856    935    881    897    892    954    839    938    897    902    947    876    901    917    964    875    954    904    853    907    575    542    219    240    225    316    243    269    258    210    250    239    239    212    261    281    245    201    244    252    263    214    268    274    308    216    185    235    239    238    313    246    226    253    250    248    867    743    787    736    856    772    773    808    814    841    759    751    433    416    376    472    435    430    462    498    411    441    487    464    433    397    397    412    480    725    742    746    750    747    681    673    767    801    747    748    759    809    804    741    752  
  754    236    276    351    206    238    292    266    231     39     30     66     31     52     31     14     22     88     60     41     46     78      0     77     54     28     81     19     22     31     26     50     19     95      8     52     48     45     78     37     61     63     34    744    764    823    735    778    783    762    802    815    830    769    856    843    796    716    800    839    814    848    798    793    742    786    794    738    770    754    890    788    870    813    834    828    889    774    874    832    837    881    813    836    854    899    811    891    840    787    840    509    482    294    314    291    392    318    341    331    285    323    314    311    283    336    356    319    276    318    324    340    289    340    346    376    289    257    310    315    303    388    321    300    330    324    322    882    765    809    756    876    787    791    829    834    862    777    766    368    344    304    407    362    361    392    427    347    368    420    390    365    333    331    343    408    647    665    668    672    669    603    596    690    724    669    670    681    731    726    663    674  
  810    165    205    281    144    172    218    191    163     69    103     66     47     51     67     91     56     37    100     44    106     81     77      0     91     58     99     60     84     47     52    122     80     22     79     39     31    121     27     44    131     15    106    817    839    897    809    852    857    837    874    889    903    842    930    916    870    790    875    912    889    923    873    867    816    861    869    813    839    822    959    854    939    878    904    896    957    843    943    901    906    948    882    904    923    968    880    961    910    854    908    506    468    285    306    301    379    311    339    328    277    320    304    310    283    326    346    313    265    312    322    322    281    337    344    381    284    256    301    301    315    378    309    292    309    319    315    941    819    863    812    932    846    848    884    890    917    834    825    365    356    317    403    377    365    398    436    341    384    420    407    368    327    330    347    420    682    701    705    712    710    641    633    729    757    707    710    719    772    765    701    714  
  795    222    259    333    183    216    283    262    212     90     47    113     56     95     30     59     56    119    114     50     98     36     54     91      0     73     29     62     34     63     61     53     72    100     47     88     66     78     75     53     57     81     46    766    781    842    755    798    801    780    826    834    850    789    876    864    815    735    819    860    832    866    816    812    760    801    810    753    798    784    918    820    899    845    861    857    918    804    903    861    867    912    841    865    881    928    839    919    868    817    871    562    534    241    261    237    339    264    287    277    232    270    262    257    230    283    303    266    224    265    271    288    236    287    293    323    236    204    257    263    249    334    269    247    280    271    268    850    729    773    721    841    756    758    794    800    827    744    734    421    398    357    460    416    414    446    481    399    421    473    444    418    386    384    396    462    698    715    718    722    718    653    646    739    774    718    720    731    780    776    713    724  
  757    222    262    338    197    227    275    248    219     19     57     40     25     25     45     38     19     62     49     38     49     88     28     58     73      0     96     12     46     17     15     77     22     79     34     26     34     66     68     31     88     45     62    759    782    839    751    794    799    779    816    831    845    784    872    858    812    732    817    854    831    865    815    809    758    803    811    756    781    764    901    797    882    822    847    839    900    785    886    843    849    891    824    847    866    911    823    903    852    797    851    490    461    306    327    309    404    331    356    345    298    337    326    326    298    349    368    333    288    331    339    350    302    355    361    393    303    272    322    326    321    400    333    313    339    338    335    910    792    836    783    903    814    818    856    861    889    804    793    348    329    288    387    348    343    375    411    326    354    401    377    347    313    312    325    393    641    659    663    668    665    598    590    685    717    664    666    676    728    722    658    670  
  822    208    244    315    165    199    271    252    196    114     75    134     75    115     53     87     78    132    140     65    125     22     81     99     29     96      0     85     62     84     83     79     99    102     74    107     81    106     77     71     80     92     73    788    801    862    775    819    822    800    848    854    871    811    897    885    835    756    839    881    852    886    836    832    780    820    830    772    822    809    942    845    923    871    885    881    942    828    927    885    891    936    864    889    905    952    863    942    892    842    896    586    555    213    234    213    312    237    261    251    204    243    234    231    203    256    275    239    196    238    244    260    209    260    266    297    209    177    229    235    226    307    241    220    252    243    241    845    722    766    715    835    751    752    787    793    820    738    730    444    424    383    483    442    439    471    507    422    448    497    470    443    409    408    421    488    726    743    746    750    746    681    674    767    803    747    748    759    809    804    741    752  
  762    221    261    337    194    225    276    250    217     30     48     52     17     35     33     32      9     70     58     30     53     77     19     60     62     12     85      0     35     13      8     68     23     79     24     34     31     62     65     24     79     46     52    759    780    838    751    794    799    778    817    830    845    784    871    858    812    731    816    854    830    864    814    809    757    802    810    754    783    767    903    800    883    824    848    841    902    787    887    845    851    893    826    849    867    913    824    905    854    799    853    502    473    295    317    297    393    320    345    334    287    326    316    315    287    338    358    322    277    321    328    340    291    344    350    382    292    261    312    316    310    390    323    302    329    327    324    899    781    825    772    892    804    808    845    851    878    794    783    360    340    299    399    358    355    387    422    338    364    413    387    359    325    324    336    404    650    667    671    676    673    606    598    693    726    672    674    684    735    730    666    678  
  766    234    274    348    201    233    293    269    227     61     21     86     38     70     21     25     33    103     81     41     64     63     22     84     34     46     62     35      0     43     39     38     40     99     14     67     54     50     78     41     48     71     23    747    765    824    737    780    784    763    806    816    832    771    858    845    797    718    802    842    815    849    799    794    743    785    794    738    775    760    896    796    876    820    839    834    895    780    880    838    844    888    818    842    859    905    817    897    846    794    847    530    504    274    295    270    373    298    321    311    265    303    295    291    263    317    336    300    258    298    304    321    270    320    326    356    269    238    291    297    282    368    302    281    313    304    302    865    747    791    738    858    770    773    811    816    844    760    749    389    365    325    429    382    382    413    448    368    388    441    411    386    355    353    364    429    665    682    685    689    686    620    613    706    741    686    687    698    748    743    680    691  
  773    209    249    324    182    213    263    237    205     35     59     51      9     32     34     44     11     60     66     22     64     73     31     47     63     17     84     13     43      0      6     79     35     66     34     26     19     75     53     15     89     33     62    772    793    851    763    807    811    791    830    843    858    797    884    870    824    744    829    867    843    877    827    821    770    815    823    767    796    779    915    812    896    836    860    853    914    800    900    858    863    906    838    861    880    925    837    917    866    812    865    503    472    291    312    296    388    316    341    331    283    323    311    312    284    333    353    318    273    317    324    334    287    340    347    379    288    257    307    310    309    385    318    298    323    323    320    907    788    832    780    900    812    815    853    858    885    802    791    362    344    303    400    363    357    390    426    339    369    415    392    361    326    325    339    408    657    675    679    685    682    614    607    702    733    681    682    692    744    738    675    687  
  769    213    253    329    186    217    268    242    209     33     54     52     11     34     32     39      7     65     63     24     60     74     26     52     61     15     83      8     39      6      0     74     30     71     29     29     24     69     57     17     84     38     58    767    788    846    758    801    806    786    825    838    852    791    879    865    819    739    824    862    838    872    821    816    765    809    818    762    791    774    911    808    891    832    856    849    910    795    895    853    858    901    834    856    875    920    832    913    862    807    861    504    473    292    313    295    389    316    342    331    283    323    312    312    284    334    354    318    274    317    325    335    287    341    347    379    288    257    308    311    308    386    319    299    324    323    321    903    784    828    776    896    808    811    849    854    882    798    787    362    343    303    401    362    357    389    426    340    368    415    391    361    326    326    339    407    655    673    677    682    679    612    604    699    731    678    680    690    741    736    672    684  
  744    270    309    383    234    267    330    306    262     86     20    113     76    101     57     41     68    138     94     79     70     89     50    122     53     77     79     68     38     79     74      0     61    137     45    101     92     35    115     78     12    108     17    714    730    790    703    746    750    729    773    782    798    737    824    812    763    683    767    808    781    814    764    760    708    750    759    702    745    731    865    768    846    793    808    804    865    751    850    808    814    859    788    812    829    875    786    866    815    765    819    541    520    282    302    268    380    304    324    315    272    307    303    293    267    324    343    305    267    304    308    332    277    324    329    354    275    243    298    307    278    374    311    288    326    309    308    834    717    761    707    828    738    742    781    786    813    729    717    402    372    331    441    387    391    422    455    382    392    452    414    396    369    365    374    434    656    673    675    678    674    610    603    695    733    675    676    688    736    732    670    680  
  741    243    283    359    216    247    297    270    239     25     43     52     39     43     48     21     30     83     42     52     31     95     19     80     72     22     99     23     40     35     30     61      0    100     26     47     53     45     87     46     73     66     47    738    760    817    730    773    778    758    796    810    824    763    851    837    791    711    795    833    809    843    793    788    737    782    790    734    761    745    881    778    862    802    826    819    880    765    865    823    829    871    804    827    845    891    803    883    832    777    831    491    465    311    332    309    410    335    359    349    303    341    332    329    301    354    374    337    294    336    342    357    307    359    364    395    307    275    328    333    321    405    339    318    347    342    340    894    778    821    768    888    799    803    841    847    874    790    777    350    326    285    389    344    343    374    409    329    349    402    372    347    316    313    324    390    630    648    652    656    653    587    579    674    707    652    654    665    715    710    647    658  
