90

    0     23     15     24     67     56     60    728    767    813    816    729    702    728    707    757    662    327    383    392    393    426    383    383    350    388    986   1012    942    933    425    454    375    327    370   1066   1078   1095   1035   1073   1149   1142   1104   1086   1017    869   1194   1195   1322    690    661    730    753    693    725    739    768    736    732    704    591    650    594    621    619    632    693    671    369    379    439    318    389    449    401    628    591    514    470    534    538    602    520    535    433    441    467    459    516    393  
   23      0     19      4     64     35     42    747    786    832    835    749    720    746    727    776    680    312    369    381    384    414    369    372    336    374    974   1000    930    921    437    467    391    342    382   1075   1087   1102   1043   1082   1157   1151   1114   1095   1024    848   1187   1187   1315    694    661    733    752    695    725    740    768    738    732    715    602    659    605    633    629    645    713    689    384    395    456    330    406    463    416    622    583    512    470    535    539    604    517    557    455    462    489    480    539    415  
   15     19      0     22     77     54     46    743    781    827    830    743    717    742    720    771    677    331    387    398    401    432    387    389    355    393    992   1018    948    939    440    469    390    342    385   1081   1093   1109   1049   1088   1163   1157   1119   1100   1031    866   1203   1204   1331    704    673    743    765    706    737    751    781    749    744    697    584    642    587    615    611    627    707    685    383    393    454    333    403    464    415    637    599    525    482    547    550    615    531    546    444    454    478    471    528    404  
   24      4     22      0     61     33     45    745    785    830    834    747    718    745    725    774    678    309    366    377    381    411    366    368    333    371    971    997    927    918    434    464    389    340    380   1072   1084   1099   1040   1079   1154   1148   1111   1092   1021    846   1184   1184   1311    691    658    730    749    691    722    736    765    734    729    718    605    662    608    636    632    648    712    688    382    393    454    328    404    461    414    618    579    509    466    532    535    601    513    556    455    461    489    479    538    415  
   67     64     77     61      0     55    101    708    749    795    800    713    677    707    694    738    640    271    322    329    328    362    324    319    291    329    923    948    879    869    382    413    345    296    329   1016   1027   1041    983   1023   1096   1091   1056   1035    963    829   1127   1129   1256    631    598    670    689    631    662    676    705    674    669    768    655    716    659    686    684    696    679    651    339    352    413    278    365    415    371    562    525    449    406    472    475    541    455    540    444    438    477    459    522    402  
   56     35     54     33     55      0     52    759    799    846    850    763    729    758    743    789    691    278    337    350    355    384    335    341    303    341    942    969    898    890    437    468    398    349    384   1069   1080   1093   1036   1076   1149   1145   1110   1088   1016    814   1160   1160   1287    680    644    719    734    679    706    722    749    721    715    747    634    688    637    665    660    678    729    702    392    405    466    332    417    469    424    595    554    492    451    518    522    589    494    580    480    482    514    501    562    440  
   60     42     46     45    101     52      0    788    826    872    875    789    761    787    766    816    721    320    382    397    404    432    379    389    348    385    988   1015    943    936    478    509    433    384    424   1115   1127   1141   1083   1122   1196   1191   1155   1134   1064    837   1211   1210   1337    730    695    769    785    729    758    774    801    772    766    703    590    640    592    621    614    636    753    730    426    437    498    372    447    505    458    646    604    544    503    569    573    640    546    592    489    500    522    517    573    449  
  728    747    743    745    708    759    788      0     45     92    104     38     69     17     90     35     73    838    826    798    762    802    849    785    826    844   1187   1188   1159   1131    379    348    370    416    412    572    601    650    568    586    678    643    569    603    584   1390   1172   1197   1301    548    616    571    677    594    666    637    686    615    649   1072    999   1108   1011   1016   1046    992     74     58    373    358    298    450    344    315    345    791    823    633    604    583    581    550    675    302    383    315    364    315    314    402  
  767    786    781    785    749    799    826     45      0     48     59     41    109     56     90     11    118    883    871    843    807    847    894    830    870    889   1228   1228   1200   1172    424    393    413    458    456    583    613    664    582    597    689    651    575    614    601   1435   1206   1231   1334    586    656    608    715    633    705    675    724    652    687   1087   1017   1127   1029   1033   1064   1007     87    100    416    399    340    494    385    360    387    834    867    677    648    627    624    592    719    319    408    346    386    342    333    429  
  813    832    827    830    795    846    872     92     48      0     21     84    151    101    121     59    165    930    917    889    853    893    940    876    917    935   1266   1265   1239   1211    471    439    460    505    503    587    618    671    589    601    692    652    574    618    612   1481   1234   1261   1360    622    694    641    750    669    741    709    757    686    722   1114   1047   1158   1060   1062   1095   1035    124    147    463    446    387    541    432    407    435    875    910    720    692    669    667    631    762    351    444    388    421    382    366    468  
  816    835    830    834    800    850    875    104     59     21      0     88    166    115    116     70    176    940    929    901    865    905    951    888    928    946   1283   1283   1256   1228    482    451    467    512    513    607    637    691    609    621    712    672    593    638    632   1494   1254   1280   1381    640    712    660    769    687    759    728    776    705    740   1104   1038   1150   1051   1053   1086   1025    124    156    470    453    394    549    438    417    442    891    925    735    707    685    682    648    777    344    440    387    415    380    360    466  
  729    749    743    747    713    763    789     38     41     84     88      0    105     55     55     34     95    854    844    817    782    823    867    804    842    862   1218   1220   1190   1163    398    368    380    425    426    608    637    686    604    622    714    678    603    639    621   1411   1209   1233   1338    582    648    606    712    628    700    672    721    650    683   1048    977   1087    989    993   1024    968     46     72    382    365    307    462    350    331    355    820    850    659    629    611    609    581    701    279    367    306    345    302    292    389  
  702    720    717    718    677    729    761     69    109    151    166    105      0     54    148    100     51    789    773    744    706    746    796    730    774    791   1119   1120   1091   1064    329    296    333    381    367    525    553    599    517    539    631    599    529    555    530   1333   1105   1129   1234    479    548    503    609    526    598    569    618    546    580   1093   1014   1121   1026   1033   1061   1011    126     66    338    325    264    410    314    271    307    725    760    570    542    519    516    483    612    327    394    315    380    321    335    406  
  728    746    742    745    707    758    787     17     56    101    115     55     54      0    106     47     68    831    818    789    753    793    841    776    818    836   1172   1173   1145   1117    372    340    366    413    406    556    585    633    551    570    663    628    554    587    568   1381   1156   1181   1285    533    601    555    662    579    651    622    671    599    633   1083   1008   1117   1020   1026   1055   1002     89     59    370    355    294    446    342    309    341    778    811    621    592    571    568    536    663    313    391    320    373    321    324    408  
  707    727    720    725    694    743    766     90     90    121    116     55    148    106      0     86    122    851    846    821    786    829    867    807    842    863   1244   1247   1214   1188    403    375    372    414    425    661    690    739    657    675    768    732    658    692    673   1416   1248   1271   1378    615    677    642    745    660    732    706    755    684    716    997    928   1039    941    944    976    918     25     95    373    354    300    456    338    333    349    840    867    677    643    631    629    607    718    231    325    273    301    264    246    350  
  757    776    771    774    738    789    816     35     11     59     70     34    100     47     86      0    107    872    860    832    796    836    883    819    859    878   1219   1219   1191   1163    413    382    402    448    445    582    612    662    580    596    688    651    575    613    599   1425   1199   1224   1327    578    648    600    707    625    697    667    716    644    679   1081   1011   1120   1023   1027   1058   1002     80     89    405    389    329    483    374    349    377    824    857    667    638    617    615    583    709    313    400    337    379    334    326    421  
  662    680    677    678    640    691    721     73    118    165    176     95     51     68    122    107      0    765    753    725    689    730    776    712    753    771   1126   1128   1096   1070    307    275    299    346    339    572    598    643    562    585    677    646    577    601    573   1318   1127   1150   1257    494    557    520    624    539    611    584    634    563    595   1043    964   1071    975    982   1010    961     97     28    303    288    227    378    275    242    273    725    755    565    534    517    515    488    607    278    343    266    329    271    286    356  
  327    312    331    309    271    278    320    838    883    930    940    854    789    831    851    872    765      0     72    102    133    135     60    104     36     68    669    698    624    619    461    494    480    442    428    988    991    989    949    991   1048   1056   1040   1000    919    582    916    910   1037    556    490    587    562    535    536    565    576    573    552   1023    910    957    912    941    933    955    831    784    480    500    552    396    519    524    503    368    311    335    317    384    389    466    314    751    669    636    700    662    735    629  
  383    369    387    366    322    337    382    826    871    917    929    844    773    818    846    860    753     72      0     37     76     65     26     46     37     19    606    633    562    554    447    478    480    448    422    936    938    934    897    939    992   1002    991    947    865    572    845    840    967    501    431    530    498    477    473    504    512    512    490   1083    970   1021    973   1001    995   1014    825    773    481    503    549    398    522    514    501    298    240    280    270    333    338    414    254    764    690    648    720    676    750    651  
  392    381    398    377    329    350    397    798    843    889    901    817    744    789    821    832    725    102     37      0     40     36     63     15     67     54    595    620    551    541    420    451    458    428    398    900    901    897    860    902    955    965    954    910    828    596    821    817    944    464    394    493    462    440    437    467    476    476    454   1095    982   1037    985   1013   1009   1024    799    746    460    482    526    378    501    489    478    267    213    243    234    296    301    377    218    748    677    630    706    659    733    639  
  393    384    401    381    328    355    404    762    807    853    865    782    706    753    786    796    689    133     76     40      0     45    102     31     99     94    598    621    555    543    385    415    427    400    365    861    863    860    822    864    918    928    915    872    790    630    808    806    933    426    358    456    430    404    404    433    444    441    420   1096    983   1042    987   1014   1012   1023    765    711    430    451    494    348    471    454    446    247    200    205    194    257    262    338    182    720    653    603    681    632    707    616  
  426    414    432    411    362    384    432    802    847    893    905    823    746    793    829    836    730    135     65     36     45      0     87     43     99     77    562    587    518    508    426    456    471    444    408    881    881    875    841    883    934    945    936    890    807    589    786    782    909    444    371    471    435    418    410    442    448    452    428   1129   1016   1071   1019   1046   1043   1057    807    752    474    495    537    392    515    497    489    234    178    225    222    280    285    359    195    765    697    647    725    676    751    660  
  383    369    387    366    324    335    379    849    894    940    951    867    796    841    867    883    776     60     26     63    102     87      0     72     34     11    610    638    565    559    470    502    500    466    443    962    963    959    923    965   1018   1028   1017    972    890    553    858    852    978    527    456    555    521    502    496    528    535    537    514   1081    968   1017    970    999    992   1013    847    796    501    522    570    417    541    537    521    317    256    305    296    359    363    439    279    781    705    665    735    693    766    666  
  383    372    389    368    319    341    389    785    830    876    888    804    730    776    807    819    712    104     46     15     31     43     72      0     69     64    605    629    561    551    406    437    444    414    384    892    894    890    853    895    949    958    946    903    821    610    826    823    950    457    389    487    459    435    433    463    473    471    450   1086    973   1029    976   1003   1000   1014    786    733    446    468    512    363    487    475    464    269    218    236    224    288    293    369    212    734    663    616    692    645    719    625  
  350    336    355    333    291    303    348    826    870    917    928    842    774    818    842    859    753     36     37     67     99     99     34     69      0     38    640    668    596    589    447    479    473    438    417    958    960    958    919    961   1016   1025   1011    969    888    582    881    876   1003    524    457    555    528    503    502    531    541    539    518   1050    937    987    939    967    961    981    821    772    473    494    544    390    513    512    495    332    275    303    288    354    359    435    281    751    673    635    703    662    736    634  
  388    374    393    371    329    341    385    844    889    935    946    862    791    836    863    878    771     68     19     54     94     77     11     64     38      0    603    631    558    552    465    496    497    464    439    953    954    949    913    955   1008   1018   1007    963    880    556    849    843    969    517    446    545    511    492    486    518    525    527    504   1088    974   1024    977   1005    999   1018    842    791    498    519    567    414    538    532    518    306    246    296    287    350    354    430    269    780    705    663    734    691    765    665  
  986    974    992    971    923    942    988   1187   1228   1266   1283   1218   1119   1172   1244   1219   1126    669    606    595    598    562    610    605    640    603      0     41     45     58    877    893    955    947    887    964    945    906    923    957    955    992   1029    955    877    562    363    334    436    648    572    636    527    600    531    567    524    591    552   1689   1575   1626   1578   1606   1601   1618   1220   1152    962    982   1002    895   1001    947    965    416    417    585    630    620    621    638    549   1255   1212   1143   1234   1172   1246   1179  
 1012   1000   1018    997    948    969   1015   1188   1228   1265   1283   1220   1120   1173   1247   1219   1128    698    633    620    621    587    638    629    668    631     41      0     81     79    887    902    967    960    899    945    926    885    905    938    932    971   1011    935    859    602    323    294    396    645    572    631    521    597    527    562    517    585    547   1714   1601   1654   1604   1632   1628   1643   1223   1155    974    994   1012    909   1012    955    975    428    435    596    642    628    628    641    562   1266   1226   1154   1247   1184   1257   1194  
  942    930    948    927    879    898    943   1159   1200   1239   1256   1190   1091   1145   1214   1191   1096    624    562    551    555    518    565    561    596    558     45     81      0     34    842    859    919    909    851    956    939    902    915    950    952    987   1022    948    869    533    393    367    474    625    546    615    507    576    508    547    505    570    531   1644   1531   1581   1534   1562   1556   1574   1190   1123    925    946    967    857    964    912    929    380    377    550    593    587    588    609    513   1220   1174   1106   1197   1136   1209   1141  
  933    921    939    918    869    890    936   1131   1172   1211   1228   1163   1064   1117   1188   1163   1070    619    554    541    543    508    559    551    589    552     58     79     34      0    819    836    898    889    830    923    906    868    882    917    919    954    988    915    836    559    372    348    459    595    518    585    476    547    478    516    474    539    500   1636   1523   1575   1526   1553   1549   1564   1164   1096    904    925    945    837    943    889    907    358    360    528    572    562    563    582    492   1198   1154   1085   1177   1115   1188   1122  
  425    437    440    434    382    437    478    379    424    471    482    398    329    372    403    413    307    461    447    420    385    426    470    406    447    465    877    887    842    819      0     34     95    121     56    647    662    684    618    655    735    724    681    669    605   1014    956    970   1090    336    354    375    445    362    423    415    460    401    417    989    889    980    898    915    930    907    381    327    104    119    126    108    134     73     93    462    476    293    251    261    261    276    330    380    353    272    369    301    372    329  
  454    467    469    464    413    468    509    348    393    439    451    368    296    340    375    382    275    494    478    451    415    456    502    437    479    496    893    902    859    836     34      0    105    141     85    621    638    662    594    630    712    699    654    644    583   1044    960    975   1094    331    358    370    447    361    425    414    460    399    417   1002    904    997    913    929    946    920    353    296    115    124    114    137    135     55     94    480    498    311    272    275    274    280    350    368    351    265    363    293    361    330  
  375    391    390    389    345    398    433    370    413    460    467    380    333    366    372    402    299    480    480    458    427    471    500    444    473    497    955    967    919    898     95    105      0     49     69    720    737    764    694    730    813    798    750    744    685   1052   1048   1061   1182    430    447    469    539    456    516    509    554    495    511    898    800    893    809    825    842    816    353    313     11     28     74     84     46     76     26    540    547    372    326    347    348    369    406    302    262    188    281    218    291    236  
  327    342    342    340    296    349    384    416    458    505    512    425    381    413    414    448    346    442    448    428    400    444    466    414    438    464    947    960    909    889    121    141     49      0     73    761    778    802    734    770    852    839    793    784    723   1019   1056   1068   1190    451    459    491    553    472    529    525    568    514    525    870    769    860    778    795    810    788    396    359     44     60    119     53     77    123     75    534    534    368    320    351    352    383    399    322    266    204    289    234    308    234  
  370    382    385    380    329    384    424    412    456    503    513    426    367    406    425    445    339    428    422    398    365    408    443    384    417    439    887    899    851    830     56     85     69     73      0    702    716    738    673    710    790    779    737    723    659    993    986    998   1120    378    387    419    481    400    457    453    496    441    453    942    840    929    849    866    881    860    404    357     75     96    129     53    114     97     82    473    479    304    258    282    283    310    338    370    328    256    348    286    359    300  
 1066   1075   1081   1072   1016   1069   1115    572    583    587    607    608    525    556    661    582    572    988    936    900    861    881    962    892    958    953    964    945    956    923    647    621    720    761    702      0     33     91     43     15    107     79     66     31     88   1380    784    821    887    437    517    414    487    469    502    461    481    444    479   1594   1505   1605   1515   1527   1549   1511    645    590    730    731    686    753    733    646    701    716    782    657    671    604    600    523    687    846    894    805    888    820    852    894  
 1078   1087   1093   1084   1027   1080   1127    601    613    618    637    637    553    585    690    612    598    991    938    901    863    881    963    894    960    954    945    926    939    906    662    638    737    778    716     33      0     59     44     18     80     66     88     10     76   1371    758    794    859    437    514    412    479    466    495    455    472    439    472   1616   1525   1625   1536   1548   1570   1533    673    618    747    749    706    768    752    665    719    710    776    658    675    607    602    526    686    872    918    828    912    844    877    917  
 1095   1102   1109   1099   1041   1093   1141    650    664    671    691    686    599    633    739    662    643    989    934    897    860    875    959    890    958    949    906    885    902    868    684    662    764    802    738     91     59      0     83     77     59     86    142     64     79   1347    705    742    803    434    505    404    460    458    478    440    451    426    457   1650   1557   1655   1567   1580   1601   1567    721    663    773    777    737    789    781    693    747    693    760    655    676    606    602    525    680    914    955    864    951    881    918    952  
 1035   1043   1049   1040    983   1036   1083    568    582    589    609    604    517    551    657    580    562    949    897    860    822    841    923    853    919    913    923    905    915    882    618    594    694    734    673     43     44     83      0     43    120    109    108     52     47   1337    751    787    857    397    476    373    445    428    460    419    439    402    437   1574   1484   1582   1494   1506   1528   1491    639    582    704    706    663    724    709    622    676    674    740    618    633    565    561    484    646    834    877    787    873    803    839    876  
 1073   1082   1088   1079   1023   1076   1122    586    597    601    621    622    539    570    675    596    585    991    939    902    864    883    965    895    961    955    957    938    950    917    655    630    730    770    710     15     18     77     43      0     93     70     73     17     83   1378    774    810    876    439    518    415    486    470    501    460    479    444    478   1605   1516   1615   1526   1538   1560   1522    658    604    739    741    696    762    743    656    711    715    781    660    675    608    603    526    689    859    906    816    901    832    865    906  
 1149   1157   1163   1154   1096   1149   1196    678    689    692    712    714    631    663    768    688    677   1048    992    955    918    934   1018    949   1016   1008    955    932    952    919    735    712    813    852    790    107     80     59    120     93      0     51    131     76    133   1403    739    777    831    493    564    463    518    517    537    499    509    485    515   1694   1603   1702   1613   1626   1647   1611    751    696    823    826    783    841    828    741    795    751    819    714    734    665    660    583    739    951    996    906    991    922    956    995  
 1142   1151   1157   1148   1091   1145   1191    643    651    652    672    678    599    628    732    651    646   1056   1002    965    928    945   1028    958   1025   1018    992    971    987    954    724    699    798    839    779     79     66     86    109     70     51      0     83     57    139   1429    785    823    880    502    578    475    539    530    556    517    531    501    534   1672   1583   1683   1593   1605   1627   1589    716    664    808    809    764    831    811    725    779    771    838    723    740    672    667    591    751    922    972    882    965    897    928    972  
 1104   1114   1119   1111   1056   1110   1155    569    575    574    593    603    529    554    658    575    577   1040    991    954    915    936   1017    946   1011   1007   1029   1011   1022    988    681    654    750    793    737     66     88    142    108     73    131     83      0     80    153   1443    845    882    945    494    576    473    550    528    564    523    545    505    541   1610   1524   1626   1535   1545   1569   1528    643    593    759    759    710    789    759    675    729    778    842    712    724    658    654    578    743    854    909    821    900    834    861    912  
 1086   1095   1100   1092   1035   1088   1134    603    614    618    638    639    555    587    692    613    601   1000    947    910    872    890    972    903    969    963    955    935    948    915    669    644    744    784    723     31     10     64     52     17     76     57     80      0     86   1380    765    802    866    446    524    421    489    476    505    465    482    448    482   1621   1531   1630   1541   1553   1575   1538    675    620    753    755    711    775    757    671    725    719    786    667    684    616    611    535    696    875    922    832    917    848    881    921  
 1017   1024   1031   1021    963   1016   1064    584    601    612    632    621    530    568    673    599    573    919    865    828    790    807    890    821    888    880    877    859    869    836    605    583    685    723    659     88     76     79     47     83    133    139    153     86      0   1296    706    742    814    364    439    337    404    392    420    380    397    364    397   1572   1479   1576   1489   1503   1523   1489    654    594    695    699    659    710    703    614    668    634    701    585    603    535    530    453    613    840    879    788    876    806    844    875  
  869    848    866    846    829    814    837   1390   1435   1481   1494   1411   1333   1381   1416   1425   1318    582    572    596    630    589    553    610    582    556    562    602    533    559   1014   1044   1052   1019    993   1380   1371   1347   1337   1378   1403   1429   1443   1380   1296      0    924    895    990    965    877    976    893    923    879    920    899    940    903   1489   1380   1393   1378   1411   1390   1436   1394   1340   1053   1074   1121    970   1094   1084   1072    668    609    780    796    837    840    902    739   1332   1251   1216   1282   1243   1316   1210  
 1194   1187   1203   1184   1127   1160   1211   1172   1206   1234   1254   1209   1105   1156   1248   1199   1127    916    845    821    808    786    858    826    881    849    363    323    393    372    956    960   1048   1056    986    784    758    705    751    774    739    785    845    765    706    924      0     42    135    640    602    609    515    602    535    551    502    570    545   1886   1776   1843   1781   1805   1808   1809   1224   1154   1057   1074   1073   1012   1089   1013   1048    566    609    701    750    706    705    681    682   1323   1308   1225   1322   1252   1318   1284  
 1195   1187   1204   1184   1129   1160   1210   1197   1231   1261   1280   1233   1129   1181   1271   1224   1150    910    840    817    806    782    852    823    876    843    334    294    367    348    970    975   1061   1068    998    821    794    742    787    810    777    823    882    802    742    895     42      0    128    660    618    631    533    621    552    571    521    590    563   1890   1779   1844   1784   1809   1811   1814   1247   1177   1070   1087   1089   1022   1103   1029   1063    568    607    708    758    717    716    696    688   1341   1323   1240   1338   1268   1335   1297  
 1322   1315   1331   1311   1256   1287   1337   1301   1334   1360   1381   1338   1234   1285   1378   1327   1257   1037    967    944    933    909    978    950   1003    969    436    396    474    459   1090   1094   1182   1190   1120    887    859    803    857    876    831    880    945    866    814    990    135    128      0    773    737    741    649    736    669    685    636    703    679   2017   1906   1972   1911   1936   1938   1940   1354   1284   1191   1208   1207   1146   1223   1148   1183    695    734    834    883    840    839    815    814   1457   1443   1359   1457   1387   1452   1418  
  690    694    704    691    631    680    730    548    586    622    640    582    479    533    615    578    494    556    501    464    426    444    527    457    524    517    648    645    625    595    336    331    430    451    378    437    437    434    397    439    493    502    494    446    364    965    640    660    773      0     89     41    130     49    119     91    141     71    101   1319   1216   1301   1223   1242   1255   1237    591    521    440    453    441    418    465    382    424    298    357    222    243    173    169     93    250    686    681    593    691    619    682    661  
  661    661    673    658    598    644    695    616    656    694    712    648    548    601    677    648    557    490    431    394    358    371    456    389    457    446    572    572    546    518    354    358    447    459    387    517    514    505    476    518    564    578    576    524    439    877    602    618    737     89      0    103     96     48     70     79    112     83     72   1315   1209   1289   1216   1237   1246   1235    653    584    456    472    471    419    487    412    446    210    270    159    194    127    123     79    177    724    706    623    721    651    718    683  
  730    733    743    730    670    719    769    571    608    641    660    606    503    555    642    600    520    587    530    493    456    471    555    487    555    545    636    631    615    585    375    370    469    491    419    414    412    404    373    415    463    475    473    421    337    976    609    631    741     41    103      0    110     55    108     70    117     46     85   1359   1256   1342   1264   1283   1295   1278    617    547    479    492    478    459    504    420    463    308    371    252    278    207    203    130    277    720    718    630    728    656    717    700  
  753    752    765    749    689    734    785    677    715    750    769    712    609    662    745    707    624    562    498    462    430    435    521    459    528    511    527    521    507    476    445    447    539    553    481    487    479    460    445    486    518    539    550    489    404    893    515    533    649    130     96    110      0     88     28     41     16     65     30   1411   1304   1384   1311   1332   1341   1330    721    651    548    564    559    514    578    500    537    233    302    243    283    220    217    171    251    809    796    711    809    739    804    774  
  693    695    706    691    631    679    729    594    633    669    687    628    526    579    660    625    539    535    477    440    404    418    502    435    503    492    600    597    576    547    362    361    456    472    400    469    466    458    428    470    517    530    528    476    392    923    602    621    736     49     48     55     88      0     73     54    101     44     58   1336   1231   1314   1238   1258   1269   1255    636    566    465    480    473    436    493    414    452    255    317    202    232    162    158     93    223    721    711    625    723    652    717    690  
  725    725    737    722    662    706    758    666    705    741    759    700    598    651    732    697    611    536    473    437    404    410    496    433    502    486    531    527    508    478    423    425    516    529    457    502    495    478    460    501    537    556    564    505    420    879    535    552    669    119     70    108     28     73      0     42     44     64     25   1384   1278   1357   1285   1306   1315   1304    708    638    525    541    538    489    556    479    515    215    282    215    256    193    190    147    224    789    774    690    788    718    784    751  
  739    740    751    736    676    722    774    637    675    709    728    672    569    622    706    667    584    565    504    467    433    442    528    463    531    518    567    562    547    516    415    414    509    525    453    461    455    440    419    460    499    517    523    465    380    920    551    571    685     91     79     70     41     54     42      0     50     24     18   1387   1282   1364   1289   1310   1320   1307    681    611    518    533    526    488    546    466    505    255    322    237    272    205    201    144    251    773    764    678    776    705    769    743  
  768    768    781    765    705    749    801    686    724    757    776    721    618    671    755    716    634    576    512    476    444    448    535    473    541    525    524    517    505    474    460    460    554    568    496    481    472    451    439    479    509    531    545    482    397    899    502    521    636    141    112    117     16    101     44     50      0     72     44   1426   1320   1400   1327   1348   1357   1346    731    661    563    578    573    529    592    513    551    243    312    258    299    236    233    186    265    822    810    725    823    752    817    788  
  736    738    749    734    674    721    772    615    652    686    705    650    546    599    684    644    563    573    512    476    441    452    537    471    539    527    591    585    570    539    401    399    495    514    441    444    439    426    402    444    485    501    505    448    364    940    570    590    703     71     83     46     65     44     64     24     72      0     40   1378   1274   1357   1281   1301   1312   1297    660    590    505    519    510    478    532    451    491    273    338    241    273    204    200    137    259    756    749    662    760    688    751    728  
  732    732    744    729    669    715    766    649    687    722    740    683    580    633    716    679    595    552    490    454    420    428    514    450    518    504    552    547    531    500    417    417    511    525    453    479    472    457    437    478    515    534    541    482    397    903    545    563    679    101     72     85     30     58     25     18     44     40      0   1385   1279   1360   1286   1307   1317   1305    692    622    520    535    530    487    549    470    508    238    305    226    264    198    195    143    239    779    767    682    780    709    774    745  
  704    715    697    718    768    747    703   1072   1087   1114   1104   1048   1093   1083    997   1081   1043   1023   1083   1095   1096   1129   1081   1086   1050   1088   1689   1714   1644   1636    989   1002    898    870    942   1594   1616   1650   1574   1605   1694   1672   1610   1621   1572   1489   1886   1890   2017   1319   1315   1359   1411   1336   1384   1387   1426   1378   1385      0    114    128    113     83    100     84   1003   1032    888    880    914    901    873    963    911   1324   1292   1189   1141   1194   1197   1244   1205    771    703    790    714    777    760    700  
  591    602    584    605    655    634    590    999   1017   1047   1038    977   1014   1008    928   1011    964    910    970    982    983   1016    968    973    937    974   1575   1601   1531   1523    889    904    800    769    840   1505   1525   1557   1484   1516   1603   1583   1524   1531   1479   1380   1776   1779   1906   1216   1209   1256   1304   1231   1278   1282   1320   1274   1279    114      0    114     14     32     48     64    931    955    790    783    821    798    778    867    814   1212   1180   1080   1032   1087   1089   1138   1095    698    621    705    636    695    686    613  
  650    659    642    662    716    688    640   1108   1127   1158   1150   1087   1121   1117   1039   1120   1071    957   1021   1037   1042   1071   1017   1029    987   1024   1626   1654   1581   1575    980    997    893    860    929   1605   1625   1655   1582   1615   1702   1683   1626   1630   1576   1393   1843   1844   1972   1301   1289   1342   1384   1314   1357   1364   1400   1357   1360    128    114      0    100    109     66    152   1041   1063    883    878    919    885    874    963    909   1278   1241   1154   1107   1165   1168   1221   1165    808    728    809    744    801    795    718  
  594    605    587    608    659    637    592   1011   1029   1060   1051    989   1026   1020    941   1023    975    912    973    985    987   1019    970    976    939    977   1578   1604   1534   1526    898    913    809    778    849   1515   1536   1567   1494   1526   1613   1593   1535   1541   1489   1378   1781   1784   1911   1223   1216   1264   1311   1238   1285   1289   1327   1281   1286    113     14    100      0     34     36     73    944    967    799    792    831    806    787    876    823   1217   1184   1086   1038   1093   1096   1146   1100    711    632    716    648    706    698    624  
