69

    0     12     14      3    942    944    939    937    941    394    403    408    408    403    471    476    454    440    291    807    818    628    632    150    153    150    153    156    334    627    626    612    854    845    857    846   1135   1128   1130   1135   1131   1133    867    861    875    632    630    330    328    327    329    426    427    417    423    208    207    210    213    153    155    154    148    151   1067   1080   1073   1070   1058  
   12      0      7     10    946    948    944    941    945    401    409    415    414    409    482    486    443    429    289    797    807    639    642    155    159    155    158    161    345    631    631    617    857    848    860    849   1136   1129   1132   1137   1132   1134    855    849    864    625    623    330    328    327    329    436    438    427    434    196    196    199    201    154    156    155    149    152   1064   1078   1071   1067   1056  
   14      7      0     12    940    942    938    935    939    407    415    421    420    415    485    490    442    428    282    799    809    637    641    150    154    150    153    155    344    625    625    611    850    841    853    843   1129   1122   1125   1130   1125   1127    854    848    863    619    617    323    321    320    322    435    436    425    432    196    195    199    201    147    149    149    142    146   1057   1071   1064   1061   1049  
    3     10     12      0    941    943    939    936    941    396    405    410    410    405    473    478    452    438    290    806    816    630    633    150    153    150    153    156    335    626    626    612    853    844    856    846   1134   1127   1129   1134   1130   1132    865    859    873    630    628    328    327    326    328    427    429    418    425    206    205    208    211    152    154    153    147    150   1065   1078   1072   1068   1056  
  942    946    940    941      0      4      7      8      1   1197   1198   1202   1208   1206   1054   1057   1189   1179    722   1617   1629    696    677    792    790    792    790    786    808    317    317    331    167    171    160    161    352    341    351    356    349    351   1455   1447   1454    846    853    649    648    652    653    697    698    694    699   1043   1049   1052   1054    799    798    797    805    801    596    604    598    603    597  
  944    948    942    943      4      0      6     12      4   1200   1201   1204   1210   1208   1057   1060   1190   1180    723   1618   1630    699    681    794    792    794    792    788    811    319    319    334    166    170    159    160    348    338    347    353    345    348   1455   1447   1454    845    853    651    650    653    654    700    701    697    702   1044   1050   1053   1055    801    799    799    807    803    593    601    595    600    594  
  939    944    938    939      7      6      0     13      7   1197   1198   1201   1207   1205   1055   1058   1185   1174    718   1613   1625    698    680    790    788    790    788    784    808    315    315    330    160    165    154    155    347    336    346    352    344    347   1450   1442   1449    840    848    646    645    648    649    697    698    694    699   1040   1045   1049   1051    796    795    795    802    798    590    597    592    596    591  
  937    941    935    936      8     12     13      0      8   1191   1192   1195   1201   1199   1047   1050   1187   1176    718   1615   1627    688    669    787    785    787    785    781    801    312    311    326    169    173    163    163    359    349    359    364    357    359   1455   1447   1454    846    854    646    645    648    649    690    691    687    692   1040   1045   1048   1050    794    793    793    801    796    602    610    604    608    603  
  941    945    939    941      1      4      7      8      0   1197   1198   1201   1207   1205   1054   1056   1189   1178    721   1617   1628    696    677    791    790    792    789    786    808    316    316    331    166    171    160    161    352    341    351    357    349    351   1455   1447   1454    845    853    649    648    651    652    696    697    693    698   1043   1048   1052   1053    798    797    797    804    800    596    604    598    602    597  
  394    401    407    396   1197   1200   1197   1191   1197      0     12     17     14     10    248    250    755    744    671    974    982    645    659    487    478    485    484    491    396    891    891    876   1151   1142   1152   1141   1452   1444   1448   1454   1448   1451   1163   1159   1175   1026   1023    689    685    686    690    520    519    518    517    538    533    535    536    521    524    522    519    520   1434   1448   1441   1438   1427  
  403    409    415    405   1198   1201   1198   1192   1198     12      0      6     10     11    240    242    766    755    678    985    993    640    654    494    484    491    490    497    395    893    894    878   1154   1145   1155   1143   1455   1447   1452   1457   1451   1454   1175   1170   1186   1034   1032    695    691    692    696    519    518    517    516    549    544    545    547    528    531    529    526    527   1440   1454   1447   1444   1432  
  408    415    421    410   1202   1204   1201   1195   1201     17      6      0     10     14    238    240    772    761    683    990    998    641    655    499    489    496    495    502    398    897    897    881   1157   1149   1159   1147   1459   1451   1456   1461   1456   1458   1180   1176   1192   1040   1038    700    696    697    701    521    520    520    518    555    550    551    553    533    536    535    531    533   1445   1459   1452   1449   1437  
  408    414    420    410   1208   1210   1207   1201   1207     14     10     10      0      6    248    250    767    755    684    982    989    650    664    501    491    498    497    504    405    902    903    887   1162   1154   1164   1152   1464   1456   1460   1466   1460   1462   1174   1170   1186   1039   1037    702    698    699    703    528    528    527    526    551    546    547    549    534    537    536    532    534   1448   1461   1454   1451   1440  
  403    409    415    405   1206   1208   1205   1199   1205     10     11     14      6      0    251    253    761    750    680    976    984    651    665    496    487    494    493    500    403    900    900    884   1160   1151   1161   1150   1461   1453   1457   1463   1457   1459   1168   1164   1180   1034   1032    698    694    695    699    527    527    526    525    545    540    541    543    530    533    531    528    529   1443   1457   1450   1447   1436  
  471    482    485    473   1054   1057   1055   1047   1054    248    240    238    248    251      0      5    907    894    681   1186   1195    425    442    491    477    488    485    492    267    772    773    758   1039   1031   1039   1028   1347   1337   1343   1349   1343   1345   1323   1318   1333   1070   1070    670    666    668    673    359    358    363    357    666    663    665    667    540    543    541    541    541   1386   1399   1392   1390   1379  
  476    486    490    478   1057   1060   1058   1050   1056    250    242    240    250    253      5      0    911    898    685   1190   1198    426    442    496    481    492    489    496    271    775    776    761   1042   1034   1042   1031   1350   1340   1346   1352   1346   1348   1328   1322   1338   1074   1074    675    670    672    677    362    360    366    360    670    667    669    672    544    548    546    545    545   1390   1403   1396   1394   1383  
  454    443    442    452   1189   1190   1185   1187   1189    755    766    772    767    761    907    911      0     14    484    428    440   1065   1066    532    546    535    539    536    783    911    911    901   1054   1046   1059   1052   1264   1261   1259   1263   1261   1262    417    411    427    494    486    560    563    559    556    860    861    849    857    247    248    245    243    488    486    488    482    485   1072   1084   1078   1072   1062  
  440    429    428    438   1179   1180   1174   1176   1178    744    755    761    755    750    894    898     14      0    471    439    451   1051   1052    518    532    521    526    523    769    899    899    889   1044   1036   1049   1042   1257   1253   1251   1255   1253   1254    430    425    440    490    483    548    550    546    544    846    847    835    843    233    235    232    229    474    473    474    468    472   1067   1079   1074   1067   1057  
  291    289    282    290    722    723    718    718    721    671    678    683    684    680    681    685    484    471      0    907    918    656    651    192    205    195    198    190    448    429    429    419    605    596    609    600    864    857    859    864    860    862    827    820    831    395    396     77     80     76     73    463    466    452    462    325    331    334    336    151    148    149    153    151    776    789    783    779    767  
  807    797    799    806   1617   1618   1613   1615   1617    974    985    990    982    976   1186   1190    428    439    907      0     12   1435   1439    922    933    924    929    927   1135   1336   1335   1325   1481   1473   1486   1479   1680   1677   1675   1678   1677   1678    410    413    425    876    868    983    985    982    979   1233   1234   1223   1230    619    616    613    610    886    885    887    880    884   1459   1470   1466   1459   1449  
  818    807    809    816   1629   1630   1625   1627   1628    982    993    998    989    984   1195   1198    440    451    918     12      0   1445   1449    933    944    935    939    938   1145   1347   1347   1337   1492   1484   1498   1490   1691   1688   1686   1690   1688   1689    416    419    431    887    879    995    997    993    990   1243   1245   1234   1241    630    627    623    621    897    896    897    891    895   1470   1480   1476   1469   1460  
  628    639    637    630    696    699    698    688    696    645    640    641    650    651    425    426   1065   1051    656   1435   1445      0     19    535    521    532    528    532    304    487    489    477    731    725    729    718   1028   1018   1026   1032   1024   1027   1459   1452   1466   1026   1029    601    596    600    606    206    205    217    209    827    828    832    834    584    586    584    589    586   1154   1166   1159   1160   1150  
  632    642    641    633    677    681    680    669    677    659    654    655    664    665    442    442   1066   1052    651   1439   1449     19      0    535    521    532    528    531    311    472    473    461    714    708    712    700   1010    999   1008   1013   1006   1009   1458   1451   1464   1018   1021    595    590    594    599    208    206    218    210    829    831    834    837    583    585    583    588    585   1139   1151   1143   1144   1135  
  150    155    150    150    792    794    790    787    791    487    494    499    501    496    491    496    532    518    192    922    933    535    535      0     16      4      8      6    277    477    477    463    707    698    710    699    993    986    989    994    989    991    925    919    932    579    579    202    199    199    203    330    332    319    328    304    307    310    313     53     56     54     57     55    948    962    955    952    940  
  153    159    154    153    790    792    788    785    790    478    484    489    491    487    477    481    546    532    205    933    944    521    521     16      0     12      8     16    261    475    475    460    709    700    711    700    997    989    992    998    993    995    940    934    947    594    594    211    208    208    212    316    317    305    313    315    318    321    324     69     72     70     72     70    957    970    963    960    949  
  150    155    150    150    792    794    790    787    792    485    491    496    498    494    488    492    535    521    195    924    935    532    532      4     12      0      5      7    273    477    477    463    708    699    711    700    995    987    990    996    991    993    929    922    936    583    583    205    201    202    205    327    329    316    325    306    309    312    315     57     60     58     61     59    951    964    957    954    943  
  153    158    153    153    790    792    788    785    789    484    490    495    497    493    485    489    539    526    198    929    939    528    528      8      8      5      0      8    269    474    474    460    707    698    709    699    994    986    989    995    990    992    933    927    940    586    586    205    202    203    206    322    324    311    320    310    313    317    319     61     64     62     65     63    951    965    958    955    943  
  156    161    155    156    786    788    784    781    786    491    497    502    504    500    492    496    536    523    190    927    938    532    531      6     16      7      8      0    275    471    471    457    702    693    704    694    988    981    984    989    984    986    929    922    936    579    579    198    195    196    199    327    328    315    324    309    312    315    318     55     58     56     59     57    944    958    951    948    937  
  334    345    344    335    808    811    808    801    808    396    395    398    405    403    267    271    783    769    448   1135   1145    304    311    277    261    273    269    275      0    512    513    497    779    770    779    767   1085   1076   1082   1087   1081   1084   1190   1184   1198    842    843    422    417    420    425    128    128    125    125    539    539    542    545    329    332    330    333    331   1120   1133   1126   1125   1113  
  627    631    625    626    317    319    315    312    316    891    893    897    902    900    772    775    911    899    429   1336   1347    487    472    477    475    477    474    471    512      0      2     16    267    260    268    256    575    565    572    577    571    573   1224   1216   1225    660    666    353    351    355    357    417    419    412    419    741    746    749    751    487    486    486    493    489    667    679    672    673    663  
  626    631    625    626    317    319    315    311    316    891    894    897    903    900    773    776    911    899    429   1335   1347    489    473    477    475    477    474    471    513      2      0     16    267    259    267    255    574    565    571    577    570    573   1223   1215   1224    659    665    353    351    355    357    418    420    412    419    740    746    749    751    487    486    485    493    489    666    678    671    672    662  
  612    617    611    612    331    334    330    326    331    876    878    881    887    884    758    761    901    889    419   1325   1337    477    461    463    460    463    460    457    497     16     16      0    282    274    282    271    589    580    586    592    586    588   1217   1209   1219    658    664    343    341    344    347    403    405    397    404    729    734    737    739    473    473    472    480    476    678    690    683    684    674  
  854    857    850    853    167    166    160    169    166   1151   1154   1157   1162   1160   1039   1042   1054   1044    605   1481   1492    731    714    707    709    708    707    702    779    267    267    282      0      9      7     14    308    299    305    311    304    306   1299   1291   1298    685    692    539    539    541    541    683    685    678    685    929    935    938    940    704    702    703    710    706    461    471    465    468    460  
  845    848    841    844    171    170    165    173    171   1142   1145   1149   1154   1151   1031   1034   1046   1036    596   1473   1484    725    708    698    700    699    698    693    770    260    259    274      9      0     14     12    316    306    313    318    312    314   1293   1285   1291    679    686    530    530    533    533    676    677    670    677    921    927    930    931    695    694    694    701    697    464    473    467    470    463  
  857    860    853    856    160    159    154    163    160   1152   1155   1159   1164   1161   1039   1042   1059   1049    609   1486   1498    729    712    710    711    711    709    704    779    268    267    282      7     14      0     12    308    299    305    311    304    307   1305   1297   1304    691    698    543    543    545    545    683    685    678    685    933    939    943    944    707    706    706    713    709    466    476    469    473    465  
  846    849    843    846    161    160    155    163    161   1141   1143   1147   1152   1150   1028   1031   1052   1042    600   1479   1490    718    700    699    700    700    699    694    767    256    255    271     14     12     12      0    320    310    317    323    316    318   1301   1293   1299    688    695    533    533    536    536    671    673    666    673    924    930    933    935    697    695    696    703    699    474    484    477    480    473  
 1135   1136   1129   1134    352    348    347    359    352   1452   1455   1459   1464   1461   1347   1350   1264   1257    864   1680   1691   1028   1010    993    997    995    994    988   1085    575    574    589    308    316    308    320      0     11      6      6      4      3   1437   1430   1433    821    829    808    809    811    810    991    992    986    992   1180   1187   1190   1191    983    980    981    988    984    342    342    340    347    348  
 1128   1129   1122   1127    341    338    336    349    341   1444   1447   1451   1456   1453   1337   1340   1261   1253    857   1677   1688   1018    999    986    989    987    986    981   1076    565    565    580    299    306    299    310     11      0     12     16      9     11   1437   1429   1432    819    828    801    803    804    803    981    983    976    983   1175   1182   1184   1186    976    973    974    981    977    347    348    345    352    352  
 1130   1132   1125   1129    351    347    346    359    351   1448   1452   1456   1460   1457   1343   1346   1259   1251    859   1675   1686   1026   1008    989    992    990    989    984   1082    572    571    586    305    313    305    317      6     12      0      6      4      4   1432   1425   1427    815    824    804    805    806    805    988    989    982    989   1176   1182   1185   1186    978    976    977    983    980    337    338    336    343    343  
 1135   1137   1130   1134    356    353    352    364    357   1454   1457   1461   1466   1463   1349   1352   1263   1255    864   1678   1690   1032   1013    994    998    996    995    989   1087    577    577    592    311    318    311    323      6     16      6      0      8      6   1435   1427   1430    818    827    809    810    811    810    993    995    988    995   1180   1187   1190   1191    983    981    982    988    985    336    337    335    342    343  
 1131   1132   1125   1130    349    345    344    357    349   1448   1451   1456   1460   1457   1343   1346   1261   1253    860   1677   1688   1024   1006    989    993    991    990    984   1081    571    570    586    304    312    304    316      4      9      4      8      0      3   1434   1427   1430    817    826    804    806    807    806    987    989    982    988   1177   1183   1186   1187    979    977    977    984    980    340    342    339    346    346  
 1133   1134   1127   1132    351    348    347    359    351   1451   1454   1458   1462   1459   1345   1348   1262   1254    862   1678   1689   1027   1009    991    995    993    992    986   1084    573    573    588    306    314    307    318      3     11      4      6      3      0   1435   1428   1431    818    827    806    807    809    808    989    991    984    991   1178   1185   1188   1189    981    979    979    986    982    340    341    338    345    346  
  867    855    854    865   1455   1455   1450   1455   1455   1163   1175   1180   1174   1168   1323   1328    417    430    827    410    416   1459   1458    925    940    929    933    929   1190   1224   1223   1217   1299   1293   1305   1301   1437   1437   1432   1435   1434   1435      0      8     16    622    614    899    903    898    894   1255   1257   1243   1253    661    663    661    658    876    874    876    871    874   1165   1174   1171   1164   1156  
  861    849    848    859   1447   1447   1442   1447   1447   1159   1170   1176   1170   1164   1318   1322    411    425    820    413    419   1452   1451    919    934    922    927    922   1184   1216   1215   1209   1291   1285   1297   1293   1430   1429   1425   1427   1427   1428      8      0     17    614    606    891    895    891    887   1248   1250   1237   1246    656    658    655    653    869    867    869    864    867   1158   1167   1164   1156   1148  
  875    864    863    873   1454   1454   1449   1454   1454   1175   1186   1192   1186   1180   1333   1338    427    440    831    425    431   1466   1464    932    947    936    940    936   1198   1225   1224   1219   1298   1291   1304   1299   1433   1432   1427   1430   1430   1431     16     17      0    619    611    902    906    902    898   1261   1263   1250   1259    671    673    670    668    883    880    882    877    881   1158   1167   1164   1157   1149  
  632    625    619    630    846    845    840    846    845   1026   1034   1040   1039   1034   1070   1074    494    490    395    876    887   1026   1018    579    594    583    586    579    842    660    659    658    685    679    691    688    821    819    815    818    817    818    622    614    619      0      9    430    435    431    426    847    849    836    846    533    540    541    540    531    527    529    530    530    585    596    591    584    574  
  630    623    617    628    853    853    848    854    853   1023   1032   1038   1037   1032   1070   1074    486    483    396    868    879   1029   1021    579    594    583    586    579    843    666    665    664    692    686    698    695    829    828    824    827    826    827    614    606    611      9      0    432    437    433    428    849    852    838    848    528    535    536    536    530    527    529    529    530    593    604    599    592    582  
  330    330    323    328    649    651    646    646    649    689    695    700    702    698    670    675    560    548     77    983    995    601    595    202    211    205    205    198    422    353    353    343    539    530    543    533    808    801    804    809    804    806    899    891    902    430    432      0      5      3      5    418    420    407    417    394    400    403    405    178    175    176    182    179    747    760    753    750    739  
  328    328    321    327    648    650    645    645    648    685    691    696    698    694    666    670    563    550     80    985    997    596    590    199    208    201    202    195    417    351    351    341    539    530    543    533    809    803    805    810    806    807    903    895    906    435    437      5      0      5     10    413    415    402    412    395    401    404    406    176    173    174    180    177    750    763    757    754    742  
  327    327    320    326    652    653    648    648    651    686    692    697    699    695    668    672    559    546     76    982    993    600    594    199    208    202    203    196    420    355    355    344    541    533    545    536    811    804    806    811    807    809    898    891    902    431    433      3      5      0      6    417    419    405    416    392    398    401    403    175    173    174    179    176    750    763    756    753    742  
  329    329    322    328    653    654    649    649    652    690    696    701    703    699    673    677    556    544     73    979    990    606    599    203    212    205    206    199    425    357    357    347    541    533    545    536    810    803    805    810    806    808    894    887    898    426    428      5     10      6      0    422    424    411    421    391    397    400    402    178    175    176    182    179    746    760    753    750    738  
  426    436    435    427    697    700    697    690    696    520    519    521    528    527    359    362    860    846    463   1233   1243    206    208    330    316    327    322    327    128    417    418    403    683    676    683    671    991    981    988    993    987    989   1255   1248   1261    847    849    418    413    417    422      0      3     12      3    622    624    627    630    379    381    380    384    381   1057   1070   1063   1062   1051  
  427    438    436    429    698    701    698    691    697    519    518    520    528    527    358    360    861    847    466   1234   1245    205    206    332    317    329    324    328    128    419    420    405    685    677    685    673    992    983    989    995    989    991   1257   1250   1263    849    852    420    415    419    424      3      0     14      5    624    625    629    631    381    383    381    386    383   1059   1072   1065   1064   1053  
  417    427    425    418    694    697    694    687    693    518    517    520    527    526    363    366    849    835    452   1223   1234    217    218    319    305    316    311    315    125    412    412    397    678    670    678    666    986    976    982    988    982    984   1243   1237   1250    836    838    407    402    405    411     12     14      0     11    612    613    617    619    368    370    368    373    370   1049   1062   1054   1054   1043  
  423    434    432    425    699    702    699    692    698    517    516    518    526    525    357    360    857    843    462   1230   1241    209    210    328    313    325    320    324    125    419    419    404    685    677    685    673    992    983    989    995    988    991   1253   1246   1259    846    848    417    412    416    421      3      5     11      0    620    621    625    627    377    379    378    382    379   1058   1070   1063   1063   1052  
  208    196    196    206   1043   1044   1040   1040   1043    538    549    555    551    545    666    670    247    233    325    619    630    827    829    304    315    306    310    309    539    741    740    729    929    921    933    924   1180   1175   1176   1180   1177   1178    661    656    671    533    528    394    395    392    391    622    624    612    620      0      8     10     11    269    268    269    262    266   1051   1064   1058   1053   1042  
  207    196    195    205   1049   1050   1045   1045   1048    533    544    550    546    540    663    667    248    235    331    616    627    828    831    307    318    309    313    312    539    746    746    734    935    927    939    930   1187   1182   1182   1187   1183   1185    663    658    673    540    535    400    401    398    397    624    625    613    621      8      0      4      7    272    272    273    266    270   1058   1071   1065   1060   1049  
  210    199    199    208   1052   1053   1049   1048   1052    535    545    551    547    541    665    669    245    232    334    613    623    832    834    310    321    312    317    315    542    749    749    737    938    930    943    933   1190   1184   1185   1190   1186   1188    661    655    670    541    536    403    404    401    400    627    629    617    625     10      4      0      3    276    276    277    269    274   1061   1074   1067   1063   1051  
  213    201    201    211   1054   1055   1051   1050   1053    536    547    553    549    543    667    672    243    229    336    610    621    834    837    313    324    315    319    318    545    751    751    739    940    931    944    935   1191   1186   1186   1191   1187   1189    658    653    668    540    536    405    406    403    402    630    631    619    627     11      7      3      0    278    278    279    272    276   1061   1074   1068   1063   1052  
  153    154    147    152    799    801    796    794    798    521    528    533    534    530    540    544    488    474    151    886    897    584    583     53     69     57     61     55    329    487    487    473    704    695    707    697    983    976    978    983    979    981    876    869    883    531    530    178    176    175    178    379    381    368    377    269    272    276    278      0      4      2      7      3    921    934    927    924    912  
  155    156    149    154    798    799    795    793    797    524    531    536    537    533    543    548    486    473    148    885    896    586    585     56     72     60     64     58    332    486    486    473    702    694    706    695    980    973    976    981    977    979    874    867    880    527    527    175    173    173    175    381    383    370    379    268    272    276    278      4      0      3      8      4    917    931    924    921    909  
  154    155    149    153    797    799    795    793    797    522    529    535    536    531    541    546    488    474    149    887    897    584    583     54     70     58     62     56    330    486    485    472    703    694    706    696    981    974    977    982    977    979    876    869    882    529    529    176    174    174    176    380    381    368    378    269    273    277    279      2      3      0      8      4    919    932    925    922    911  
  148    149    142    147    805    807    802    801    804    519    526    531    532    528    541    545    482    468    153    880    891    589    588     57     72     61     65     59    333    493    493    480    710    701    713    703    988    981    983    988    984    986    871    864    877    530    529    182    180    179    182    384    386    373    382    262    266    269    272      7      8      8      0      5    924    937    930    927    915  
  151    152    146    150    801    803    798    796    800    520    527    533    534    529    541    545    485    472    151    884    895    586    585     55     70     59     63     57    331    489    489    476    706    697    709    699    984    977    980    985    980    982    874    867    881    530    530    179    177    176    179    381    383    370    379    266    270    274    276      3      4      4      5      0    921    935    928    925    913  
 1067   1064   1057   1065    596    593    590    602    596   1434   1440   1445   1448   1443   1386   1390   1072   1067    776   1459   1470   1154   1139    948    957    951    951    944   1120    667    666    678    461    464    466    474    342    347    337    336    340    340   1165   1158   1158    585    593    747    750    750    746   1057   1059   1049   1058   1051   1058   1061   1061    921    917    919    924    921      0     14      7      7     11  
 1080   1078   1071   1078    604    601    597    610    604   1448   1454   1459   1461   1457   1399   1403   1084   1079    789   1470   1480   1166   1151    962    970    964    965    958   1133    679    678    690    471    473    476    484    342    348    338    337    342    341   1174   1167   1167    596    604    760    763    763    760   1070   1072   1062   1070   1064   1071   1074   1074    934    931    932    937    935     14      0      8     12     23  
 1073   1071   1064   1072    598    595    592    604    598   1441   1447   1452   1454   1450   1392   1396   1078   1074    783   1466   1476   1159   1143    955    963    957    958    951   1126    672    671    683    465    467    469    477    340    345    336    335    339    338   1171   1164   1164    591    599    753    757    756    753   1063   1065   1054   1063   1058   1065   1067   1068    927    924    925    930    928      7      8      0      9     17  
 1070   1067   1061   1068    603    600    596    608    602   1438   1444   1449   1451   1447   1390   1394   1072   1067    779   1459   1469   1160   1144    952    960    954    955    948   1125    673    672    684    468    470    473    480    347    352    343    342    346    345   1164   1156   1157    584    592    750    754    753    750   1062   1064   1054   1063   1053   1060   1063   1063    924    921    922    927    925      7     12      9      0     12  
 1058   1056   1049   1056    597    594    591    603    597   1427   1432   1437   1440   1436   1379   1383   1062   1057    767   1449   1460   1150   1135    940    949    943    943    937   1113    663    662    674    460    463    465    473    348    352    343    343    346    346   1156   1148   1149    574    582    739    742    742    738   1051   1053   1043   1052   1042   1049   1051   1052    912    909    911    915    913     11     23     17     12      0  

    0      0      0      0      0   2944    309      0    538      0      0      0     24      0      0      0      0   3661    619  12139      0      1      0  57809   1044   7650      0   5448      0    248  56719      0    109     13      0      0      0     26      3      0      2   3412      1      0   1052      0      7      0    910  34617      0      0      0      0   3275      0      0      0      0      0      0      0     62  63939      0      0      1  15489      0  
    0      0      0      1      0  49691    291    181      0      0      0      0     24      0      0   1317    758      0      0      0      0      0      0      0      0      0      0  86592    444      0      0   5045  28568  98495   1020      0      0  43047      0      0      0      0      0      4      0      0  20199      0     25      0      0  11540      2      0      0  68773      0      0      0     14    761      0      0      0      0      0      0      0      0  
    8      0      0      0      3      0  10810      3     35      7  20593   2867     30      0      0      0      0      0      0      0      0      0      0      0      0     86      0      0      1      0      0      0      0    244  34683      0     97      0      0      0      0    481      0  22131      0      0      0     15      0      0      0      0      0      0      0      1      0      0      0  15161      0      0      0      0      0   2614  31938      0      0  
 7027     78      5      0      0      2    636   8246     27      0      0      0      0      0      0      0     36  14175      0      7      0   1248      2    144   1278      0      0      0      0      1      0      0      0      0      0      8      0  24909      0      0  48088      0  11686  20451      0      0      0      0      0      0      0      0      2      0      0   5394  22713      0      0      0  10545      0      4      2      0      0      0  63349      0  
   12      0      3      0      0   6294      1      2      0      0      0      0      0      0      0    637     30      0      0      0      0      0   4756      0      0      0      0      0      0      0      0      0      0      0      1    326   1752      0      5      0      0  18265     35   1174      0      0  71427      6      7      0      0   2053     17      0      0      0      1     12      0      0      0      0      8      0  51527      0      0      0   4774  
    2      0      0     52      0      0      0    630      0  15253      0      0      0      0  38715  10661      0      0      0      0   2795  46217     65  47774      0   8844      0      0  23647      1  23787      0      0      0      0      0     80     50      0      0      0      0      0  48561  41362      0      0      4      1   5679      0     46      0   2821      0      0      0      0      0      0      0      0    611  20582      0      0  74842   1637      0  
    0      0      0      0      0  30065      0      0    154     20      0      0      1     62      0      0      0    670      0      0   6643     94  11136      0      0      0      0      0      0     54      4      0      9      0    765      0      0      0      0      0      0      0      0      0      0  28806      0      0      0      0      0      0      0     59   2672      0      0      0      0      5      0      0   2183  41565      0      7    619      0      0  
    0      0      0  33860      0      0      0      0      0   2677     49      2      0      0      0      0      0    131    109      0      0    266    104      0   4573      0      0      0      5      0      0      0      0      0      0      0  35519      0      0      0   3348      0      0      0      0      0   4257      0     60      0   7725    258      0    928      0      2  30383      0  39621      0      9      0      0      0      0      0    621   1006      0  
    0      4      0      0      0   2493      0      0      0      0      0      0      0      0      0      0      0      0      0      0      0      0      0      0      0      0    154     21      0      0      0     11      0      0    265      0   2475      0      0      0      0      1   9373     94      0      0      0   2913   7848      0      0      0      0    165      0      0      0      2      0      0      0      0      0      0      0      0     78      0      0  
    0     49    178    101      0      0      0      0      0      0      1      0      0    586      0    236      0      0     13      0   3311      0      0      0      0      0      0      0      0      0  47691      0      0      0  39329      0      0      0      1      0      0      0  39309    282   6145     90      0      0      0      0  23785      0      0      0     10      0    323      0      0      0      0      0      0      4      0      7      2      0    539  
    0      0      0     20      1    295    626      0     33      0      0  25532      0      0      0  22849      0      0  11823      0    542      0   1228      0      0      0      0     54      0      0      0      0      0      0     19    593      0      0      0      0      0    139      0      0      0  15622      0      0      0    106  45210      0      0      0      0      0      0      0      0      0      0      0      0      0      0   6098      0    145   2856  
    0      0      0    340      0      0   3405    148      0  47970      0      0      0      0     32      0     48      0  11745      0      0     14      0      0      0   1394      0      0      0      1      0    111      3      0  97126      2      0      0   5364      0      6      1      0      0     26      0      0      0  40192   7881     41      0   3767      0      0      1      0      1      0      0      9      0      0      0      0      0      0   2248      0  
    0      6      0      0      0      0   1597     85  30005      0      0      0      0      0      0    278      5      0  35809      0   1925  56574      0      0    360      0  85529      0      0   1999     22      0      1      0   9719      0    971      0     16      0      0   8115      0      0  10193      0      0  25959      7      0      0  36758      2      0      0    508    164      0      0      0      1      0      0      0      0      0      0      0  53242  
