80

    0     23     48     47     72    693    708    678    677    686    723    705    767    753    728    722    457    470    473    459    440    927    927    904    913    916    605    615    605    625   1260   1295   1231   1285   1255    964    939    946    965    980    965    998   1006    912   1287   1252   1297   1281   1286   1264   1263   1268    527    461    500    480    515    461    427    455    427    502    851    845    833    551   1437   1471   1476   1477   1454    709    692    705    657    709    699   1465    111     36  
   23      0     66     25     66    684    699    669    667    676    734    715    776    765    738    733    437    449    452    439    421    927    927    903    912    916    605    615    605    625   1273   1309   1244   1299   1268    968    943    950    969    984    968   1002   1011    916   1300   1266   1310   1295   1299   1278   1277   1281    522    456    496    474    512    444    411    439    412    486    842    835    824    537   1448   1483   1487   1488   1466    712    694    706    658    711    701   1465    129     48  
   48     66      0     84     72    681    698    666    668    676    679    661    724    709    685    677    477    493    499    480    458    897    897    875    884    886    575    587    574    594   1214   1249   1185   1239   1209    928    902    910    928    944    930    962    969    874   1240   1206   1250   1235   1239   1218   1217   1222    507    442    479    462    492    470    437    462    431    511    837    834    820    552   1392   1427   1431   1432   1409    674    659    673    625    676    666   1436     64     25  
   47     25     84      0     59    666    680    651    649    658    737    718    778    768    741    737    412    425    427    414    397    917    917    893    902    907    597    606    597    617   1279   1316   1251   1305   1275    963    939    945    965    979    962    997   1006    912   1308   1273   1317   1301   1306   1284   1283   1288    508    443    482    459    500    421    387    416    390    462    825    817    806    515   1451   1487   1490   1492   1470    706    688    699    651    704    694   1455    145     62  
   72     66     72     59      0    622    637    607    606    615    681    662    721    712    684    682    406    423    430    410    387    861    861    838    846    851    540    550    540    560   1224   1262   1197   1251   1220    905    880    887    907    921    904    939    948    854   1254   1219   1263   1247   1252   1230   1229   1234    457    391    430    409    446    399    365    391    361    440    780    774    762    484   1395   1431   1434   1436   1414    648    630    642    593    647    636   1399    116     51  
  693    684    681    666    622      0     23     16     29     20    645    618    620    669    621    660    446    474    511    455    421    411    411    380    378    414    297    279    303    310   1106   1164   1094   1140   1107    564    561    543    575    568    541    591    614    549   1164   1126   1158   1137   1153   1125   1127   1127    202    257    233    230    244    335    350    320    313    309    161    153    141    218   1192   1236   1224   1232   1218    391    361    347    332    361    351    874    678    667  
  708    699    698    680    637     23      0     36     33     23    666    639    640    690    642    681    448    475    512    456    424    421    421    390    387    425    319    301    325    332   1124   1182   1112   1157   1124    577    576    557    589    581    553    604    628    564   1182   1144   1175   1155   1171   1142   1145   1144    224    278    255    250    266    339    356    325    322    311    150    137    129    220   1207   1251   1239   1246   1233    410    381    366    352    380    371    874    696    683  
  678    669    666    651    607     16     36      0     27     23    636    610    613    661    613    651    436    465    502    445    410    415    414    384    382    417    288    270    293    302   1103   1160   1090   1136   1103    564    560    543    575    569    541    592    614    547   1159   1121   1154   1133   1149   1121   1123   1123    188    242    219    215    230    324    338    309    301    300    175    168    156    209   1191   1235   1224   1231   1217    385    355    341    324    355    346    884    663    652  
  677    667    668    649    606     29     33     27      0     11    660    633    638    685    637    675    419    446    483    427    394    439    439    408    406    442    311    294    317    326   1129   1186   1116   1162   1129    590    586    569    601    595    567    617    640    573   1186   1147   1180   1159   1175   1147   1149   1149    202    252    232    224    246    308    325    294    290    282    182    168    162    191   1218   1261   1250   1257   1243    410    380    367    349    381    371    902    667    653  
  686    676    676    658    615     20     23     23     11      0    659    632    636    684    636    674    429    456    493    437    404    431    431    400    398    434    310    293    316    324   1125   1182   1112   1158   1125    583    580    563    595    588    560    611    634    568   1181   1143   1176   1155   1171   1143   1145   1145    206    258    237    230    250    318    335    304    300    292    172    159    152    201   1212   1255   1244   1251   1237    407    377    364    347    378    368    892    675    661  
  723    734    679    737    681    645    666    636    660    659      0     28     71     33     31     18    877    909    940    886    843    468    468    470    486    449    350    367    344    335    550    594    525    579    547    366    334    360    357    385    389    390    382    309    588    551    593    575    584    559    559    562    495    496    480    518    449    778    761    755    714    789    701    731    701    740    715    751    754    755    733    271    295    315    315    303    308    921    623    687  
  705    715    661    718    662    618    639    610    633    632     28      0     70     58     25     42    852    884    914    860    817    452    452    452    468    433    323    340    317    309    573    618    549    602    570    359    326    351    351    378    380    385    378    300    613    575    617    599    607    583    583    586    468    469    453    491    422    751    735    729    687    762    676    706    676    713    734    771    773    775    753    248    271    291    290    279    283    916    607    670  
  767    776    724    778    721    620    640    613    638    636     71     70      0     68     46     86    887    920    951    896    853    407    407    411    427    388    333    347    328    315    529    578    508    560    527    296    264    291    287    316    320    320    312    239    574    536    575    556    567    541    542    544    488    498    477    517    445    783    769    760    720    790    661    694    663    734    678    716    716    719    698    234    261    279    289    265    272    851    672    731  
  753    765    709    768    712    669    690    661    685    684     33     58     68      0     49     33    909    941    971    918    875    474    474    478    494    456    376    392    371    360    517    562    493    546    514    361    328    357    350    380    385    383    373    305    556    519    560    543    551    526    527    530    524    527    510    548    479    809    792    786    745    820    720    752    721    769    684    719    723    724    702    290    316    335    339    322    328    913    653    718  
  728    738    685    741    684    621    642    613    637    636     31     25     46     49      0     49    866    898    929    875    832    438    438    439    455    419    328    344    322    312    554    601    531    584    552    338    305    331    329    357    360    363    356    280    596    558    599    581    590    565    565    568    477    482    463    502    432    764    749    742    701    775    673    704    674    723    712    749    751    753    732    244    269    288    291    275    281    894    631    693  
  722    733    677    737    682    660    681    651    675    674     18     42     86     33     49      0    886    918    948    895    852    486    486    488    504    467    364    382    359    350    546    589    521    575    543    382    350    377    373    401    405    406    397    325    583    546    588    571    579    554    554    558    508    507    492    529    462    787    770    765    723    800    718    748    717    752    715    750    754    756    733    289    312    332    331    320    325    937    621    687  
  457    437    477    412    406    446    448    436    419    429    877    852    887    909    866    886      0     33     69     10     35    832    831    801    803    830    581    576    585    604   1415   1465   1395   1446   1413    950    937    929    958    960    935    982   1000    917   1461   1423   1462   1443   1454   1428   1429   1431    422    392    421    380    454    118    121    138    170    137    591    564    569    228   1544   1586   1580   1585   1567    712    682    681    641    693    681   1320    516    454  
  470    449    493    425    423    474    475    465    446    456    909    884    920    941    898    918     33      0     38     24     67    863    862    832    833    861    613    609    617    637   1447   1497   1427   1479   1446    982    969    961    990    992    967   1014   1032    949   1493   1455   1494   1475   1486   1460   1461   1463    455    425    454    412    487    149    153    170    203    166    616    588    594    256   1577   1618   1613   1618   1600    744    715    714    674    725    713   1348    535    469  
  473    452    499    427    430    511    512    502    483    493    940    914    951    971    929    948     69     38      0     59    102    900    899    869    870    898    648    644    652    672   1480   1529   1459   1511   1478   1018   1005    997   1026   1028   1003   1050   1068    985   1524   1486   1526   1507   1518   1492   1493   1495    490    459    489    447    521    186    188    206    238    203    652    624    630    293   1611   1652   1647   1652   1634    779    750    749    708    760    748   1385    544    475  
  459    439    480    414    410    455    456    445    427    437    886    860    896    918    875    895     10     24     59      0     44    841    841    811    812    839    590    585    594    614   1424   1474   1404   1455   1422    959    946    938    967    969    944    991   1010    926   1469   1432   1471   1452   1463   1437   1438   1440    432    402    431    389    463    127    130    147    180    146    599    572    577    237   1554   1595   1590   1595   1577    721    692    691    650    702    690   1329    520    457  
  440    421    458    397    387    421    424    410    394    404    843    817    853    875    832    852     35     67    102     44      0    801    801    771    773    799    547    543    551    571   1381   1431   1360   1412   1379    917    904    896    925    927    903    949    968    884   1426   1388   1428   1409   1420   1394   1394   1397    389    358    388    346    420     88     87    107    137    114    568    543    547    204   1511   1552   1546   1552   1534    678    649    648    607    659    647   1294    495    435  
  927    927    897    917    861    411    421    415    439    431    468    452    407    474    438    486    832    863    900    841    801      0      1     32     37     19    323    312    323    304    759    821    755    793    762    183    197    168    198    179    151    199    226    202    824    788    812    791    810    782    785    783    433    489    449    484    424    715    719    695    672    700    352    394    366    615    805    850    834    843    832    246    249    231    276    232    239    539    866    893  
  927    927    897    917    861    411    421    414    439    431    468    452    407    474    438    486    831    862    899    841    801      1      0     31     37     19    323    312    323    304    759    821    755    793    762    183    197    168    198    179    151    199    226    202    824    788    812    791    810    782    786    783    432    489    449    484    424    714    719    695    672    700    352    394    365    614    806    850    834    843    833    246    249    231    276    232    238    539    866    893  
  904    903    875    893    838    380    390    384    408    400    470    452    411    478    439    488    801    832    869    811    771     32     31      0     16     38    301    289    302    283    782    843    777    816    784    207    218    190    221    204    176    226    252    219    846    810    835    814    833    804    808    805    405    462    422    456    398    684    689    665    642    670    325    367    337    584    833    877    862    871    860    234    234    214    257    217    222    562    845    870  
  913    912    884    902    846    378    387    382    406    398    486    468    427    494    455    504    803    833    870    812    773     37     37     16      0     49    311    298    312    294    794    856    790    828    797    218    231    202    233    215    187    236    262    233    859    823    847    826    845    816    820    818    410    469    428    462    405    686    691    667    645    670    315    358    329    583    842    886    871    880    869    249    247    227    269    230    235    553    855    879  
  916    916    886    907    851    414    425    417    442    434    449    433    388    456    419    467    830    861    898    839    799     19     19     38     49      0    312    302    312    292    745    807    741    779    748    170    182    153    185    167    139    188    214    185    810    774    798    777    796    768    771    769    427    482    442    478    416    712    716    693    669    699    362    404    374    614    796    840    825    834    823    230    234    217    263    217    224    551    854    882  
  605    605    575    597    540    297    319    288    311    310    350    323    333    376    328    364    581    613    648    590    547    323    323    301    311    312      0     21      6     24    847    901    830    880    846    383    365    363    388    396    375    417    431    342    898    860    896    876    890    862    864    865    162    193    160    202    128    468    461    446    411    469    380    403    375    405    965   1007   1000   1006    988    132    104    108     62    116    105    861    545    571  
  615    615    587    606    550    279    301    270    294    293    367    340    347    392    344    382    576    609    644    585    543    312    312    289    298    302     21      0     26     33    857    912    841    890    857    381    365    361    388    394    372    415    431    343    910    871    907    887    901    873    875    876    155    193    157    198    126    462    456    440    406    462    360    382    354    395    971   1013   1007   1012    995    137    107    107     66    117    105    850    558    582  
  605    605    574    597    540    303    325    293    317    316    344    317    328    371    322    359    585    617    652    594    551    323    323    302    312    312      6     26      0     22    842    896    825    875    841    380    362    361    386    394    373    415    429    339    893    855    891    871    885    857    859    860    166    196    164    206    131    473    465    450    415    474    385    408    380    410    961   1002    996   1002    984    128    101    106     59    114    102    862    544    571  
  625    625    594    617    560    310    332    302    326    324    335    309    315    360    312    350    604    637    672    614    571    304    304    283    294    292     24     33     22      0    825    880    809    858    825    359    341    339    364    373    352    393    408    318    877    839    875    855    869    841    843    844    185    217    184    225    152    492    484    470    435    492    384    409    380    427    942    983    977    982    965    108     80     84     38     93     81    843    562    590  
 1260   1273   1214   1279   1224   1106   1124   1103   1129   1125    550    573    529    517    554    546   1415   1447   1480   1424   1381    759    759    782    794    745    847    857    842    825      0     63     35     34      9    577    566    593    562    582    609    564    537    569     70     48     53     32     53     27     33     26   1008   1025   1000   1041    968   1309   1296   1286   1247   1314   1100   1140   1109   1252    219    237    255    250    223    724    756    765    793    751    762    902   1154   1225  
 1295   1309   1249   1316   1262   1164   1182   1160   1186   1182    594    618    578    562    601    589   1465   1497   1529   1474   1431    821    821    843    856    807    901    912    896    880     63      0     71     31     60    638    627    654    623    644    671    626    599    630     17     44     14     32     12     40     37     38   1061   1076   1052   1093   1020   1360   1346   1337   1298   1366   1160   1200   1169   1306    232    239    263    255    229    780    811    821    848    807    818    958   1189   1262  
 1231   1244   1185   1251   1197   1094   1112   1090   1116   1112    525    549    508    493    531    521   1395   1427   1459   1404   1360    755    755    777    790    741    830    841    825    809     35     71      0     55     28    573    560    588    558    580    606    562    536    562     70     34     68     51     60     34     35     38    990   1005    982   1022    949   1289   1276   1267   1227   1296   1092   1132   1101   1235    254    271    290    285    258    709    740    751    777    737    748    919   1125   1197  
 1285   1299   1239   1305   1251   1140   1157   1136   1162   1158    579    602    560    546    584    575   1446   1479   1511   1455   1412    793    793    816    828    779    880    890    875    858     34     31     55      0     34    611    600    626    595    616    643    597    571    603     43     42     20      5     24     22     25     18   1040   1056   1032   1073   1000   1340   1328   1318   1279   1346   1134   1174   1143   1284    215    227    249    242    216    757    789    798    826    785    795    927   1179   1251  
 1255   1268   1209   1275   1220   1107   1124   1103   1129   1125    547    570    527    514    552    543   1413   1446   1478   1422   1379    762    762    784    797    748    846    857    841    825      9     60     28     34      0    579    568    595    564    585    612    567    540    571     65     40     52     31     49     22     27     22   1007   1023    999   1040    966   1307   1294   1285   1246   1313   1102   1142   1111   1251    227    244    263    257    231    724    755    765    792    751    762    909   1150   1221  
  964    968    928    963    905    564    577    564    590    583    366    359    296    361    338    382    950    982   1018    959    917    183    183    207    218    170    383    381    380    359    577    638    573    611    579      0     33     21     16     20     34     35     52     60    642    606    629    608    628    599    603    600    530    574    537    577    507    833    831    812    782    826    529    571    540    747    632    676    663    671    658    259    281    276    322    267    279    558    886    928  
  939    943    902    939    880    561    576    560    586    580    334    326    264    328    305    350    937    969   1005    946    904    197    197    218    231    182    365    365    362    341    566    627    560    600    568     33      0     33     27     53     60     62     68     29    629    593    618    597    616    587    591    589    516    557    521    562    490    821    818    800    769    815    536    576    546    738    632    676    664    671    658    237    262    259    304    249    261    590    859    903  
  946    950    910    945    887    543    557    543    569    563    360    351    291    357    331    377    929    961    997    938    896    168    168    190    202    153    363    361    361    339    593    654    588    626    595     21     33      0     33     35     29     54     73     52    657    621    645    624    643    615    619    616    509    553    517    557    486    813    811    791    761    805    511    552    522    726    651    695    682    690    678    240    262    256    303    247    259    567    869    911  
  965    969    928    965    907    575    589    575    601    595    357    351    287    350    329    373    958    990   1026    967    925    198    198    221    233    185    388    388    386    364    562    623    558    595    564     16     27     33      0     31     50     36     44     55    626    591    614    593    613    584    588    585    538    580    544    584    513    842    839    820    790    835    543    585    554    757    619    663    650    658    645    262    286    282    327    272    284    566    886    929  
  980    984    944    979    921    568    581    569    595    588    385    378    316    380    357    401    960    992   1028    969    927    179    179    204    215    167    396    394    394    373    582    644    580    616    585     20     53     35     31      0     29     23     48     79    648    613    635    614    634    605    609    606    541    586    549    589    519    843    842    822    793    835    528    570    540    755    631    675    660    669    657    274    296    289    336    281    292    538    903    945  
  965    968    930    962    904    541    553    541    567    560    389    380    320    385    360    405    935    967   1003    944    903    151    151    176    187    139    375    372    373    352    609    671    606    643    612     34     60     29     50     29      0     51     76     81    674    639    662    641    660    632    636    633    518    564    526    566    497    818    817    797    768    809    500    542    512    729    659    703    689    697    685    257    276    268    316    261    272    540    890    929  
  998   1002    962    997    939    591    604    592    617    611    390    385    320    383    363    406    982   1014   1050    991    949    199    199    226    236    188    417    415    415    393    564    626    562    597    567     35     62     54     36     23     51      0     27     90    630    595    616    595    615    587    591    588    563    607    571    611    540    865    864    844    815    857    550    591    562    778    609    653    638    647    635    293    316    310    356    301    313    532    920    962  
 1006   1011    969   1006    948    614    628    614    640    634    382    378    312    373    356    397   1000   1032   1068   1010    968    226    226    252    262    214    431    431    429    408    537    599    536    571    540     52     68     73     44     48     76     27      0     95    603    569    590    569    589    560    565    561    580    623    587    627    556    884    882    863    833    877    576    617    587    798    583    627    613    622    610    305    329    325    370    315    327    541    926    970  
  912    916    874    912    854    549    564    547    573    568    309    300    239    305    280    325    917    949    985    926    884    202    202    219    233    185    342    343    339    318    569    630    562    603    571     60     29     52     55     79     81     90     95      0    632    595    622    601    619    590    594    592    495    534    499    540    468    801    797    780    748    797    531    571    540    721    645    688    678    685    670    213    239    237    281    226    238    617    831    876  
 1287   1300   1240   1308   1254   1164   1182   1159   1186   1181    588    613    574    556    596    583   1461   1493   1524   1469   1426    824    824    846    859    810    898    910    893    877     70     17     70     43     65    642    629    657    626    648    674    630    603    632      0     39     29     42     19     44     39     44   1058   1072   1049   1090   1017   1356   1342   1334   1294   1363   1162   1202   1171   1303    248    255    279    271    245    778    810    820    846    806    817    969   1180   1253  
 1252   1266   1206   1273   1219   1126   1144   1121   1147   1143    551    575    536    519    558    546   1423   1455   1486   1432   1388    788    788    810    823    774    860    871    855    839     48     44     34     42     40    606    593    621    591    613    639    595    569    595     39      0     46     38     34     24     18     28   1020   1034   1011   1051    978   1318   1304   1295   1256   1325   1125   1165   1134   1265    256    269    290    284    257    740    771    782    807    768    779    947   1146   1218  
 1297   1310   1250   1317   1263   1158   1175   1154   1180   1176    593    617    575    560    599    588   1462   1494   1526   1471   1428    812    812    835    847    798    896    907    891    875     53     14     68     20     52    629    618    645    614    635    662    616    590    622     29     46      0     22     15     35     34     32   1056   1072   1049   1089   1016   1356   1343   1334   1294   1362   1152   1192   1162   1301    220    228    252    244    218    775    806    816    843    802    813    944   1190   1263  
 1281   1295   1235   1301   1247   1137   1155   1133   1159   1155    575    599    556    543    581    571   1443   1475   1507   1452   1409    791    791    814    826    777    876    887    871    855     32     32     51      5     31    608    597    624    593    614    641    595    569    601     42     38     22      0     24     18     21     14   1037   1053   1029   1070    996   1337   1324   1315   1275   1343   1131   1171   1140   1281    219    231    252    246    219    754    785    795    822    782    792    928   1175   1247  
 1286   1299   1239   1306   1252   1153   1171   1149   1175   1171    584    607    567    551    590    579   1454   1486   1518   1463   1420    810    810    833    845    796    890    901    885    869     53     12     60     24     49    628    616    643    613    634    660    615    589    619     19     34     15     24      0     29     26     28   1050   1065   1041   1082   1009   1349   1335   1326   1287   1355   1150   1189   1158   1294    234    242    266    258    232    769    800    810    837    796    807    951   1179   1252  
 1264   1278   1218   1284   1230   1125   1142   1121   1147   1143    559    583    541    526    565    554   1428   1460   1492   1437   1394    782    782    804    816    768    862    873    857    841     27     40     34     22     22    599    587    615    584    605    632    587    560    590     44     24     35     18     29      0      7      5   1022   1038   1014   1055    982   1322   1309   1300   1260   1328   1121   1161   1130   1267    233    247    268    261    235    741    772    782    809    768    779    929   1158   1230  
 1263   1277   1217   1283   1229   1127   1145   1123   1149   1145    559    583    542    527    565    554   1429   1461   1493   1438   1394    785    786    808    820    771    864    875    859    843     33     37     35     25     27    603    591    619    588    609    636    591    565    594     39     18     34     21     26      7      0     10   1024   1039   1016   1056    983   1323   1310   1301   1261   1330   1124   1164   1133   1269    238    251    272    266    240    743    774    784    811    771    781    935   1157   1229  
 1268   1281   1222   1288   1234   1127   1144   1123   1149   1145    562    586    544    530    568    558   1431   1463   1495   1440   1397    783    783    805    818    769    865    876    860    844     26     38     38     18     22    600    589    616    585    606    633    588    561    592     44     28     32     14     28      5     10      0   1025   1041   1017   1058    985   1325   1312   1303   1263   1331   1123   1162   1131   1270    229    242    263    257    231    743    775    785    811    771    782    927   1162   1234  
  527    522    507    508    457    202    224    188    202    206    495    468    488    524    477    508    422    455    490    432    389    433    432    405    410    427    162    155    166    185   1008   1061    990   1040   1007    530    516    509    538    541    518    563    580    495   1058   1020   1056   1037   1050   1022   1024   1025      0     66     32     52     48    308    303    286    253    308    341    346    327    247   1126   1167   1161   1166   1149    291    261    259    220    271    259    958    494    497  
  461    456    442    443    391    257    278    242    252    258    496    469    498    527    482    507    392    425    459    402    358    489    489    462    469    482    193    193    196    217   1025   1076   1005   1056   1023    574    557    553    580    586    564    607    623    534   1072   1034   1072   1053   1065   1038   1039   1041     66      0     41     30     68    285    273    262    223    294    403    406    388    250   1153   1194   1189   1194   1176    324    296    299    254    309    297   1019    430    431  
  500    496    479    482    430    233    255    219    232    237    480    453    477    510    463    492    421    454    489    431    388    449    449    422    428    442    160    157    164    184   1000   1052    982   1032    999    537    521    517    544    549    526    571    587    499   1049   1011   1049   1029   1041   1014   1016   1017     32     41      0     42     33    310    301    288    252    314    372    378    358    260   1124   1165   1159   1165   1147    291    263    263    221    274    262    979    465    470  
  480    474    462    459    409    230    250    215    224    230    518    491    517    548    502    529    380    412    447    389    346    484    484    456    462    478    202    198    206    225   1041   1093   1022   1073   1040    577    562    557    584    589    566    611    627    540   1090   1051   1089   1070   1082   1055   1056   1058     52     30     42      0     75    269    260    246    210    274    378    380    363    225   1165   1207   1201   1206   1189    333    304    304    262    315    303   1010    453    451  
  515    512    492    500    446    244    266    230    246    250    449    422    445    479    432    462    454    487    521    463    420    424    424    398    405    416    128    126    131    152    968   1020    949   1000    966    507    490    486    513    519    497    540    556    468   1017    978   1016    996   1009    982    983    985     48     68     33     75      0    343    334    321    284    347    373    382    361    291   1091   1132   1127   1132   1114    259    231    232    189    242    230    957    473    484  
  461    444    470    421    399    335    339    324    308    318    778    751    783    809    764    787    118    149    186    127     88    715    714    684    686    712    468    462    473    492   1309   1360   1289   1340   1307    833    821    813    842    843    818    865    884    801   1356   1318   1356   1337   1349   1322   1323   1325    308    285    310    269    343      0     34     23     66     43    485    462    464    121   1433   1474   1468   1474   1456    599    569    567    528    578    566   1207    497    449  
  427    411    437    387    365    350    356    338    325    335    761    735    769    792    749    770    121    153    188    130     87    719    719    689    691    716    461    456    465    484   1296   1346   1276   1328   1294    831    818    811    839    842    817    864    882    797   1342   1304   1343   1324   1335   1309   1310   1312    303    273    301    260    334     34      0     33     50     76    504    483    483    144   1424   1466   1460   1465   1447    592    563    562    521    573    561   1219    463    415  
  455    439    462    416    391    320    325    309    294    304    755    729    760    786    742    765    138    170    206    147    107    695    695    665    667    693    446    440    450    470   1286   1337   1267   1318   1285    812    800    791    820    822    797    844    863    780   1334   1295   1334   1315   1326   1300   1301   1303    286    262    288    246    321     23     33      0     45     51    473    451    452    112   1411   1452   1446   1451   1434    577    547    545    506    557    545   1190    486    441  
  427    412    431    390    361    313    322    301    290    300    714    687    720    745    701    723    170    203    238    180    137    672    672    642    645    669    411    406    415    435   1247   1298   1227   1279   1246    782    769    761    790    793    768    815    833    748   1294   1256   1294   1275   1287   1260   1261   1263    253    223    252    210    284     66     50     45      0     92    471    453    450    126   1375   1416   1410   1416   1398    542    513    512    471    523    511   1176    451    411  
  502    486    511    462    440    309    311    300    282    292    789    762    790    820    775    800    137    166    203    146    114    700    700    670    670    699    469    462    474    492   1314   1366   1296   1346   1313    826    815    805    835    835    809    857    877    797   1363   1325   1362   1343   1355   1328   1330   1331    308    294    314    274    347     43     76     51     92      0    455    430    433     91   1433   1475   1467   1473   1456    598    568    564    527    576    564   1183    536    490  
  851    842    837    825    780    161    150    175    182    172    701    676    661    720    673    718    591    616    652    599    568    352    352    325    315    362    380    360    385    384   1100   1160   1092   1134   1102    529    536    511    543    528    500    550    576    531   1162   1125   1152   1131   1150   1121   1124   1123    341    403    372    378    373    485    504    473    471    455      0     43     22    365   1157   1201   1186   1195   1184    430    406    386    391    399    393    742    831    824  
  845    835    834    817    774    153    137    168    168    159    731    706    694    752    704    748    564    588    624    572    543    394    394    367    358    404    403    382    408    409   1140   1200   1132   1174   1142    571    576    552    585    570    542    591    617    571   1202   1165   1192   1171   1189   1161   1164   1162    346    406    378    380    382    462    483    451    453    430     43      0     32    341   1199   1243   1228   1237   1226    462    436    417    419    430    424    777    830    819  
  833    824    820    806    762    141    129    156    162    152    701    676    663    721    674    717    569    594    630    577    547    366    365    337    329    374    375    354    380    380   1109   1169   1101   1143   1111    540    546    522    554    540    512    562    587    540   1171   1134   1162   1140   1158   1130   1133   1131    327    388    358    363    361    464    483    452    450    433     22     32      0    343   1170   1214   1199   1208   1196    431    406    387    389    400    394    763    815    807  
  551    537    552    515    484    218    220    209    191    201    740    713    734    769    723    752    228    256    293    237    204    615    614    584    583    614    405    395    410    427   1252   1306   1235   1284   1251    747    738    726    757    755    729    778    798    721   1303   1265   1301   1281   1294   1267   1269   1270    247    250    260    225    291    121    144    112    126     91    365    341    343      0   1362   1404   1396   1402   1386    530    499    493    460    505    494   1092    568    533  
 1437   1448   1392   1451   1395   1192   1207   1191   1218   1212    715    734    678    684    712    715   1544   1577   1611   1554   1511    805    806    833    842    796    965    971    961    942    219    232    254    215    227    632    632    651    619    631    659    609    583    645    248    256    220    219    234    233    238    229   1126   1153   1124   1165   1091   1433   1424   1411   1375   1433   1157   1199   1170   1362      0     45     40     42     28    835    865    870    906    857    869    807   1335   1401  
 1471   1483   1427   1487   1431   1236   1251   1235   1261   1255    751    771    716    719    749    750   1586   1618   1652   1595   1552    850    850    877    886    840   1007   1013   1002    983    237    239    271    227    244    676    676    695    663    675    703    653    627    688    255    269    228    231    242    247    251    242   1167   1194   1165   1207   1132   1474   1466   1452   1416   1475   1201   1243   1214   1404     45      0     33     20     19    877    907    912    948    899    911    842   1369   1436  
 1476   1487   1431   1490   1434   1224   1239   1224   1250   1244    754    773    716    723    751    754   1580   1613   1647   1590   1546    834    834    862    871    825   1000   1007    996    977    255    263    290    249    263    663    664    682    650    660    689    638    613    678    279    290    252    252    266    268    272    263   1161   1189   1159   1201   1127   1468   1460   1446   1410   1467   1186   1228   1199   1396     40     33      0     14     35    870    900    904    941    892    904    812   1374   1440  
 1477   1488   1432   1492   1436   1232   1246   1231   1257   1251    755    775    719    724    753    756   1585   1618   1652   1595   1552    843    843    871    880    834   1006   1012   1002    982    250    255    285    242    257    671    671    690    658    669    697    647    622    685    271    284    244    246    258    261    266    257   1166   1194   1165   1206   1132   1474   1465   1451   1416   1473   1195   1237   1208   1402     42     20     14      0     27    876    906    910    947    898    910    826   1375   1442  
 1454   1466   1409   1470   1414   1218   1233   1217   1243   1237    733    753    698    702    732    733   1567   1600   1634   1577   1534    832    833    860    869    823    988    995    984    965    223    229    258    216    231    658    658    678    645    657    685    635    610    670    245    257    218    219    232    235    240    231   1149   1176   1147   1189   1114   1456   1447   1434   1398   1456   1184   1226   1196   1386     28     19     35     27      0    859    889    894    930    881    893    832   1352   1419  
