159

    0     68     57     54     49      6     40     26     12     13    378    389    365    331    362    379    379    366    405    364    324    184    217    136    206    214    167    170    188    176    157    166    222    164   1342   1376   1409   1324   1370   1364   1400   1348   1322   1370   1333    712    726    733    778    743    769    724    759    711    728    795    767    800    762    805    778    786    772    786    780    774    759    738    748    729    846    903    891    860    848    324    326    334    377    317    380    320    328    350    382    326    552    536    553    555    560    528    552    546    549    510    531    552    561    953    973   1020    927    976   1018    988    965    989    995    259    265    288    302    319    307    320    298   1195   1156   1201    126     63    103    108     91    118     91     90    100    140    129    483    541    460    503    495    499    491    505    483    527    451    459   1192   1225   1233   1227    662    640    630    615    595    627   1019   1077   1058   1049   1062   1071  
   68      0     43     62     49     64     58     44     58     79    442    453    430    394    426    442    443    431    470    429    387    251    285    203    270    280    234    236    254    243    223    234    288    231   1409   1443   1476   1392   1437   1432   1467   1416   1389   1437   1400    779    793    800    844    810    836    790    826    778    736    803    774    806    764    810    783    791    778    792    785    781    763    741    754    731    907    965    953    922    908    387    382    392    432    376    437    378    385    409    440    384    605    588    606    606    611    581    604    595    596    564    580    606    610   1012   1032   1081    987   1036   1078   1049   1025   1049   1055    248    242    274    284    306    293    305    279   1260   1221   1267    151     82    112    105     82    124     88    110     96    140    114    551    608    527    570    562    566    558    572    550    594    491    499   1260   1292   1301   1294    728    707    698    682    663    694   1048   1106   1085   1078   1093   1096  
   57     43      0     21     72     57     24     48     46     69    431    443    419    386    416    434    433    419    457    417    379    234    264    185    261    265    216    222    239    222    208    216    275    216   1383   1418   1452   1367   1412   1406   1443   1391   1364   1412   1375    761    776    782    828    793    819    774    810    761    697    765    736    768    727    773    745    753    740    754    747    743    725    704    716    694    872    931    917    888    872    380    383    390    433    374    437    377    384    407    439    383    609    593    610    611    616    585    609    603    605    567    587    608    617    975    996   1045    950   1000   1043   1013    989   1013   1019    285    282    312    323    344    332    343    319   1230   1191   1238    109     41     70     66     44     83     48     68     57    101     80    531    587    507    550    543    546    538    551    529    575    505    513   1238   1269   1278   1271    700    686    673    657    639    667   1069   1128   1108   1100   1113   1120  
   54     62     21      0     82     56     15     55     46     65    418    432    406    375    404    424    421    406    444    404    369    221    248    171    250    252    202    210    226    206    196    202    262    204   1365   1400   1434   1350   1394   1388   1425   1374   1346   1394   1357    745    761    767    814    778    804    760    795    746    684    751    723    755    715    760    732    741    727    742    734    730    713    692    703    682    852    910    897    867    852    370    377    383    427    366    430    369    377    399    431    376    603    587    604    606    611    579    604    599    602    561    583    602    613    954    976   1024    930    980   1023    993    968    993    998    298    298    326    338    358    346    357    334   1210   1172   1218     90     21     55     56     37     69     38     49     47     90     76    516    571    491    534    528    530    522    534    513    559    505    513   1221   1251   1261   1254    681    670    656    640    622    649   1072   1131   1112   1103   1116   1124  
   49     49     72     82      0     43     71     29     46     53    402    411    390    352    384    398    401    390    430    389    344    216    253    172    229    243    202    199    217    213    188    201    250    195   1379   1412   1445   1360   1406   1401   1436   1384   1358   1406   1369    742    755    762    806    772    797    751    787    740    766    833    804    837    797    842    814    823    809    823    816    812    795    774    785    764    891    947    937    905    893    343    335    346    384    330    390    331    339    363    393    338    557    539    558    558    563    532    556    546    547    517    531    558    561   1000   1019   1066    973   1022   1063   1033   1011   1034   1041    217    219    245    258    276    265    277    254   1236   1197   1241    168     99    137    136    115    151    118    129    127    171    151    515    575    493    535    526    532    523    540    516    559    442    450   1225   1260   1267   1260    702    673    667    651    631    665   1002   1060   1039   1031   1046   1051  
    6     64     57     56     43      0     42     21     11     16    380    392    368    333    364    381    381    368    408    367    327    187    221    140    208    217    171    173    191    180    160    170    225    168   1346   1380   1413   1329   1374   1369   1404   1353   1326   1374   1337    716    730    736    781    747    772    727    763    714    732    799    771    803    765    809    781    790    776    790    783    778    762    742    752    732    851    908    897    865    853    327    327    335    378    319    381    321    329    352    384    328    553    537    554    555    560    529    553    547    549    511    531    553    561    959    978   1026    932    981   1023    993    970    994   1000    254    260    284    297    314    303    315    293   1200   1161   1205    130     66    105    110     93    120     92     94    102    143    131    487    545    464    507    499    503    494    509    487    531    450    458   1196   1229   1237   1231    667    644    635    619    599    631   1017   1076   1057   1047   1060   1069  
   40     58     24     15     71     42      0     43     32     51    408    421    396    364    393    412    410    396    434    394    357    211    240    161    239    242    193    199    216    198    185    192    252    193   1359   1394   1428   1344   1388   1383   1419   1368   1340   1388   1351    737    753    759    805    769    795    751    786    737    696    763    735    767    728    772    745    753    740    754    747    742    725    704    715    695    851    909    896    866    851    358    364    370    414    353    417    357    364    386    419    363    590    574    591    593    598    566    591    585    588    548    570    589    599    954    976   1024    930    979   1022    992    968    992    998    287    288    315    327    346    335    346    323   1207   1169   1214     99     29     67     70     52     81     52     59     61    103     90    508    564    483    526    520    523    514    527    505    551    491    499   1214   1245   1255   1248    677    663    650    634    615    644   1058   1117   1098   1088   1101   1110  
   26     44     48     55     29     21     43      0     19     36    399    410    387    351    382    398    399    387    426    385    344    207    241    160    226    236    191    192    210    200    179    190    244    187   1366   1400   1434   1349   1394   1389   1425   1373   1347   1394   1357    735    749    756    800    766    792    746    782    734    738    805    777    809    770    814    787    795    782    796    789    784    767    746    757    737    871    928    917    885    873    343    341    351    391    334    396    336    344    367    398    343    565    549    567    568    573    541    566    558    560    525    542    566    572    978    998   1046    952   1001   1043   1013    990   1014   1020    245    248    274    286    305    293    305    282   1220   1181   1226    139     70    109    110     90    123     92    100    101    144    127    507    565    484    526    518    523    514    529    507    550    458    466   1216   1249   1258   1251    687    664    655    639    620    652   1022   1080   1060   1052   1066   1072  
   12     58     46     46     46     11     32     19      0     24    389    401    377    342    373    390    390    377    416    375    336    195    228    146    217    225    178    181    199    186    168    177    234    176   1352   1386   1419   1335   1380   1374   1410   1359   1332   1380   1343    723    737    744    789    754    780    735    771    722    724    792    763    796    757    801    774    782    768    782    775    770    754    734    744    724    853    910    899    868    855    336    337    345    388    328    391    331    339    362    394    338    563    547    564    565    571    539    563    557    559    521    542    563    571    960    980   1028    934    983   1025    995    972    996   1002    260    264    290    302    320    309    321    298   1204   1165   1210    124     57     97    101     82    111     83     86     92    134    121    494    552    471    513    506    510    501    516    493    538    461    469   1203   1235   1244   1237    671    651    640    625    606    637   1027   1086   1067   1057   1071   1079  
   13     79     69     65     53     16     51     36     24      0    365    377    353    319    349    367    367    354    393    352    312    172    206    125    194    202    156    158    176    165    145    155    210    153   1331   1365   1398   1314   1359   1354   1390   1338   1312   1359   1322    701    715    721    766    732    757    712    748    699    733    801    773    805    768    811    783    792    778    792    785    779    765    744    753    735    838    895    884    852    841    312    314    322    365    305    368    308    316    338    370    314    540    524    541    543    548    516    540    535    537    498    519    540    549    947    966   1013    921    969   1010    981    958    982    988    257    265    287    300    316    306    318    297   1186   1147   1191    131     72    111    118    102    126    101     97    110    149    140    472    530    449    492    484    488    479    494    472    516    440    448   1181   1214   1223   1216    653    629    620    604    585    617   1009   1068   1049   1039   1052   1061  
  378    442    431    418    402    380    408    399    389    365      0     24     13     57     24     47     19     13     31     16     67    199    182    249    173    167    219    209    192    219    223    219    157    215   1003   1031   1062    978   1025   1023   1053   1002    980   1028    989    347    356    364    406    374    398    351    388    342    889    952    933    963    947    974    947    957    941    952    947    934    935    922    914    914    618    659    664    624    632     74    140    108    141    114    127    123    119    103    115    118    258    254    259    271    277    241    265    291    301    216    276    248    292    753    754    793    716    755    784    757    745    762    771    457    497    484    501    495    493    504    503    895    852    887    415    411    434    452    448    445    442    416    448    465    478    140    204    129    161    145    159    152    180    155    177    295    299    834    875    879    872    375    293    308    296    269    322    821    880    878    854    853    894  
  389    453    443    432    411    392    421    410    401    377     24      0     32     60     28     29     11     33     38     37     69    213    200    263    184    181    234    222    206    236    237    234    171    229   1004   1031   1062    978   1025   1023   1053   1001    980   1028    989    345    351    360    400    370    393    345    382    338    912    975    956    986    970    997    970    980    964    975    970    957    958    945    937    936    632    672    678    638    647     73    130     99    124    108    109    115    110     91     97    109    235    231    236    247    254    218    242    268    278    193    253    225    269    768    768    807    731    769    797    770    760    776    785    455    496    481    498    491    490    500    501    902    858    892    433    425    450    467    462    461    456    432    463    481    493    149    211    142    169    152    168    161    191    167    183    276    280    832    874    877    871    386    296    316    305    277    332    798    857    855    831    830    871  
  365    430    419    406    390    368    396    387    377    353     13     32      0     48     19     49     24      2     42      6     58    186    170    237    161    154    207    197    180    207    211    206    145    203   1013   1041   1073    988   1035   1033   1064   1012    990   1038    999    358    367    376    417    385    410    362    399    353    881    944    924    955    938    966    938    949    932    944    939    926    927    913    906    905    622    664    668    629    635     66    135    103    140    108    127    117    114    100    115    113    265    261    267    277    284    248    272    297    306    223    281    256    298    756    758    798    719    759    789    762    749    766    776    448    487    475    492    486    485    495    494    903    860    896    403    399    422    440    436    433    429    404    436    453    466    148    212    135    169    154    167    159    187    161    186    295    300    845    885    890    883    381    302    316    304    277    328    827    885    883    859    859    899  
  331    394    386    375    352    333    364    351    342    319     57     60     48      0     34     50     51     49     87     50     11    160    154    209    126    128    181    166    151    185    181    180    116    173   1059   1087   1119   1034   1081   1079   1109   1058   1036   1084   1045    402    410    419    459    428    453    404    442    397    886    950    929    960    940    970    943    953    937    948    943    931    930    915    910    907    665    708    711    673    678     20     93     63    111     64    100     73     72     66     92     71    262    254    263    272    278    242    267    284    293    218    268    255    289    798    801    842    762    802    833    806    793    810    819    401    440    428    445    439    438    448    447    950    908    943    381    369    395    412    406    407    400    377    408    428    438    195    259    182    216    201    214    206    233    208    233    264    269    890    931    935    928    427    349    363    351    324    375    812    872    867    845    847    882  
  362    426    416    404    384    364    393    382    373    349     24     28     19     34      0     33     18     21     54     25     44    186    174    236    156    154    207    195    179    209    209    206    143    201   1025   1053   1085   1001   1048   1045   1076   1024   1003   1050   1012    368    377    385    426    395    419    371    408    363    894    957    937    967    950    978    951    961    945    956    951    939    939    925    918    916    640    682    686    647    654     51    117     85    121     91    108     99     96     81     97     95    252    247    253    264    270    234    259    281    291    209    266    243    284    775    777    816    738    777    807    780    768    785    794    434    474    460    478    471    470    480    480    919    876    911    406    398    422    439    435    433    429    404    436    454    465    164    227    153    184    169    183    175    204    178    201    276    281    856    897    901    894    398    316    332    320    293    345    811    870    867    844    844    883  
  379    442    434    424    398    381    412    398    390    367     47     29     49     50     33      0     29     51     67     55     55    209    201    258    174    177    230    216    201    234    230    229    166    222   1028   1054   1085   1002   1049   1047   1076   1025   1004   1052   1013    367    372    382    420    391    414    365    403    360    926    989    969   1000    982   1010    983    993    977    988    983    971    971    957    951    948    661    700    706    667    676     56    102     72     95     83     81     89     83     62     69     83    220    214    221    231    238    201    226    248    258    176    233    211    251    797    797    836    759    797    826    799    788    804    814    431    473    456    474    465    465    475    476    929    886    919    430    418    445    461    455    456    450    427    457    478    487    178    240    171    197    180    197    190    220    195    211    249    253    854    897    900    893    415    322    344    333    305    360    779    837    835    811    812    850  
  379    443    433    421    401    381    410    399    390    367     19     11     24     51     18     29      0     25     42     29     60    203    190    253    174    171    223    212    196    225    226    223    160    218   1011   1039   1070    986   1033   1031   1061   1009    988   1036    997    353    361    369    409    379    403    354    392    347    904    967    948    978    961    989    962    972    956    967    962    949    950    936    929    928    634    674    680    640    649     65    125     94    123    102    109    109    105     87     97    104    242    238    243    254    261    224    249    274    284    199    259    232    275    770    770    809    732    771    800    773    762    778    787    448    488    474    491    484    483    493    493    907    864    898    422    415    439    456    452    450    446    421    453    470    482    153    216    145    174    157    173    165    195    170    189    277    281    841    882    886    879    390    303    321    310    282    336    804    863    860    836    836    876  
  366    431    419    406    390    368    396    387    377    354     13     33      2     49     21     51     25      0     41      5     59    186    170    237    162    155    207    197    180    207    211    206    145    203   1012   1040   1072    988   1034   1032   1063   1011    989   1037    998    357    367    375    417    384    409    362    399    353    880    943    923    954    937    964    937    947    931    942    937    925    926    912    905    904    620    662    666    627    634     67    137    105    142    110    128    118    116    102    117    114    267    262    268    279    285    249    274    298    308    224    283    257    300    755    756    796    718    757    787    760    748    765    774    449    488    476    493    488    486    497    495    902    859    894    403    399    422    440    436    432    429    404    436    452    466    146    210    134    167    153    166    158    185    160    185    297    301    844    884    889    882    379    301    315    302    275    327    828    887    884    861    861    900  
  405    470    457    444    430    408    434    426    416    393     31     38     42     87     54     67     42     41      0     42     97    224    203    274    202    192    243    236    218    242    249    243    183    241    972   1001   1032    948    995    992   1023    971    950    997    959    317    327    335    377    344    369    322    359    312    895    957    938    968    954    979    952    963    946    957    952    939    942    929    920    921    594    634    640    600    609    104    167    135    161    143    147    150    147    128    134    145    259    258    260    273    280    244    267    297    308    219    283    247    296    731    730    769    693    731    759    732    722    738    747    487    527    514    531    524    523    534    533    866    823    858    437    436    458    476    473    468    466    440    473    487    502    112    175    104    132    116    131    124    154    129    148    313    317    804    845    849    842    349    263    280    268    241    294    825    884    883    858    856    900  
  364    429    417    404    389    367    394    385    375    352     16     37      6     50     25     55     29      5     42      0     61    184    167    234    161    152    204    195    178    204    209    204    143    201   1011   1040   1072    987   1034   1031   1062   1011    989   1036    998    357    367    376    418    385    410    363    400    353    876    939    919    949    933    960    933    943    927    938    933    921    922    908    901    900    617    660    663    625    631     69    139    108    145    112    132    121    118    105    121    117    271    267    272    283    290    253    278    302    312    228    287    261    304    752    754    794    715    754    785    757    745    762    771    450    489    477    494    489    487    498    496    900    858    893    400    397    419    437    434    430    427    401    434    450    463    145    209    132    166    152    164    156    183    158    184    300    305    845    884    889    882    377    300    313    301    274    325    832    891    889    865    865    905  
  324    387    379    369    344    327    357    344    336    312     67     69     58     11     44     55     60     59     97     61      0    156    152    204    119    124    177    161    147    182    176    176    113    168   1069   1097   1128   1044   1091   1089   1119   1067   1046   1094   1055    412    420    428    469    438    462    413    451    406    888    952    931    962    942    972    945    955    938    950    945    933    932    917    912    908    675    718    721    682    688     11     84     56    106     54     96     64     64     60     89     62    262    253    263    271    278    241    267    282    290    218    266    256    288    808    811    852    771    812    843    815    802    820    829    391    430    417    435    429    427    438    437    960    918    953    377    364    390    407    401    402    395    372    403    424    433    205    269    192    226    211    224    216    243    218    244    257    263    900    941    944    938    437    359    373    361    334    385    809    869    863    842    844    878  
  184    251    234    221    216    187    211    207    195    172    199    213    186    160    186    209    203    186    224    184    156      0     44     51     51     33     22     21     12     32     28     21     44     22   1164   1197   1230   1145   1191   1186   1221   1169   1144   1191   1154    529    543    550    595    560    586    541    576    528    761    828    804    836    810    844    817    826    811    823    818    808    802    785    785    776    699    751    745    711    705    159    192    185    238    170    235    177    184    199    233    182    411    399    412    418    424    388    414    421    427    366    405    406    430    818    831    877    788    834    871    842    823    844    852    339    368    371    388    392    386    398    387   1028    988   1029    222    213    237    254    250    248    243    219    250    269    280    301    360    278    320    312    317    308    324    301    344    360    367   1010   1045   1052   1045    493    458    452    437    416    452    934    994    983    966    973    997  
  217    285    264    248    253    221    240    241    228    206    182    200    170    154    174    201    190    170    203    167    152     44      0     82     79     44     52     64     50     43     69     53     52     65   1126   1159   1193   1108   1153   1148   1184   1132   1106   1154   1117    498    514    520    566    530    556    512    547    498    743    809    786    817    794    827    799    809    793    805    800    789    785    769    767    761    655    708    702    667    662    159    206    192    247    180    242    189    194    205    237    192    413    404    415    422    428    392    418    430    437    369    413    407    437    775    788    833    744    790    828    799    779    801    808    383    411    414    431    435    429    441    431    986    947    989    235    238    256    275    274    266    266    239    272    285    301    268    325    244    287    280    283    275    288    266    312    381    388    976   1008   1017   1010    452    424    414    399    379    413    951   1010   1001    983    988   1016  
  136    203    185    171    172    140    161    160    146    125    249    263    237    209    236    258    253    237    274    234    204     51     82      0     89     83     32     44     58     42     29     32     93     37   1208   1241   1274   1190   1235   1230   1265   1214   1188   1236   1198    577    592    599    644    609    635    590    626    577    736    803    778    810    781    818    790    799    784    797    791    782    774    756    758    747    728    782    774    741    733    207    231    228    279    212    278    218    225    243    277    223    454    441    455    460    466    431    457    460    465    410    444    451    471    843    859    905    814    862    901    871    851    873    880    320    343    352    369    377    369    381    367   1066   1026   1070    176    163    187    204    200    199    193    169    200    220    230    348    406    325    368    360    364    355    370    347    392    390    397   1057   1090   1098   1091    532    505    496    481    461    494    965   1025   1012    997   1005   1026  
  206    270    261    250    229    208    239    226    217    194    173    184    161    126    156    174    174    162    202    161    119     51     79     89      0     37     69     46     39     82     60     67     34     53   1161   1192   1225   1140   1186   1183   1216   1164   1140   1188   1150    515    527    535    578    544    570    523    559    512    811    878    854    886    860    895    867    876    861    873    868    858    852    835    835    826    718    768    765    729    727    120    143    139    190    123    189    130    137    154    188    135    365    353    366    371    377    342    368    373    378    321    357    362    383    842    853    897    810    855    891    862    844    865    873    318    351    348    366    367    362    374    366   1035    994   1034    264    245    274    290    282    286    277    256    285    308    315    292    354    272    313    302    310    301    322    297    335    310    317   1001   1038   1044   1037    501    451    453    438    415    456    884    944    933    916    923    947  
  214    280    265    252    243    217    242    236    225    202    167    181    154    128    154    177    171    155    192    152    124     33     44     83     37      0     54     45     27     59     57     53     12     50   1139   1171   1204   1119   1165   1161   1195   1143   1118   1166   1129    500    513    520    565    530    556    510    547    498    783    849    826    858    833    867    839    849    833    845    840    829    825    808    807    799    686    737    733    697    693    128    167    156    210    142    207    150    156    170    203    154    381    370    382    389    395    359    385    394    400    337    377    376    402    808    819    864    777    822    858    829    811    832    840    350    381    381    398    400    395    407    398   1008    967   1008    254    245    269    286    282    280    276    251    282    301    312    273    333    251    293    284    290    281    299    275    316    339    346    983   1018   1025   1019    473    431    429    414    392    430    911    970    961    943    949    975  
  167    234    216    202    202    171    193    191    178    156    219    234    207    181    207    230    223    207    243    204    177     22     52     32     69     54      0     27     32     19     22      3     65     22   1177   1210   1244   1159   1205   1200   1235   1183   1157   1205   1168    546    561    567    613    577    604    559    594    545    745    811    787    819    792    827    800    809    794    806    801    791    784    767    768    758    704    757    750    716    709    180    212    205    258    190    256    197    204    220    254    202    431    419    433    438    444    409    435    441    447    387    424    427    451    821    835    881    791    838    877    847    827    849    856    338    364    370    387    393    386    398    386   1038    998   1041    201    193    216    234    230    227    223    198    230    248    260    317    375    293    336    329    333    324    339    316    360    377    385   1026   1059   1067   1060    503    474    466    450    430    464    952   1012   1000    984    991   1014  
  170    236    222    210    199    173    199    192    181    158    209    222    197    166    195    216    212    197    236    195    161     21     64     44     46     45     27      0     19     45     15     25     53      7   1182   1214   1247   1162   1208   1204   1238   1186   1161   1209   1172    544    557    564    609    574    600    554    591    542    771    837    813    845    818    853    826    835    820    832    827    817    810    793    794    784    719    771    766    731    725    164    188    185    236    169    235    175    182    200    233    180    411    398    412    417    423    388    414    418    423    367    402    407    429    839    851    897    808    854    892    863    843    865    872    319    347    350    368    372    366    378    367   1047   1007   1048    219    204    230    246    241    242    235    212    242    264    272    317    376    294    337    328    333    325    342    318    360    352    359   1027   1062   1069   1062    512    475    471    456    434    471    927    986    975    959    966    989  
  188    254    239    226    217    191    216    210    199    176    192    206    180    151    179    201    196    180    218    178    147     12     50     58     39     27     32     19      0     44     31     30     36     24   1164   1196   1229   1144   1190   1185   1220   1168   1143   1191   1153    526    539    546    591    556    582    536    573    524    773    839    815    847    821    856    828    838    822    835    829    819    813    796    796    787    703    755    750    715    710    150    181    174    227    159    225    166    173    189    222    171    400    388    401    407    413    378    403    410    416    356    394    396    420    824    836    881    793    839    876    847    828    849    857    334    363    365    382    386    380    392    382   1030    989   1031    231    219    244    261    256    256    250    226    257    277    287    298    358    276    318    309    315    306    324    300    342    349    356   1008   1043   1051   1044    495    457    452    437    416    453    923    982    971    955    961    985  
  176    243    222    206    213    180    198    200    186    165    219    236    207    185    209    234    225    207    242    204    182     32     43     42     82     59     19     45     44      0     40     22     71     41   1167   1201   1234   1149   1195   1189   1225   1173   1147   1195   1158    540    556    562    608    572    598    554    589    540    730    796    772    804    778    813    785    795    779    792    786    776    770    753    753    744    688    742    734    700    693    187    223    215    268    200    265    208    214    229    262    212    440    429    441    447    453    418    444    452    458    396    435    435    461    804    819    865    775    822    861    831    811    833    840    356    381    388    404    411    404    416    403   1025    985   1028    197    196    216    234    232    226    225    198    231    246    260    310    366    286    329    322    325    317    330    308    354    392    399   1017   1050   1058   1052    490    465    455    440    420    453    966   1025   1014    998   1004   1029  
  157    223    208    196    188    160    185    179    168    145    223    237    211    181    209    230    226    211    249    209    176     28     69     29     60     57     22     15     31     40      0     20     67      9   1192   1224   1258   1173   1219   1214   1249   1197   1171   1219   1182    556    570    577    622    587    613    567    603    555    760    826    802    834    806    842    815    824    809    822    816    806    799    781    783    772    723    777    770    736    729    178    202    199    250    183    249    189    196    214    248    195    425    412    426    431    437    402    428    432    437    381    416    422    442    842    855    901    812    858    896    867    847    869    876    317    344    349    366    371    364    377    365   1055   1015   1057    204    189    215    232    226    227    220    197    227    249    258    328    387    306    348    340    345    336    352    329    372    363    371   1038   1072   1080   1073    520    486    480    465    444    480    939    998    986    971    978   1000  
  166    234    216    202    201    170    192    190    177    155    219    234    206    180    206    229    223    206    243    204    176     21     53     32     67     53      3     25     30     22     20      0     64     20   1178   1211   1245   1160   1206   1201   1236   1184   1158   1206   1169    546    561    568    613    578    604    559    595    546    747    813    789    821    794    829    802    811    796    809    803    793    786    769    770    760    706    759    752    718    711    179    210    204    256    189    254    196    202    219    252    200    430    418    431    437    443    407    433    439    445    386    423    426    449    823    837    883    793    840    878    849    829    851    858    336    362    367    384    390    383    396    384   1039    999   1042    202    193    216    234    230    228    224    199    230    249    260    318    375    294    337    329    333    325    340    317    361    375    383   1027   1060   1068   1061    504    474    467    451    431    465    950   1010    998    982    989   1012  
  222    288    275    262    250    225    252    244    234    210    157    171    145    116    143    166    160    145    183    143    113     44     52     93     34     12     65     53     36     71     67     64      0     59   1134   1165   1198   1113   1159   1155   1189   1137   1113   1161   1123    492    505    512    557    522    548    502    538    490    794    859    836    868    844    877    849    859    843    856    850    840    835    819    817    810    685    736    732    696    694    117    156    145    199    131    195    139    145    159    192    143    370    359    371    377    383    347    373    382    389    325    366    365    391    809    820    864    777    822    858    829    811    832    840    351    383    381    399    400    395    407    399   1004    963   1004    265    255    280    297    292    291    286    262    293    312    323    266    327    245    287    277    283    275    294    269    310    330    337    976   1012   1019   1012    470    425    424    409    386    426    900    960    950    932    938    965  
  164    231    216    204    195    168    193    187    176    153    215    229    203    173    201    222    218    203    241    201    168     22     65     37     53     50     22      7     24     41      9     20     59      0   1185   1218   1251   1166   1212   1207   1242   1190   1165   1213   1175    549    562    569    614    579    605    560    596    547    765    831    807    839    812    847    819    829    814    826    820    811    804    787    788    778    719    772    766    732    726    170    195    192    243    176    242    182    189    207    240    187    418    405    419    424    430    395    420    425    430    374    409    414    435    839    852    897    808    854    892    863    843    865    872    320    347    351    368    373    367    379    367   1049   1009   1051    212    197    223    240    234    235    228    205    236    257    266    321    380    298    341    332    337    329    346    322    365    358    365   1031   1065   1073   1066    514    479    474    459    437    474    933    993    981    965    973    995  
 1342   1409   1383   1365   1379   1346   1359   1366   1352   1331   1003   1004   1013   1059   1025   1028   1011   1012    972   1011   1069   1164   1126   1208   1161   1139   1177   1182   1164   1167   1192   1178   1134   1185      0     53     87     57     48     30     81     59     32     36     36    663    665    654    628    646    629    678    642    674   1415   1442   1446   1460   1489   1476   1461   1470   1456   1457   1458   1438   1467   1471   1437   1469    615    554    592    593    636   1075   1128   1099   1100   1110   1086   1116   1110   1087   1075   1110   1039   1058   1039   1054   1057   1050   1050   1098   1109   1041   1096   1023   1079    633    582    546    613    573    530    546    582    557    563   1458   1499   1484   1501   1492   1492   1502   1504    252    258    197   1318   1350   1355   1375   1382   1358   1373   1340   1376   1369   1397    870    807    890    849    861    852    861    841    865    828   1203   1202    214    147    165    168    687    712    712    728    748    716   1396   1431   1464   1420   1391   1482  
