58

    0     57   1041    997     23     55     14     50   1127    629    386    395    435    459    388    467    449    485    387    364    342    353    864    806    824    733    743    730    796    591    589    553    638    629    645    634    253    285    242    338    292    287    558    546    588    671    712    691    420    434    404    404    570    585    581    623    590    851  
   57      0   1003    963     49     12     44      8   1077    596    371    381    426    446    390    432    417    452    337    314    295    302    823    765    784    762    775    759    826    644    640    604    603    593    613    597    217    246    210    354    269    259    615    602    644    616    657    638    369    383    356    355    517    532    527    570    535    843  
 1041   1003      0     78   1018   1014   1029   1009   1302    416   1270   1282   1341   1339   1344    574    596    558    693    716    720    737   1349   1321   1347   1063   1111   1058   1114   1354   1322   1296    406    412    404    407    788    758    799    884    760    757   1509   1495   1542    606    592    558    671    672    666    670    595    605    613    561    619    559  
  997    963     78      0    975    974    986    968   1331    368   1245   1258   1316   1316   1314    532    549    513    665    687    687    709   1356   1326   1352    988   1036    983   1038   1287   1255   1230    360    371    354    367    746    717    756    823    711    711   1451   1437   1484    613    604    566    646    649    636    641    587    600    608    558    616    482  
   23     49   1018    975      0     51     16     43   1125    607    400    410    451    474    407    445    426    462    368    345    322    335    868    810    829    723    734    720    786    596    592    556    615    606    622    612    231    263    220    323    269    265    573    560    603    654    696    674    400    416    383    384    552    568    564    605    573    830  
   55     12   1014    974     51      0     42     10   1075    607    361    371    416    436    379    443    428    463    346    323    305    310    818    760    779    769    782    766    833    645    642    605    615    604    624    608    229    257    221    363    280    270    610    597    639    622    664    645    378    391    365    364    525    539    534    578    542    854  
   14     44   1029    986     16     42      0     37   1117    619    384    394    435    458    391    456    438    474    374    351    329    340    856    798    816    737    748    734    800    603    600    564    627    618    634    623    242    273    231    338    283    277    572    560    602    657    698    678    406    421    390    390    556    572    567    609    576    845  
   50      8   1009    968     43     10     37      0   1082    601    371    381    425    446    387    437    422    457    344    321    302    309    826    769    788    760    772    757    824    638    634    598    609    599    618    603    223    252    215    353    273    263    607    595    637    623    665    645    376    390    363    362    524    539    534    578    543    845  
 1127   1077   1302   1331   1125   1075   1117   1082      0   1169    896    899    926    889   1003   1097   1131   1127    946    947    984    931    381    425    429   1778   1803   1774   1846   1718   1716   1680   1161   1135   1191   1127   1075   1057   1090   1360   1149   1118   1623   1614   1645    754    747    792    927    903    966    958    842    817    811    836    797   1590  
  629    596    416    368    607    607    619    601   1169      0    898    910    967    971    958    166    181    145    323    342    333    366   1102   1061   1087    758    801    753    821    968    940    911     15     37     24     47    379    352    388    485    345    343   1099   1085   1132    420    437    389    314    326    293    299    330    354    361    335    374    421  
  386    371   1270   1245    400    361    384    371    896    898      0     13     72     77    114    736    736    764    582    560    565    537    558    500    510   1114   1121   1112   1175    898    908    874    901    884    918    885    547    563    548    722    619    600    741    734    759    744    782    784    600    599    610    605    695    695    687    742    688   1202  
  395    381   1282   1258    410    371    394    381    899    910     13      0     60     66    108    748    748    776    594    572    578    549    558    500    510   1123   1129   1120   1183    902    913    879    914    896    930    897    559    575    559    732    630    611    741    734    759    756    793    796    612    611    623    618    706    707    699    754    699   1213  
  435    426   1341   1316    451    416    435    425    926    967     72     60      0     40     83    805    804    832    652    630    635    608    573    517    523   1155   1159   1153   1214    913    927    894    971    954    987    955    612    629    611    772    682    664    734    728    750    814    851    854    671    670    681    676    766    766    758    813    758   1264  
  459    446   1339   1316    474    436    458    446    889    971     77     66     40      0    123    811    812    839    654    633    639    609    534    478    484   1184   1189   1181   1244    950    962    930    975    957    992    957    624    639    624    796    695    676    774    768    790    801    837    843    671    668    683    677    758    757    749    804    749   1279  
  388    390   1344   1314    407    379    391    387   1003    958    114    108     83    123      0    793    788    819    652    629    628    608    655    598    605   1093   1095   1091   1151    835    850    818    963    947    977    949    591    612    588    724    654    640    652    646    667    841    880    879    674    676    679    675    782    785    778    832    780   1232  
  467    432    574    532    445    443    456    437   1097    166    736    748    805    811    793      0     43     33    177    191    174    215    984    939    964    727    764    723    794    862    838    806    173    162    185    167    215    186    225    379    193    185    961    947    993    385    416    372    181    201    149    157    270    296    300    300    315    517  
  449    417    596    549    426    428    438    422   1131    181    736    748    804    812    788     43      0     39    199    208    184    231   1008    961    986    686    722    681    753    822    798    767    191    186    197    192    201    177    208    339    165    162    928    914    961    426    457    414    209    231    172    180    310    336    339    341    354    496  
  485    452    558    513    462    463    474    457   1127    145    764    776    832    839    819     33     39      0    210    223    204    247   1017    971    996    706    744    702    773    857    832    801    154    148    162    154    235    209    243    372    203    199    966    952    999    409    438    393    214    233    181    189    296    322    326    323    341    484  
  387    337    693    665    368    346    374    344    946    323    582    594    652    654    652    177    199    210      0     24     52     45    810    763    788    841    871    837    909    890    874    839    325    305    345    305    169    137    186    441    218    189    931    918    963    305    345    315     34     56     30     24    191    212    209    242    222    692  
  364    314    716    687    345    323    351    321    947    342    560    572    630    633    629    191    208    223     24      0     39     25    801    754    778    836    865    832    904    874    858    823    344    325    363    325    153    123    171    431    209    179    910    897    942    322    363    335     56     74     51     46    211    230    227    263    239    703  
  342    295    720    687    322    305    329    302    984    333    565    578    635    639    628    174    184    204     52     39      0     54    831    783    807    798    827    793    866    838    822    787    337    320    354    322    117     86    135    393    170    140    882    869    913    357    397    366     86    108     62     63    242    263    261    293    273    678  
  353    302    737    709    335    310    340    309    931    366    537    549    608    609    608    215    231    247     45     25     54      0    780    732    756    849    877    845    918    875    861    825    368    349    387    349    157    131    174    441    220    189    904    890    934    325    366    341     70     82     74     69    218    235    231    271    242    726  
  864    823   1349   1356    868    818    856    826    381   1102    558    558    573    534    655    984   1008   1017    810    801    831    780      0     60     51   1575   1592   1571   1641   1436   1441   1406   1098   1073   1125   1068    891    884    901   1153    971    942   1298   1291   1317    744    758    792    803    785    837    829    784    766    758    802    747   1500  
  806    765   1321   1326    810    760    798    769    425   1061    500    500    517    478    598    939    961    971    763    754    783    732     60      0     27   1519   1536   1516   1585   1377   1382   1347   1058   1033   1084   1029    838    833    848   1098    919    890   1240   1233   1259    715    732    764    759    741    791    783    748    731    723    769    713   1455  
  824    784   1347   1352    829    779    816    788    429   1087    510    510    523    484    605    964    986    996    788    778    807    756     51     27      0   1539   1556   1536   1605   1392   1398   1363   1084   1059   1110   1054    861    856    871   1119    942    913   1250   1243   1268    742    758    790    784    766    816    808    774    757    749    795    739   1480  
  733    762   1063    988    723    769    737    760   1778    758   1114   1123   1155   1184   1093    727    686    706    841    836    798    849   1575   1519   1539      0     50      5     69    449    409    409    772    790    750    801    703    721    689    423    630    661    739    728    764   1111   1142   1099    866    891    827    834    993   1020   1022   1026   1037    538  
  743    775   1111   1036    734    782    748    772   1803    801   1121   1129   1159   1189   1095    764    722    744    871    865    827    877   1592   1536   1556     50      0     54     58    417    377    380    815    832    793    843    729    748    714    445    658    689    713    702    736   1146   1178   1136    897    922    858    865   1028   1054   1056   1063   1071    587  
  730    759   1058    983    720    766    734    757   1774    753   1112   1120   1153   1181   1091    723    681    702    837    832    793    845   1571   1516   1536      5     54      0     73    451    410    410    768    785    745    796    699    717    685    419    626    657    740    729    765   1107   1138   1094    862    886    823    830    989   1015   1017   1022   1032    534  
  796    826   1114   1038    786    833    800    824   1846    821   1175   1183   1214   1244   1151    794    753    773    909    904    866    918   1641   1585   1605     69     58     73      0    468    428    433    835    853    812    864    771    789    757    490    698    729    766    756    789   1179   1209   1166    934    959    895    902   1061   1087   1089   1094   1104    578  
  591    644   1354   1287    596    645    603    638   1718    968    898    902    913    950    835    862    822    857    890    874    838    875   1436   1377   1392    449    417    451    468      0     41     58    982    989    970    998    722    754    704    486    686    709    305    296    325   1194   1234   1201    923    945    891    895   1078   1100   1099   1125   1111    916  
  589    640   1322   1255    592    642    600    634   1716    940    908    913    927    962    850    838    798    832    874    858    822    861   1441   1382   1398    409    377    410    428     41      0     37    954    962    942    972    706    737    688    461    666    690    342    333    363   1178   1216   1182    906    929    874    878   1060   1083   1082   1107   1095    878  
  553    604   1296   1230    556    605    564    598   1680    911    874    879    894    930    818    806    767    801    839    823    787    825   1406   1347   1363    409    380    410    433     58     37      0    924    932    913    941    671    702    653    429    632    656    333    323    357   1143   1182   1148    872    894    839    843   1026   1048   1047   1073   1060    862  
  638    603    406    360    615    615    627    609   1161     15    901    914    971    975    963    173    191    154    325    344    337    368   1098   1058   1084    772    815    768    835    982    954    924      0     27     30     36    387    359    396    498    354    352   1111   1097   1144    411    426    379    315    326    295    301    324    347    354    326    367    430  
  629    593    412    371    606    604    618    599   1135     37    884    896    954    957    947    162    186    148    305    325    320    349   1073   1033   1059    790    832    785    853    989    962    932     27      0     57     11    377    347    387    504    350    345   1111   1097   1144    384    400    353    293    303    275    281    297    320    327    299    341    457  
  645    613    404    354    622    624    634    618   1191     24    918    930    987    992    977    185    197    162    345    363    354    387   1125   1084   1110    750    793    745    812    970    942    913     30     57      0     65    396    369    404    489    358    358   1107   1093   1140    440    456    408    337    349    315    321    352    376    383    356    396    401  
  634    597    407    367    612    608    623    603   1127     47    885    897    955    957    949    167    192    154    305    325    322    349   1068   1029   1054    801    843    796    864    998    972    941     36     11     65      0    382    352    392    514    357    351   1119   1105   1152    376    391    344    292    301    275    281    291    314    320    291    334    465  
  253    217    788    746    231    229    242    223   1075    379    547    559    612    624    591    215    201    235    169    153    117    157    891    838    861    703    729    699    771    722    706    671    387    377    396    382      0     35     18    287     82     55    772    759    804    474    513    482    202    224    173    176    359    380    378    408    390    658  
  285    246    758    717    263    257    273    252   1057    352    563    575    629    639    612    186    177    209    137    123     86    131    884    833    856    721    748    717    789    754    737    702    359    347    369    352     35      0     52    310     92     61    807    793    839    441    481    449    170    193    139    143    325    347    345    374    358    649  
  242    210    799    756    220    221    231    215   1090    388    548    559    611    624    588    225    208    243    186    171    135    174    901    848    871    689    714    685    757    704    688    653    396    387    404    392     18     52      0    271     75     53    756    743    788    491    531    500    220    242    190    193    376    397    395    425    408    656  
  338    354    884    823    323    363    338    353   1360    485    722    732    772    796    724    379    339    372    441    431    393    441   1153   1098   1119    423    445    419    490    486    461    429    498    504    489    514    287    310    271      0    224    253    631    617    664    736    772    735    471    495    434    440    616    641    641    659    655    550  
  292    269    760    711    269    280    283    273   1149    345    619    630    682    695    654    193    165    203    218    209    170    220    971    919    942    630    658    626    698    686    666    632    354    350    358    357     82     92     75    224      0     31    768    754    801    515    553    517    248    272    212    217    396    420    420    441    433    584  
  287    259    757    711    265    270    277    263   1118    343    600    611    664    676    640    185    162    199    189    179    140    189    942    890    913    661    689    657    729    709    690    656    352    345    358    351     55     61     53    253     31      0    781    767    814    489    527    492    220    244    184    190    371    394    393    417    406    604  
  558    615   1509   1451    573    610    572    607   1623   1099    741    741    734    774    652    961    928    966    931    910    882    904   1298   1240   1250    739    713    740    766    305    342    333   1111   1111   1107   1119    772    807    756    631    768    781      0     15     33   1226   1267   1244    965    983    942    944   1120   1138   1134   1173   1144   1146  
  546    602   1495   1437    560    597    560    595   1614   1085    734    734    728    768    646    947    914    952    918    897    869    890   1291   1233   1243    728    702    729    756    296    333    323   1097   1097   1093   1105    759    793    743    617    754    767     15      0     48   1213   1255   1230    952    970    929    931   1107   1125   1121   1159   1131   1133  
  588    644   1542   1484    603    639    602    637   1645   1132    759    759    750    790    667    993    961    999    963    942    913    934   1317   1259   1268    764    736    765    789    325    363    357   1144   1144   1140   1152    804    839    788    664    801    814     33     48      0   1256   1298   1275    996   1014    974    975   1151   1169   1165   1204   1175   1178  
  671    616    606    613    654    622    657    623    754    420    744    756    814    801    841    385    426    409    305    322    357    325    744    715    742   1111   1146   1107   1179   1194   1178   1143    411    384    440    376    474    441    491    736    515    489   1226   1213   1256      0     42     49    272    250    305    300    120     96     96     88     84    840  
  712    657    592    604    696    664    698    665    747    437    782    793    851    837    880    416    457    438    345    363    397    366    758    732    758   1142   1178   1138   1209   1234   1216   1182    426    400    456    391    513    481    531    772    553    527   1267   1255   1298     42      0     48    312    290    343    339    157    134    136    116    125    855  
  691    638    558    566    674    645    678    645    792    389    784    796    854    843    879    372    414    393    315    335    366    341    792    764    790   1099   1136   1094   1166   1201   1182   1148    379    353    408    344    482    449    500    735    517    492   1244   1230   1275     49     48      0    281    262    310    307    125    106    111     76    104    808  
  420    369    671    646    400    378    406    376    927    314    600    612    671    671    674    181    209    214     34     56     86     70    803    759    784    866    897    862    934    923    906    872    315    293    337    292    202    170    220    471    248    220    965    952    996    272    312    281      0     25     40     32    157    178    176    208    189    697  
  434    383    672    649    416    391    421    390    903    326    599    611    670    668    676    201    231    233     56     74    108     82    785    741    766    891    922    886    959    945    929    894    326    303    349    301    224    193    242    495    272    244    983    970   1014    250    290    262     25      0     64     57    138    157    154    190    166    716  
  404    356    666    636    383    365    390    363    966    293    610    623    681    683    679    149    172    181     30     51     62     74    837    791    816    827    858    823    895    891    874    839    295    275    315    275    173    139    190    434    212    184    942    929    974    305    343    310     40     64      0      9    187    210    209    236    223    665  
  404    355    670    641    384    364    390    362    958    299    605    618    676    677    675    157    180    189     24     46     63     69    829    783    808    834    865    830    902    895    878    843    301    281    321    281    176    143    193    440    217    190    944    931    975    300    339    307     32     57      9      0    183    205    204    232    217    673  
  570    517    595    587    552    525    556    524    842    330    695    706    766    758    782    270    310    296    191    211    242    218    784    748    774    993   1028    989   1061   1078   1060   1026    324    297    352    291    359    325    376    616    396    371   1120   1107   1151    120    157    125    157    138    187    183      0     27     32     54     47    749  
  585    532    605    600    568    539    572    539    817    354    695    707    766    757    785    296    336    322    212    230    263    235    766    731    757   1020   1054   1015   1087   1100   1083   1048    347    320    376    314    380    347    397    641    420    394   1138   1125   1169     96    134    106    178    157    210    205     27      0      9     48     21    773  
  581    527    613    608    564    534    567    534    811    361    687    699    758    749    778    300    339    326    209    227    261    231    758    723    749   1022   1056   1017   1089   1099   1082   1047    354    327    383    320    378    345    395    641    420    393   1134   1121   1165     96    136    111    176    154    209    204     32      9      0     56     16    779  
  623    570    561    558    605    578    609    578    836    335    742    754    813    804    832    300    341    323    242    263    293    271    802    769    795   1026   1063   1022   1094   1125   1107   1073    326    299    356    291    408    374    425    659    441    417   1173   1159   1204     88    116     76    208    190    236    232     54     48     56      0     60    755  
  590    535    619    616    573    542    576    543    797    374    688    699    758    749    780    315    354    341    222    239    273    242    747    713    739   1037   1071   1032   1104   1111   1095   1060    367    341    396    334    390    358    408    655    433    406   1144   1131   1175     84    125    104    189    166    223    217     47     21     16     60      0    794  
  851    843    559    482    830    854    845    845   1590    421   1202   1213   1264   1279   1232    517    496    484    692    703    678    726   1500   1455   1480    538    587    534    578    916    878    862    430    457    401    465    658    649    656    550    584    604   1146   1133   1178    840    855    808    697    716    665    673    749    773    779    755    794      0  

    0     12      1      0      3      0    955      1      1   4865     22      0      0  69809    369     46      0      2      0      0      0      6    220    179      0     33  17874      0      0   9900  80750    104      0      0     86  87284     33      7  27201      0      0  27848      0      2      0      6      0     19      3      8      1      0      1    222      2      0      0      0  
    0      0  24318      0      0      0    914    166      0     35      0      0      0   1018      0      0     96   2402      0      0      0   3992      2     67      0      0      0      0      0  14893  10775      0      0      0      0      0      0    145      0      0      0    117  19188      0      0  14390      0     17      1   2267  74376      0      0      5      0      0    137   2956  
    0      0      0     22      0  10875      0      0      0  11754      0      0      0   1485    608   1095      0      0      0     94      0    671      0    523   2625   1566  12477      0      0   1018      4      0      0      0      0   3281     11      0      0      0     26      1    452    539      0      0      0      0      0      0      0  56669      0      0      0  46223      0  17036  
   15      0  44690      0     87     91      0   5244      0      0   2286      0      0     57      0      0      0      0   4003  17870   6194  14205      0   1185      0     17      0   2555      1      0     31      0    608      0      0      0      0      2      0      2      0      0      0      0      0      0   2578      0   1942     27      0     15  15228      3      0      0  20382   6172  
    0  43551     26    243      0      0  19530      0     70      0      0      0      0      0      0      0      0      0      0      0      0      1      0    341      7   2395      0     11      3      0    234      4      0  19671  38865      0   4220    777  46394  53045      0  22814      0     14     65     75      0   9721  13377    428      2      0   1629    162      1    175   1059    195  
    0      0      0      2  21117      0  15650      0      5      0      0      0      0     26      0      0      0      0  33405   4609  28182   3748      0    568   3463    278      0      0   1440      0     91      0  34114      1      0      0   8997  49362      0      0   3040      0      0      0      2      0      0    435      0  76632    136      0  18906      0      1  50177      0      0  
    6    174      0      0      0      2      0     36  14597      0  50051  68386  25804      2   4499      0    423  47284      0  12480      0      0      0      0      0     86  11421  51366      9   8000      0      0      0      0   2311     21     15      0      0     32      0   5737  27170  74064      0     36      3      0  33063     13     10      0      0  14554  28640      2      1  13175  
    0      0      0      0    373      0     11      0  25758      0     35      0    889  91667    115      0      0     14      0     12      0      0  37272      1   5930    687      0      0     16      0     57      2      0      0    565      3      0      0   2822      0      5  14837      0      0      0   3759      2     25      0      0      0      0   6065     32      1      0      0    397  
 2987      0      0      3  15096     18    761      0      0    160      0   1656      0      0      0  13005      0    168      0      0      0      0      0      0      0    430      0    485      0      0      0      0      0      0   3729      0  52091  13036     11    841    707      0      0      0      0      0      0    834  21057     21      0  46893      0      0  19868      0   2460   1151  
  243  31161    174      5      0      0   1262   9123   3374      0      0      0    100  40370      0   1451      0  15477    417      0      0      0      0      0      0      0      0      0    196      0      0      0      0      0  40572   5981      0      0      0      0      0      3     22    239      0   2974      0      0      0      0     52    275     35      3      0     25      4      0  
  369      0      0      0      0   1474      0    826     14    505      0      0      0   2080     21      2   4280   2186   1057    131  91280      0      0      1      0  36604   1453      2      0    680      0      0      0      3    149     43      0    137      0    483    359      0    874   1144     22      0   9219   3400      0   3110      0      0     23      0   1316      0  26923      0  
    1  26384      0      0      5   2050      9      0     15  58892      0      0      0     47      0      1  14423      0      0     15      0      0      0      0      4      0      0      0      0      0    536    588      0     34      0      0  65479      0   5367   5752      0      0     43  40918      1      0     34      0     10      0  37622      0   1089   3356      0  43514    919      0  
    1   1883      0    812      0      0   3164    310  87678     20   1681      3      0      2      0      0      3      0      0      0      0    193      6      0      0    218    263  17690      2    410      0      5     18      0  13049     30      0      0  73169   1084      3      0      0      3     22     29   1584     24      0  59702      0    147    144      0    613    275      0      0  
    7      0   3315    644     24   3262      8      0      0      3      0      6      0      0      0   6928    998      0    579    599  56834    180  98088      0      0      0      0      0      0      1      5   7059      9  78626      0     26      0   6665      0  32592      0  68197      0      0      0      0      0      9   1468      0      0    608      0      0      0      1     20      0  
  421  26117  41564      0      0  55351      0      0      0  26866     11    491      0      0      0      3      0     14     27      0      0      0     28      0      0   3627      0      0  13977      5     33      0     34  76432      0  23670      0      0  13485     99      0   1096      2   1132     58      0     60      2    110      0     20      0      0  95378  48983  13149      0  26241  
    0      0      5    146      0      0    120      0    219    339     21    240   3299      0      0      0      0    904      0     16      0      0    105     39      0      0      0      0   1057      0     23      0   6290      0      0  85546      0      0      0    129      4      6      0    216      0  73101    150  56132      0      2    124    626      0     27      0    277     16      2  
   28      0   5622      0      0   7666      0      0      0  14029   4779     22      0      0     46      0      0      0      5     16      0      0      1      0      0   5008      0  43552      2     10      0      0   1527     12      0      0      0      0    319   6022      0    113      0     23  28820      0     82      0     16    106      0      2  11637      0    210      6      0      0  
71705  28317     49      2      4      0    210     11    337   3144      0      0      0    705     24      0     25      0     62    724   1878    275  31943      0    278      0     46      0      0    416      0      0  18373      0      0      0      0  12241  52938      0      0      0      0      0    679     15      0      0     89  20103      0   1883      0      0   1478      0      1  44666  
    0      0     24      0    125      0      0  88700   6900      0      0      0      0      0      0      1      0   2369      0   6406    787      0  10251      0  11866      0     38     65      0   3095      0     20   1266      0  28563      0     67      0    108      0     63      0      0      0    728      0      0      0    503      0   3002      5      0      0      0   1862      0      0  
    0      0      1  17863   3087     78  51957  10828  21992      0      3      0    311      0      1      0    551  47482   1717      0      4      3      0      0   1044      8      0      0    318      0     37      0      0      0      0     24      0      5      0      2     71  54699      0      4   2648      0  12751  85839      0      2      0      0      1      0      0  32037      0      0  
    0     70      0      0     47    522      2   6359  12666      0      0      0  72525      0      0  98884   2496      0      0      0      0      6      0    415      0     22  66117     15      0      0  48367   8258      0      0      0      0      0    111  12213     70      0      0      0     64      0      0      1      0  28910    329  87978    188   2908      0   6582      0    132      0  
   48      0     67  13653    136      1      0   6260      1  91161  30719      0  67118      0      1      4      0      2      0      0      0      0   7872      3    390   1821      3  31363    493  39473      0  55304     34      0      0      0      0      0      0     33   1789      0     73  15258      0      9      0      0  96292   1280  20879      0     50    125  25441  10773      0      0  
    2      3     71      0      0      0      0     11  13790      4      0      2      0      0      2      0      1   1992      9      0     25      0      0     42      0      0   2618   3609      0     99      0    249   3287  62796      0  55427      0      0  62901      0     10   3842  65646  25579      0      0      0  21180      0      0     73      0      9      0      0      0    154   1416  
    0   3967      0   3744   2410     89      0   1743    356     42     76  36640      0      7      0    128      0      0      0   9896    737      0      0      0    131   1522   6145    678   9201     46      0  14172      0   1528   4210      0      0  28938      0    412   5546      0      6     14      0      0      0      0      0      0      1   1045      0      0   7397      6      0      0  
    7      7     13      0      0      1  69226    108      1  13004      0      0      0     24      0      0    941     29  10628    250      0      0      0     35      0   2001    233    105      0      0   1470   2594   3143      0   3897      6     11      0    285    361  61200      0      0      0      0      0      0  15419    117   9315      0   2074     10  59414      0     61      0      0  
    0      0      0    172    287      0     14      0      0   1288  20715      0  63474      0      0      0  17708    117   7737      0      2      3   2516      0      0      0   4513   6478    164   6297      0      8    194     10      0    427  76714      0      9      1      0      0      0      0     23      0      0    322      8      3     25      4      0     91    275      0  37626      0  
 3420      0   7432   5573      0      0  21765      0      0   8396      0  39403     32     21   2309    547      0      0     80     32     10      1      0      0   1022      0      0      0  36255   5923      0      0     12      0      0   8789      0     58      5      0  31558      2  19114      0    169  14020      0     72    353      1  49250   4384      0     52    409      3    343    119  
    0      0     44      0      0    151      0  86548  13553   1473      0     57   4685      0      6      0      0   2880      0     18      0      0      0  46775   7534      0      0      0   2049   1265      0    813     20      0      0  20039    787  15836   1086   3093      0   5007     98      0      0     17      0     15   3096      0      0      0      2      0    328   1413      0   2123  
    2  79566      0      0   3183  35063      0  11089    459  17590      0      0   5699  71139   3035      0     13      0    778   2988   1613   1547     77    179      4      0      0      0      0      0      0  21326   3774      2      0      0     80     74   6855      0  22175      0      0      0      1    553      0      0      5    590      0   1885      0     33     11    998      0   9018  
    0      0      0      0      0      0      0     73      2      0  28861     30      6    330      0    212    429   1651   1465   9611      0  57794      1   1581     48      0      1      0      2      0    233      0  80829     11      0    726  18948  11685      2     13      3      0    465    372      0      0  14810      0   3976      0   6686     10      2    297     60  88048      3      1  
   16   4358  48500      0      0      0   5400      3     16   1009      0     13      0      9     51   5758  14498     15      0  76395      0      0      0      0    382      0     71     35      0      0      0    257   2648      5      0      0      2      0     35      0      2      0      0  59453      0  23734      0      0      0   3375      0    252   3535      0  44596  93031      0      0  
 2276  27939  24941    195      3      0      0      0    481      0      0      0  13613    829    117      0   5753     35     75      0      0      0    116      0      1    193      1      0    506      0      0      0  28549    989      0      0      0   2572   6265   4128   2524   4102      0     16  91157      0   3527      0      0      0     35      0      2   8045      0    144      0      0  
  650      5  20408      0  24546      0   1427     40      0      2     34  59173      0      0      0      0     43      1   1207      0      0   1178  10299      0      0      0      0  25108      0      0   7408  28366      0  30075      2      0      0    326      0  16817   9181     41      0      0    102      0      0   1486      0    262   1587      3    615     28      0     30      0    392  
  269   3922      5      0     15   1695      0      0      0      0      0      2   7014      0      0      0      0      0      0      1      0      0  83726   3672   1456    311     19      0      2      0      0      0      0      0      0      0      0      0      4      8      5  27650     57      3      1      0      0      0      0      0      1      0      0  32898      0  69131     25  33947  
    0    343      0      0      3      0  69137  97566      0      0      5    741      0    103      0   6343      0      0      0      0      7      2      0      0  44319      0  77307      0      0   3053      0  19000    721      0      0      1      2      0     51      0      0   7545      0    312      0   1301    213      0     35      0  18866      0      0      4      8      1      0      1  
   29  10298    202      0    114  68702    100  56584      0      1   3247     12    349   6562     17  50690      0      0     91      0   1697     37      0   5140      0      0  19129      0    103      0      0     18     29      2    301      0      7    304    115      0      0      0      0      0      0      7      0      7      1     20      9      0  75216     60      1      0      0      0  
31643     93     96     41   6035      0      0      0      9  30241      0      0      0   1726      2      8    668      1      3      0      0      0      0      0      0  77542  46997     31      0      0      6      4      0   1127     95     10      0   4119     20    219      0    612  21241   5234      0    933      0  46693     21      0      0      2     24      0  50931      0      0   2467  
82731  76994      1      0   1585      0    878     87    269      0      0      4      0    399   9013  98417      0      6  99531      2      0      0      8      0      0  44010      0   2405      0      0      0      0  98730      0   1123    447   1770      0      0      0    779  83689  37388      0      0      0      0      0    294    323      0     14      0      0      0      0      6      0  
   11     84      0      0      0      2     88      0      0     96   1230      0      0      0     16   1965  53352     65      0    383  11918     53      1      0   9766      0   7434  46152     39      1    391      5   3145      0      1      0    167   1514      0      4      0      0      0    257      0   2238   4929      0    265     79     14      0   7264  16137   3056   8799      4      0  
   45      0      0   2742     46  39872    624      0  83019     45  11380      0      0   4129      7      0      0   1734      0      1      0     38      0  10562      0      0     53      0      0      1      0  33710      0      0      0   2516      0      0     56      0     10     17      0      0  65061      0     30  34663      5      0      0   4243      0  17601   2308      0      0  76523  
