152

    0     76     55     57     53     74     65     66     66     34     62    680    674    686    647    693    896    877    868    928    921    952    905    569    607    572    666    648    616    682    645    658    662    661    695    681    665    645    697    604    345    344    335   1322   1322   1373   1408   1349    800    760    807    755    785    777    753    796    234    236    186    198    235    243    213    190    810    809    804   1008    975    943    975   1022   1020   1003   1003   1001    986    748    758    745    939    930   1655   1711   1728   1660   1727   1708   1688   1709   1736    613    536    582    502    601    567    632    616    615    590    629    627    634    631    620    635    925    918    876    930    899    982   1451   1481   1531   1511   1530   1524   1487   1459   1516   1511   1502    854    886    932    913    885   1313   1342   1319   1278   1307   1267   1292   1350   1315    120    155    171    175    165    185    132    171    144    119    975    279    323    322  
   76      0     24     65     61     44     12     10     12     42     15    681    678    689    646    695    952    932    922    981    976   1007    963    595    635    595    694    674    644    714    676    688    694    687    725    713    698    675    726    634    408    395    387   1350   1348   1402   1435   1376    839    802    849    793    825    815    793    835    307    311    258    269    310    317    286    265    857    857    849   1062   1028    998   1029   1079   1073   1057   1060   1056   1042    790    801    787    991    982   1689   1746   1763   1692   1763   1743   1721   1743   1769    660    574    621    544    643    611    688    671    673    646    681    680    691    684    675    693    981    974    934    986    958   1037   1521   1551   1600   1581   1600   1593   1556   1529   1586   1581   1572    847    886    923    912    882   1371   1401   1379   1339   1367   1327   1350   1411   1374    106    116    148    179    149    165    110    147    120    123   1033    345    393    392  
   55     24      0     62     56     33     13     15     13     24     14    670    666    677    636    684    929    910    900    958    954    985    940    578    617    579    676    657    626    696    658    670    675    670    707    694    679    657    708    616    384    372    365   1332   1331   1384   1418   1358    819    781    829    773    805    795    773    815    288    290    240    251    289    297    267    245    835    835    828   1040   1006    975   1006   1056   1051   1034   1037   1033   1020    769    780    766    969    960   1670   1727   1744   1674   1744   1724   1702   1725   1750    638    554    601    523    622    590    665    648    650    623    659    658    668    662    653    670    958    952    911    963    935   1015   1497   1527   1577   1557   1577   1570   1532   1506   1562   1557   1549    839    875    915    902    872   1348   1378   1356   1316   1344   1304   1328   1387   1351     95    115    141    165    140    158    102    141    113    107   1010    331    376    375  
   57     65     62      0      6     94     62     59     63     46     55    727    722    733    693    741    952    933    923    984    977   1008    961    624    662    626    721    703    671    738    701    713    718    716    751    736    721    700    753    659    399    401    392   1377   1377   1429   1463   1404    857    816    864    812    841    833    810    852    258    273    208    216    269    269    235    219    867    866    860   1064   1031    998   1031   1078   1076   1059   1058   1057   1042    805    815    802    995    987   1712   1767   1784   1716   1784   1764   1744   1766   1792    670    593    639    559    658    624    688    672    670    646    685    683    690    687    676    691    980    974    931    985    954   1038   1499   1528   1578   1558   1577   1572   1535   1505   1563   1559   1549    898    933    975    959    930   1367   1396   1373   1331   1361   1322   1347   1404   1370    155    176    202    220    200    218    163    202    174    162   1030    286    337    336  
   53     61     56      6      0     89     57     54     58     40     50    721    716    728    687    735    948    929    920    980    973   1004    957    618    657    621    716    697    666    733    696    708    713    711    745    731    716    695    747    654    396    397    387   1372   1372   1424   1458   1399    852    812    859    807    837    828    805    848    258    272    209    217    269    270    236    219    862    861    856   1060   1027    995   1027   1074   1072   1055   1054   1053   1038    800    811    797    991    983   1706   1762   1779   1711   1779   1759   1739   1761   1787    665    588    634    554    653    620    684    668    666    642    681    679    686    683    672    687    977    970    927    981    950   1034   1497   1526   1576   1556   1575   1570   1533   1503   1561   1557   1547    892    927    969    953    924   1364   1393   1370   1328   1358   1318   1343   1401   1366    149    170    197    214    194    213    157    196    168    156   1027    289    339    338  
   74     44     33     94     89      0     38     42     37     52     44    639    635    646    604    653    915    894    884    942    938    969    926    552    591    552    650    631    601    671    633    645    650    643    681    670    655    632    683    590    376    356    350   1306   1304   1358   1391   1332    797    760    808    751    783    773    751    792    305    299    258    270    300    312    285    260    816    816    809   1024    990    960    990   1042   1035   1018   1023   1018   1005    748    760    745    953    943   1646   1703   1720   1649   1720   1699   1677   1700   1725    619    532    579    503    602    570    651    634    637    609    643    642    654    646    638    657    944    937    897    949    922   1000   1493   1523   1573   1553   1573   1565   1527   1502   1558   1553   1546    807    844    883    870    841   1334   1366   1343   1304   1331   1291   1314   1375   1338     64     84    109    135    108    125     69    108     80     79    996    353    395    395  
   65     12     13     62     57     38      0      4      2     33      7    676    673    684    642    691    942    922    912    970    966    997    952    588    627    588    686    667    636    706    668    680    686    679    717    705    690    667    718    626    397    384    377   1342   1340   1394   1428   1368    830    793    840    784    816    806    785    826    298    301    249    260    299    307    276    255    847    847    840   1052   1018    988   1018   1069   1063   1047   1049   1046   1032    781    792    778    981    972   1681   1738   1755   1684   1754   1734   1713   1735   1761    650    565    612    535    634    602    677    661    662    636    671    670    680    674    665    683    971    964    923    976    947   1027   1510   1540   1589   1570   1589   1582   1545   1518   1575   1570   1561    844    882    920    908    878   1360   1391   1368   1328   1356   1317   1340   1400   1364    101    116    145    173    145    162    107    144    117    116   1022    338    384    383  
   66     10     15     59     54     42      4      0      5     33      5    680    676    687    645    694    944    924    914    973    968    999    955    591    630    591    689    670    639    709    671    683    688    682    720    708    693    670    721    629    399    387    379   1345   1343   1397   1431   1371    833    795    843    787    819    809    787    829    297    301    249    259    300    307    276    255    850    850    843   1055   1021    990   1021   1071   1066   1049   1052   1048   1035    783    795    780    984    974   1684   1741   1758   1687   1757   1737   1716   1738   1764    653    568    615    538    637    605    680    663    664    638    673    673    683    676    667    685    973    966    926    978    949   1030   1512   1541   1591   1571   1590   1584   1547   1520   1576   1571   1563    847    885    924    911    881   1362   1393   1370   1330   1358   1319   1342   1402   1366    105    118    148    176    148    165    110    147    120    119   1025    337    383    383  
   66     12     13     63     58     37      2      5      0     33      8    675    672    683    641    690    941    922    911    970    965    996    952    587    626    587    685    666    636    705    668    680    685    679    716    704    689    666    718    625    397    384    376   1341   1340   1394   1427   1367    829    792    839    784    815    806    784    825    298    301    250    261    300    308    277    255    847    846    839   1052   1018    987   1018   1068   1063   1046   1049   1045   1032    780    791    777    981    971   1680   1737   1754   1684   1754   1734   1712   1734   1760    650    565    612    534    633    601    677    660    662    635    671    670    680    673    665    682    970    964    923    975    947   1027   1510   1540   1589   1570   1589   1582   1545   1518   1575   1570   1561    843    881    919    907    877   1360   1391   1368   1328   1356   1316   1340   1400   1364    100    114    144    172    144    161    105    143    116    115   1022    338    385    384  
   34     42     24     46     40     52     33     33     33      0     28    681    676    688    647    695    922    902    893    952    946    977    932    581    620    583    679    660    629    697    660    672    677    673    709    695    681    659    711    618    373    367    358   1335   1335   1387   1421   1362    818    779    826    773    803    795    772    814    266    269    217    228    268    275    244    223    831    831    825   1033    999    968    999   1048   1044   1027   1029   1026   1012    767    778    764    963    954   1671   1727   1745   1675   1744   1724   1704   1725   1752    634    553    600    521    620    587    657    641    641    615    652    651    660    655    645    662    951    944    902    955    926   1008   1483   1512   1562   1542   1561   1555   1518   1490   1547   1543   1534    852    887    929    913    884   1339   1369   1346   1306   1334   1295   1319   1378   1342    110    135    158    175    155    174    118    158    130    116   1002    307    353    352  
   62     15     14     55     50     44      7      5      8     28      0    682    678    689    647    696    943    923    913    972    967    998    953    591    631    592    690    671    640    709    672    684    689    683    720    708    693    671    722    629    397    386    378   1346   1344   1398   1432   1372    833    795    842    787    818    809    787    829    293    297    244    255    296    302    271    250    849    849    842   1053   1019    989   1020   1069   1064   1048   1050   1047   1033    783    794    780    983    973   1684   1741   1758   1688   1758   1738   1716   1739   1764    652    568    615    537    636    604    678    662    663    636    672    671    681    675    666    683    972    965    924    977    948   1028   1509   1539   1588   1568   1588   1581   1544   1517   1573   1569   1560    850    887    926    913    884   1361   1391   1369   1328   1357   1317   1341   1400   1364    107    122    151    178    151    168    112    151    123    120   1023    332    379    378  
  680    681    670    727    721    639    676    680    675    681    682      0     25     17     37     18    681    654    644    660    684    706    706    238    245    211    245    236    249    292    280    274    286    224    270    294    294    271    264    266    560    472    485    742    727    798    818    761    417    431    460    380    419    399    405    415    782    722    765    783    735    774    779    747    513    519    497    741    704    704    710    782    734    731    775    741    747    417    437    418    668    647   1104   1169   1184   1100   1182   1160   1127   1158   1172    426    340    347    380    377    392    535    522    562    525    497    510    547    503    530    560    703    702    695    713    722    731   1376   1408   1448   1434   1458   1431   1393   1400   1443   1430   1439    188    207    268    234    207   1044   1089   1070   1061   1059   1028   1028   1111   1058    576    574    535    507    532    519    571    537    563    565    762    869    870    871  
  674    678    666    722    716    635    673    676    672    676    678     25      0     15     49     24    656    629    619    635    660    682    681    215    221    189    220    211    224    267    255    249    261    199    245    269    270    246    240    241    543    455    469    730    717    787    807    750    392    406    436    356    395    375    381    391    770    708    754    771    721    761    767    735    489    494    472    717    680    679    685    758    710    707    751    717    723    392    413    393    644    623   1092   1156   1171   1088   1170   1147   1115   1145   1161    401    317    324    358    353    369    511    498    538    501    473    486    523    479    506    536    679    677    670    688    698    707   1352   1383   1423   1409   1433   1406   1369   1375   1418   1405   1414    205    216    284    243    218   1021   1065   1046   1037   1035   1004   1005   1088   1035    572    573    533    502    530    517    569    535    560    561    738    857    857    858  
  686    689    677    733    728    646    684    687    683    688    689     17     15      0     51      9    666    640    629    644    669    691    692    230    235    204    231    224    238    278    267    261    273    211    256    280    281    259    250    255    558    470    484    727    713    783    803    746    401    416    445    365    404    384    391    399    784    723    768    785    736    776    781    749    499    504    482    726    689    689    694    767    719    715    760    726    732    403    423    404    653    632   1089   1154   1169   1085   1167   1145   1112   1143   1157    415    332    338    373    367    383    525    512    552    515    487    500    537    493    520    550    689    687    681    698    708    716   1362   1393   1433   1420   1443   1416   1379   1386   1428   1415   1424    190    202    269    229    204   1028   1073   1054   1046   1043   1012   1012   1095   1042    583    583    544    514    540    527    579    545    571    572    747    871    871    872  
  647    646    636    693    687    604    642    645    641    647    647     37     49     51      0     55    693    666    656    675    698    721    718    234    247    206    255    244    252    303    286    283    294    234    283    305    303    278    278    267    541    451    464    777    763    834    854    796    434    444    476    395    435    415    419    432    755    696    737    754    709    748    751    719    527    532    511    758    721    718    726    798    752    748    790    758    763    430    450    431    684    664   1139   1204   1219   1135   1217   1195   1162   1193   1208    426    333    346    370    377    389    535    521    559    521    498    510    546    504    529    559    717    715    706    726    733    747   1388   1420   1460   1447   1470   1444   1406   1411   1455   1442   1450    214    240    294    267    239   1064   1108   1089   1079   1078   1047   1048   1130   1078    541    539    500    473    498    483    537    502    528    531    776    841    845    846  
  693    695    684    741    735    653    691    694    690    695    696     18     24      9     55      0    671    645    634    649    674    696    697    238    242    212    237    230    245    284    274    267    279    217    261    286    287    265    255    262    566    478    492    724    710    781    800    743    405    421    449    370    409    388    396    404    792    731    776    793    744    784    789    757    504    509    487    730    693    694    699    771    722    719    765    730    737    408    428    409    657    636   1086   1151   1166   1082   1165   1142   1110   1140   1154    422    340    345    381    374    390    532    519    559    523    494    507    544    500    527    557    694    692    687    703    714    720   1367   1398   1438   1425   1448   1421   1384   1391   1433   1420   1429    182    194    260    221    196   1031   1076   1057   1050   1046   1016   1015   1099   1045    590    590    550    521    547    534    586    552    578    579    752    879    879    880  
  896    952    929    952    948    915    942    944    941    922    943    681    656    666    693    671      0     27     38     66     31     59     28    488    458    512    439    450    451    390    411    412    400    459    411    389    391    419    417    441    555    559    566    653    679    680    733    686    275    251    227    302    266    287    276    275    800    737    825    835    750    783    816    801    169    163    186    115     90     48     86    128    133    112    111    107     91    264    244    263     71     84    876    914    932    890    933    919    917    924    964    316    429    388    434    354    370    265    282    284    307    274    273    263    270    277    262     30     24     43     37     54     88    696    728    768    754    778    751    714    720    763    750    759    797    744    848    759    764    422    456    434    406    422    384    402    470    428    874    911    873    812    859    863    882    876    884    847     88    871    826    828  
  877    932    910    933    929    894    922    924    922    902    923    654    629    640    666    645     27      0     12     63     44     75     53    462    432    485    412    424    424    364    384    386    374    433    385    362    365    392    390    415    538    539    546    645    670    674    727    678    250    224    202    276    241    261    250    250    786    723    811    821    736    770    802    786    143    137    160    131    100     66     99    150    146    127    135    124    112    238    217    236     72     77    878    918    936    892    937    922    919    927    966    292    404    363    410    329    346    246    262    267    288    253    253    245    249    258    245     54     50     56     62     75    106    723    754    794    781    804    778    741    747    789    776    785    772    719    823    735    740    444    479    458    430    446    408    424    494    451    853    890    851    790    837    841    861    854    862    826    113    859    816    818  
  868    922    900    923    920    884    912    914    911    893    913    644    619    629    656    634     38     12      0     69     55     86     63    451    421    474    401    413    413    353    373    375    363    422    374    352    354    381    380    404    528    528    536    645    670    676    727    678    241    214    193    266    231    251    240    241    778    715    802    812    728    762    793    778    133    127    150    141    109     77    108    161    154    136    146    134    123    227    207    226     78     81    882    923    941    896    942    927    923    932    970    281    393    351    399    318    335    236    252    258    278    242    242    235    239    248    236     65     61     61     73     83    116    733    765    805    791    815    789    751    757    800    787    795    762    710    814    726    731    455    490    469    442    457    419    435    505    461    843    879    840    779    827    830    850    843    852    815    125    851    808    810  
  928    981    958    984    980    942    970    973    970    952    972    660    635    644    675    649     66     63     69      0     41     49     87    484    450    505    423    437    442    375    400    400    388    443    393    374    379    408    397    436    591    587    594    588    614    615    668    621    245    233    200    280    241    261    257    246    845    780    868    878    794    828    859    843    151    147    166     88     50     50     53    123     93     80    117     85     89    248    228    248     11     20    815    855    873    829    874    859    856    864    903    329    437    393    449    361    383    299    314    323    340    300    302    299    297    311    301     63     68    108     72    116     72    723    754    791    779    803    773    737    749    788    774    786    764    707    810    720    728    407    447    426    407    414    379    389    464    417    899    933    894    833    880    883    905    897    906    871    109    918    876    878  
  921    976    954    977    973    938    966    968    965    946    967    684    660    669    698    674     31     44     55     41      0     31     47    499    468    522    444    457    460    396    419    419    408    465    415    395    399    427    421    452    581    583    590    626    653    652    705    659    273    255    227    305    267    287    280    274    828    766    853    863    779    812    844    829    171    166    188     88     59     23     56    108    104     84     95     80     70    269    249    268     43     60    845    883    901    860    903    888    886    894    933    334    445    403    453    370    388    290    306    311    332    296    296    288    293    302    288     24     28     72     33     76     62    694    725    764    751    775    747    710    719    760    746    757    794    739    843    754    760    401    437    416    391    404    367    381    453    408    897    933    894    833    881    884    904    897    906    869     79    900    856    858  
  952   1007    985   1008   1004    969    997    999    996    977    998    706    682    691    721    696     59     75     86     49     31      0     64    526    494    548    468    482    486    421    444    444    433    489    439    419    424    452    444    478    612    613    621    614    643    638    692    647    293    279    247    327    288    308    303    294    858    796    883    893    808    841    874    859    195    191    211     57     35     11     29     79     75     54     69     49     42    293    273    293     43     65    823    860    878    838    879    865    865    871    911    364    475    431    483    399    418    321    337    341    363    327    327    319    324    333    319     35     43     94     39     90     31    675    706    744    731    755    726    689    701    740    726    738    812    755    858    768    776    371    408    386    363    374    338    351    424    378    928    964    925    864    911    915    935    928    937    900     61    929    885    887  
  905    963    940    961    957    926    952    955    952    932    953    706    681    692    718    697     28     53     63     87     47     64      0    510    481    534    464    475    474    415    435    437    425    484    437    414    416    443    442    464    563    571    577    672    700    698    752    705    302    276    255    329    293    314    302    302    802    741    829    838    754    785    819    805    195    189    212    116     98     54     93    118    138    116     98    106     84    290    269    288     89    106    887    923    942    902    943    929    928    934    975    335    448    408    451    375    388    276    293    292    317    288    286    272    284    288    270     29     22     32     28     29     87    671    702    743    729    753    727    689    694    738    725    733    824    771    875    787    792    409    442    419    387    407    369    389    454    414    887    925    887    826    873    878    895    890    897    859     71    871    826    828  
  569    595    578    624    618    552    588    591    587    581    591    238    215    230    234    238    488    462    451    484    499    526    510      0     41     28     99     80     51    127     91     99    108     93    131    127    115     87    132     50    353    275    289    755    754    807    841    781    270    255    298    223    263    247    236    267    607    541    602    618    555    596    609    580    334    338    320    571    533    521    537    605    571    562    593    568    568    240    259    239    494    476   1097   1155   1172   1099   1171   1151   1127   1151   1175    195    102    114    146    147    156    302    288    326    288    266    277    314    272    296    326    515    511    494    523    521    555   1175   1207   1250   1234   1258   1234   1197   1196   1242   1231   1236    413    402    488    428    412    889    929    909    889    897    862    871    948    899    494    513    471    420    461    456    496    473    492    473    575    696    685    686  
  607    635    617    662    657    591    627    630    626    620    631    245    221    235    247    242    458    432    421    450    468    494    481     41      0     56     60     42     10     87     52     59     68     59     91     87     76     47     92     21    376    303    318    716    716    768    802    743    231    219    261    184    224    207    199    228    637    569    634    650    584    625    640    611    300    304    285    537    499    489    503    572    536    528    562    535    535    204    224    204    460    442   1056   1115   1131   1059   1131   1110   1087   1111   1135    181    111    104    159    132    151    290    278    318    282    253    265    302    259    286    316    484    481    466    493    494    522   1149   1181   1223   1208   1231   1207   1170   1171   1216   1204   1211    410    391    482    416    403    854    895    874    856    863    828    836    914    864    534    554    511    460    502    497    536    514    532    513    544    725    711    713  
  572    595    579    626    621    552    588    591    587    583    592    211    189    204    206    212    512    485    474    505    522    548    534     28     56      0    105     85     65    141    108    113    123     93    139    141    131    101    139     71    371    290    305    755    753    808    840    781    286    275    317    239    279    262    254    282    621    555    614    630    569    610    622    592    355    359    341    592    554    544    558    627    591    583    616    590    590    260    279    259    515    497   1101   1160   1177   1102   1176   1155   1130   1155   1178    222    129    141    171    174    183    329    315    353    315    293    305    341    299    323    354    538    535    518    547    546    577   1200   1232   1275   1260   1283   1259   1222   1221   1268   1256   1262    389    380    464    406    390    909    950    930    911    918    883    891    969    920    493    509    467    419    458    452    493    469    489    473    598    709    700    701  
  666    694    676    721    716    650    686    689    685    679    690    245    220    231    255    237    439    412    401    423    444    468    464     99     60    105      0     20     51     49     44     33     43     21     36     50     51     37     35     67    429    360    374    657    656    709    743    683    189    190    226    145    186    167    166    186    693    625    691    707    639    681    697    668    274    278    258    508    470    465    475    546    504    498    537    506    510    176    196    177    432    412    998   1057   1074   1001   1073   1053   1029   1053   1076    198    159    136    208    154    183    306    296    338    306    268    281    318    273    304    332    463    460    452    472    479    495   1134   1165   1206   1192   1216   1189   1152   1157   1201   1188   1196    390    361    457    384    375    820    862    843    828    831    798    803    883    832    592    611    569    519    559    554    594    571    590    572    522    781    765    767  
  648    674    657    703    697    631    667    670    666    660    671    236    211    224    244    230    450    424    413    437    457    482    475     80     42     85     20      0     34     62     44     39     51     20     55     64     60     36     54     53    415    344    358    676    675    728    762    702    206    204    242    162    203    184    181    203    677    610    675    691    624    665    681    652    287    292    271    522    485    478    489    560    519    512    551    521    524    190    210    190    446    427   1018   1077   1094   1020   1093   1072   1048   1072   1096    197    147    130    196    151    177    307    296    337    303    268    281    319    274    304    332    475    473    462    484    490    509   1145   1177   1217   1203   1227   1201   1164   1168   1212   1199   1207    389    364    458    387    377    836    878    858    843    847    813    818    898    848    573    592    549    499    540    534    575    552    570    552    535    766    751    753  
  616    644    626    671    666    601    636    639    636    629    640    249    224    238    252    245    451    424    413    442    460    486    474     51     10     65     51     34      0     77     43     49     58     52     81     77     66     37     82     21    382    310    324    707    707    759    793    734    221    210    252    175    215    198    189    218    643    576    641    657    590    632    647    618    292    296    277    528    491    481    494    564    527    519    554    526    527    196    215    195    452    433   1047   1105   1122   1049   1121   1101   1078   1101   1125    178    114    103    163    130    150    288    276    316    281    250    262    300    255    283    313    476    473    459    485    487    513   1142   1174   1216   1201   1225   1200   1162   1164   1209   1197   1204    411    390    482    414    403    845    886    866    848    854    820    827    905    856    544    564    521    470    511    507    546    524    542    522    536    732    717    719  
  682    714    696    738    733    671    706    709    705    697    709    292    267    278    303    284    390    364    353    375    396    421    415    127     87    141     49     62     77      0     38     29     21     69     29      3     18     41     36     82    423    362    376    641    644    692    728    669    146    142    180    100    141    123    119    143    692    624    694    710    639    680    698    671    226    231    210    460    423    417    427    498    457    450    489    459    462    128    148    129    385    365    975   1033   1050    979   1049   1029   1007   1030   1055    165    155    120    201    128    162    270    262    304    274    231    245    282    236    269    295    415    412    404    424    431    447   1086   1117   1158   1144   1168   1141   1104   1109   1153   1140   1148    431    397    496    418    413    774    816    796    781    785    751    756    836    786    615    637    595    542    584    581    618    597    615    593    474    780    761    762  
  645    676    658    701    696    633    668    671    668    660    672    280    255    267    286    274    411    384    373    400    419    444    435     91     52    108     44     44     43     38      0     15     18     60     54     37     24      9     58     44    392    328    342    678    680    729    765    705    180    168    209    133    172    156    147    176    660    591    660    676    606    647    665    637    250    254    235    487    449    440    453    522    485    477    513    485    486    154    173    153    410    391   1013   1071   1088   1017   1087   1067   1045   1067   1093    155    122     94    170    111    140    264    254    295    262    225    239    276    231    261    289    436    433    421    445    448    472   1104   1136   1177   1163   1186   1161   1123   1126   1171   1158   1166    432    404    500    427    418    802    844    824    806    812    778    785    863    814    577    599    557    504    547    543    580    560    577    555    496    748    730    731  
  658    688    670    713    708    645    680    683    680    672    684    274    249    261    283    267    412    386    375    400    419    444    437     99     59    113     33     39     49     29     15      0     12     51     40     28     21     14     44     55    407    342    356    665    667    716    752    692    174    167    206    127    168    150    144    170    674    606    674    690    620    662    679    651    249    254    234    485    447    440    452    522    483    475    513    484    486    152    172    152    409    390   1001   1059   1076   1005   1075   1055   1033   1056   1081    166    137    109    185    123    154    274    265    307    274    236    249    286    241    272    300    437    434    424    446    451    471   1107   1138   1179   1165   1189   1163   1125   1129   1173   1161   1168    422    392    489    415    407    800    842    822    806    810    776    782    861    811    589    610    568    516    558    553    591    570    588    567    497    762    744    746  
  662    694    675    718    713    650    686    688    685    677    689    286    261    273    294    279    400    374    363    388    408    433    425    108     68    123     43     51     58     21     18     12      0     62     41     20     10     22     46     61    406    343    357    661    664    712    748    689    164    155    195    117    157    140    133    160    674    606    675    691    620    661    679    652    238    242    222    474    436    429    440    510    471    464    501    472    474    141    160    141    398    379    996   1053   1070    999   1070   1050   1028   1050   1076    158    136    105    184    117    148    265    256    298    266    226    240    277    232    263    291    425    423    412    434    439    460   1095   1126   1167   1153   1177   1151   1114   1117   1162   1149   1157    432    401    499    423    416    789    831    810    794    799    765    771    850    800    595    617    574    522    564    560    597    577    594    572    485    762    743    745  
  661    687    670    716    711    643    679    682    679    673    683    224    199    211    234    217    459    433    422    443    465    489    484     93     59     93     21     20     52     69     60     51     62      0     53     71     71     52     50     71    433    362    376    664    662    716    749    689    208    211    246    165    206    187    187    205    695    627    692    708    642    683    698    669    294    299    278    528    490    485    495    566    524    518    558    527    530    197    217    197    452    433   1008   1067   1084   1010   1083   1062   1038   1062   1085    214    165    148    214    169    195    323    313    355    321    285    298    336    290    321    349    483    481    472    492    500    515   1154   1186   1227   1213   1236   1210   1173   1178   1221   1208   1217    372    345    441    369    359    839    882    862    849    851    818    822    903    852    585    602    559    511    551    544    586    562    581    565    543    783    769    771  
  695    725    707    751    745    681    717    720    716    709    720    270    245    256    283    261    411    385    374    393    415    439    437    131     91    139     36     55     81     29     54     40     41     53      0     32     44     52      7     92    446    381    395    627    628    679    714    654    155    161    194    113    154    134    136    153    713    645    714    729    660    701    718    690    245    250    228    476    439    436    444    515    472    466    508    475    480    148    168    149    402    381    966   1025   1041    969   1041   1020    997   1021   1045    194    176    145    224    156    188    299    291    333    303    260    274    311    265    298    324    434    433    427    444    453    465   1107   1139   1178   1165   1189   1162   1124   1131   1174   1160   1169    404    368    468    390    384    787    830    810    797    799    766    770    851    799    624    644    601    551    592    587    626    604    622    603    493    801    783    785  
  681    713    694    736    731    670    705    708    704    695    708    294    269    280    305    286    389    362    352    374    395    419    414    127     87    141     50     64     77      3     37     28     20     71     32      0     16     41     39     81    421    360    374    643    646    693    730    671    146    141    179    100    140    122    118    142    690    622    692    707    636    677    696    669    224    229    208    459    422    416    426    497    456    449    488    458    461    127    147    127    384    364    977   1034   1051    980   1051   1030   1009   1031   1057    162    153    117    199    125    159    267    259    301    271    228    242    279    234    266    292    413    411    402    422    429    446   1084   1116   1156   1142   1166   1140   1102   1107   1151   1138   1146    434    400    499    421    416    773    815    795    780    784    750    756    835    785    614    636    593    541    583    579    617    596    613    592    473    778    758    760  
  665    698    679    721    716    655    690    693    689    681    693    294    270    281    303    287    391    365    354    379    399    424    416    115     76    131     51     60     66     18     24     21     10     71     44     16      0     30     50     68    406    344    358    658    661    709    745    686    156    146    187    109    149    132    124    152    675    606    677    692    621    662    680    653    229    233    213    465    427    420    431    501    463    455    492    463    465    132    151    132    389    370    992   1049   1066    995   1065   1045   1024   1046   1072    152    137    103    184    112    145    258    249    291    260    220    233    270    225    257    284    416    414    403    425    430    451   1086   1117   1158   1144   1168   1142   1105   1108   1153   1140   1148    440    408    506    430    423    780    822    802    785    790    756    762    841    791    599    622    580    527    569    566    602    582    599    577    476    762    743    745  
