55

    0     38     12    361    328    322    341    362    319    336    349    324    338    321    366    346    330    363    333    327    327    629    630    635    647    639    671    661    633    635    646    645    639    628    616   1195   1136   1086   1089   1113   1089   1128   1097   1104    989   1021    980    999   1006    969   1007   1005    997   1015   1019  
   38      0     39    388    354    349    366    390    345    363    374    352    365    347    393    374    357    389    360    354    354    666    666    672    684    675    708    698    670    672    683    681    676    664    653   1202   1172   1121   1125   1148   1124   1163   1133   1139    997   1030    988   1007   1014    978   1015   1013   1005   1024   1026  
   12     39      0    369    337    330    349    370    327    344    357    332    346    329    374    354    338    371    341    335    335    627    628    634    645    637    669    659    632    633    644    643    637    626    615   1206   1140   1089   1093   1116   1093   1131   1101   1107   1000   1032    991   1010   1017    980   1018   1016   1008   1026   1030  
  361    388    369      0     39     39     28     19     43     26     27     39     23     42      6     18     31      7     29     34     34    526    519    517    532    534    555    539    504    528    521    531    534    524    508    922    836    787    785    811    782    824    796    802    713    741    703    726    730    693    730    728    721    737    748  
  328    354    337     39      0     19     13     51     16     22     21     31     25     12     43     35     19     38     21     22     21    546    539    539    553    554    577    561    527    548    543    552    554    544    528    931    874    825    823    849    820    862    834    840    721    750    711    734    738    701    738    736    729    745    755  
  322    349    330     39     19      0     25     45      7     14     34     13     17     10     44     27      8     41     11      6      6    528    522    521    536    536    559    544    509    530    526    534    536    526    511    948    867    818    816    842    814    855    827    833    738    766    728    751    755    718    755    753    746    762    772  
  341    366    349     28     13     25      0     43     25     20      9     35     22     21     32     30     21     26     21     25     24    545    538    537    551    552    575    559    524    547    541    550    553    543    527    923    864    815    812    839    810    851    824    830    713    742    703    726    730    693    730    728    721    737    747  
  362    390    370     19     51     45     43      0     50     32     44     39     29     51     20     18     38     26     35     39     39    508    500    499    513    515    537    521    486    509    502    512    515    506    490    936    823    775    773    799    771    812    784    790    726    754    716    740    743    707    743    741    735    750    761  
  319    345    327     43     16      7     25     50      0     19     34     19     22      5     48     33     13     44     16     12     12    533    527    527    541    541    565    550    515    536    531    540    542    532    516    946    873    824    822    848    820    861    833    839    736    765    727    750    754    717    754    752    745    761    770  
  336    363    344     26     22     14     20     32     19      0     27     17      4     19     31     15      6     28      3      9      9    526    519    518    533    534    556    541    506    528    522    532    534    524    508    940    855    807    804    831    802    844    815    822    730    758    720    743    747    710    747    745    738    754    764  
  349    374    357     27     21     34      9     44     34     27      0     42     28     30     29     33     28     22     28     33     32    549    542    540    555    556    578    563    528    550    544    554    557    547    531    914    860    812    809    835    806    848    820    827    705    733    695    718    722    685    722    720    713    729    739  
  324    352    332     39     31     13     35     39     19     17     42      0     17     22     44     23     14     43     14     10     12    515    509    508    523    523    547    531    497    518    513    522    524    514    498    956    858    809    807    833    806    847    818    825    746    774    736    759    763    726    763    761    754    770    780  
  338    365    346     23     25     17     22     29     22      4     28     17      0     23     29     11     10     27      6     12     12    523    516    515    530    531    553    538    503    525    519    529    531    521    505    940    851    803    801    827    799    840    812    818    730    759    720    744    747    711    747    745    739    755    765  
  321    347    329     42     12     10     21     51      5     19     30     22     23      0     47     33     14     43     17     14     14    537    531    530    545    545    569    553    519    540    535    544    546    536    520    942    874    825    823    849    821    862    834    840    732    761    722    745    749    712    749    747    740    757    766  
  366    393    374      6     43     44     32     20     48     31     29     44     29     47      0     23     36      8     34     40     39    527    519    518    532    534    555    540    505    528    521    531    534    525    509    919    832    784    781    807    779    820    792    799    709    737    699    723    726    690    726    724    718    733    744  
  346    374    354     18     35     27     30     18     33     15     33     23     11     33     23      0     20     24     17     21     21    516    509    508    523    524    546    531    496    518    512    522    524    515    499    939    841    792    790    816    788    829    801    808    730    758    720    743    747    710    747    745    738    754    764  
  330    357    338     31     19      8     21     38     13      6     28     14     10     14     36     20      0     34      4      5      4    528    521    520    535    535    558    543    508    530    525    534    536    526    510    942    861    812    810    836    808    849    821    827    732    761    723    746    750    713    750    748    741    757    767  
  363    389    371      7     38     41     26     26     44     28     22     43     27     43      8     24     34      0     31     37     37    533    525    524    539    540    562    546    511    534    527    538    541    531    515    916    839    790    787    814    785    826    799    805    707    735    697    720    724    687    723    721    715    731    741  
  333    360    341     29     21     11     21     35     16      3     28     14      6     17     34     17      4     31      0      6      6    526    519    518    533    533    556    541    506    528    522    531    534    524    508    942    857    809    807    833    804    846    817    824    732    761    722    745    749    712    749    747    741    756    766  
  327    354    335     34     22      6     25     39     12      9     33     10     12     14     40     21      5     37      6      0      2    525    518    517    532    532    556    540    506    527    522    531    533    523    507    947    861    812    811    836    809    850    821    828    737    766    727    750    754    717    754    752    745    761    771  
  327    354    335     34     21      6     24     39     12      9     32     12     12     14     39     21      4     37      6      2      0    526    519    519    533    534    557    541    507    528    523    532    534    524    508    946    861    813    811    837    809    850    822    828    736    764    726    749    753    716    753    751    744    760    770  
  629    666    627    526    546    528    545    508    533    526    549    515    523    537    527    516    528    533    526    525    526      0     14     25     24     10     44     40     45      9     38     22     11      2     19   1365    658    611    628    641    634    659    628    632   1166   1187   1156   1182   1182   1149   1181   1179   1175   1186   1203  
  630    666    628    519    539    522    538    500    527    519    542    509    516    531    519    509    521    525    519    518    519     14      0     12     18     16     42     33     31     10     26     15     16     13     14   1353    647    599    616    629    622    647    616    621   1155   1176   1145   1171   1171   1137   1169   1168   1164   1174   1192  
  635    672    634    517    539    521    537    499    527    518    540    508    515    530    518    508    520    524    518    517    519     25     12      0     15     24     39     26     21     19     15     14     24     25     22   1346    635    587    605    617    610    635    604    609   1149   1169   1139   1165   1164   1131   1163   1161   1157   1168   1186  
  647    684    645    532    553    536    551    513    541    533    555    523    530    545    532    523    535    539    533    532    533     24     18     15      0     17     25     16     32     16     19      3     17     25     31   1360    635    588    606    618    611    636    605    609   1162   1183   1152   1178   1178   1145   1177   1175   1171   1181   1200  
  639    675    637    534    554    536    552    515    541    534    556    523    531    545    534    524    535    540    533    532    534     10     16     24     17      0     34     32     44      7     34     15      1     12     26   1368    652    605    623    634    628    652    621    626   1171   1191   1160   1186   1186   1153   1185   1183   1179   1190   1208  
  671    708    669    555    577    559    575    537    565    556    578    547    553    569    555    546    558    562    556    556    557     44     42     39     25     34      0     17     52     37     35     27     34     45     55   1376    626    580    598    609    604    627    597    601   1180   1200   1170   1196   1195   1162   1194   1192   1188   1199   1217  
  661    698    659    539    561    544    559    521    550    541    563    531    538    553    540    531    543    546    541    540    541     40     33     26     16     32     17      0     36     31     19     19     32     41     46   1359    621    574    592    604    598    622    591    595   1163   1183   1153   1179   1179   1146   1177   1176   1172   1182   1200  
  633    670    632    504    527    509    524    486    515    506    528    497    503    519    505    496    508    511    506    506    507     45     31     21     32     44     52     36      0     39     17     33     44     44     36   1328    621    572    589    602    594    620    589    594   1131   1151   1120   1146   1146   1113   1145   1143   1139   1150   1168  
  635    672    633    528    548    530    547    509    536    528    550    518    525    540    528    518    530    534    528    527    528      9     10     19     16      7     37     31     39      0     30     13      7     10     21   1362    650    602    620    632    625    650    619    624   1164   1185   1154   1180   1180   1147   1179   1177   1173   1184   1201  
  646    683    644    521    543    526    541    502    531    522    544    513    519    535    521    512    525    527    522    522    523     38     26     15     19     34     35     19     17     30      0     20     34     38     36   1343    621    574    591    603    596    621    590    595   1146   1166   1136   1162   1162   1129   1160   1159   1155   1165   1183  
  645    681    643    531    552    534    550    512    540    532    554    522    529    544    531    522    534    538    531    531    532     22     15     14      3     15     27     19     33     13     20      0     15     22     29   1360    638    590    608    620    614    638    607    612   1162   1183   1152   1178   1178   1145   1177   1175   1171   1182   1200  
  639    676    637    534    554    536    553    515    542    534    557    524    531    546    534    524    536    541    534    533    534     11     16     24     17      1     34     32     44      7     34     15      0     12     26   1369    652    604    622    634    628    652    621    626   1171   1191   1161   1187   1186   1153   1185   1183   1180   1190   1208  
  628    664    626    524    544    526    543    506    532    524    547    514    521    536    525    515    526    531    524    523    524      2     13     25     25     12     45     41     44     10     38     22     12      0     17   1363    658    611    628    641    634    659    628    632   1165   1186   1154   1180   1180   1147   1179   1177   1173   1184   1202  
  616    653    615    508    528    511    527    490    516    508    531    498    505    520    509    499    510    515    508    507    508     19     14     22     31     26     55     46     36     21     36     29     26     17      0   1347    655    607    624    637    629    655    624    629   1149   1170   1139   1164   1164   1131   1163   1161   1157   1168   1186  
 1195   1202   1206    922    931    948    923    936    946    940    914    956    940    942    919    939    942    916    942    947    946   1365   1353   1346   1360   1368   1376   1359   1328   1362   1343   1360   1369   1363   1347      0   1216   1197   1173   1198   1163   1196   1190   1195    211    182    220    198    193    230    193    195    202    186    178  
 1136   1172   1140    836    874    867    864    823    873    855    860    858    851    874    832    841    861    839    857    861    861    658    647    635    635    652    626    621    621    650    621    638    652    658    655   1216      0     52     53     25     59     20     40     34   1082   1084   1073   1097   1091   1071   1088   1087   1088   1087   1114  
 1086   1121   1089    787    825    818    815    775    824    807    812    809    803    825    784    792    812    790    809    812    813    611    599    587    588    605    580    574    572    602    574    590    604    611    607   1197     52      0     30     30     41     48     18     22   1057   1060   1048   1073   1066   1046   1064   1062   1064   1064   1090  
 1089   1125   1093    785    823    816    812    773    822    804    809    807    801    823    781    790    810    787    807    811    811    628    616    605    606    623    598    592    589    620    591    608    622    628    624   1173     53     30      0     29     11     40     18     23   1035   1038   1026   1051   1044   1024   1041   1040   1042   1041   1068  
 1113   1148   1116    811    849    842    839    799    848    831    835    833    827    849    807    816    836    814    833    836    837    641    629    617    618    634    609    604    602    632    603    620    634    641    637   1198     25     30     29      0     37     18     16      9   1062   1064   1053   1078   1071   1051   1068   1067   1069   1068   1095  
 1089   1124   1093    782    820    814    810    771    820    802    806    806    799    821    779    788    808    785    804    809    809    634    622    610    611    628    604    598    594    625    596    614    628    634    629   1163     59     41     11     37      0     43     29     32   1026   1028   1017   1042   1035   1015   1032   1031   1033   1032   1059  
 1128   1163   1131    824    862    855    851    812    861    844    848    847    840    862    820    829    849    826    846    850    850    659    647    635    636    652    627    622    620    650    621    638    652    659    655   1196     20     48     40     18     43      0     32     27   1063   1065   1054   1079   1072   1053   1069   1068   1070   1069   1095  
 1097   1133   1101    796    834    827    824    784    833    815    820    818    812    834    792    801    821    799    817    821    822    628    616    604    605    621    597    591    589    619    590    607    621    628    624   1190     40     18     18     16     29     32      0      7   1053   1055   1044   1068   1062   1042   1059   1058   1059   1059   1086  
 1104   1139   1107    802    840    833    830    790    839    822    827    825    818    840    799    808    827    805    824    828    828    632    621    609    609    626    601    595    594    624    595    612    626    632    629   1195     34     22     23      9     32     27      7      0   1057   1060   1049   1073   1067   1047   1064   1063   1064   1064   1090  
  989    997   1000    713    721    738    713    726    736    730    705    746    730    732    709    730    732    707    732    737    736   1166   1155   1149   1162   1171   1180   1163   1131   1164   1146   1162   1171   1165   1149    211   1082   1057   1035   1062   1026   1063   1053   1057      0     35     11     17     18     20     18     17      9     28     38  
 1021   1030   1032    741    750    766    742    754    765    758    733    774    759    761    737    758    761    735    761    766    764   1187   1176   1169   1183   1191   1200   1183   1151   1185   1166   1183   1191   1186   1170    182   1084   1060   1038   1064   1028   1065   1055   1060     35      0     42     34     22     53     19     20     30     10     36  
  980    988    991    703    711    728    703    716    727    720    695    736    720    722    699    720    723    697    722    727    726   1156   1145   1139   1152   1160   1170   1153   1120   1154   1136   1152   1161   1154   1139    220   1073   1048   1026   1053   1017   1054   1044   1049     11     42      0     27     28     11     28     26     20     36     48  
  999   1007   1010    726    734    751    726    740    750    743    718    759    744    745    723    743    746    720    745    750    749   1182   1171   1165   1178   1186   1196   1179   1146   1180   1162   1178   1187   1180   1164    198   1097   1073   1051   1078   1042   1079   1068   1073     17     34     27      0     13     34     16     16     10     25     22  
 1006   1014   1017    730    738    755    730    743    754    747    722    763    747    749    726    747    750    724    749    754    753   1182   1171   1164   1178   1186   1195   1179   1146   1180   1162   1178   1186   1180   1164    193   1091   1066   1044   1071   1035   1072   1062   1067     18     22     28     13      0     37      4      4     10     12     24  
  969    978    980    693    701    718    693    707    717    710    685    726    711    712    690    710    713    687    712    717    716   1149   1137   1131   1145   1153   1162   1146   1113   1147   1129   1145   1153   1147   1131    230   1071   1046   1024   1051   1015   1053   1042   1047     20     53     11     34     37      0     38     36     29     46     56  
 1007   1015   1018    730    738    755    730    743    754    747    722    763    747    749    726    747    750    723    749    754    753   1181   1169   1163   1177   1185   1194   1177   1145   1179   1160   1177   1185   1179   1163    193   1088   1064   1041   1068   1032   1069   1059   1064     18     19     28     16      4     38      0      2     12     10     27  
 1005   1013   1016    728    736    753    728    741    752    745    720    761    745    747    724    745    748    721    747    752    751   1179   1168   1161   1175   1183   1192   1176   1143   1177   1159   1175   1183   1177   1161    195   1087   1062   1040   1067   1031   1068   1058   1063     17     20     26     16      4     36      2      0     10     12     28  
  997   1005   1008    721    729    746    721    735    745    738    713    754    739    740    718    738    741    715    741    745    744   1175   1164   1157   1171   1179   1188   1172   1139   1173   1155   1171   1180   1173   1157    202   1088   1064   1042   1069   1033   1070   1059   1064      9     30     20     10     10     29     12     10      0     21     29  
 1015   1024   1026    737    745    762    737    750    761    754    729    770    755    757    733    754    757    731    756    761    760   1186   1174   1168   1181   1190   1199   1182   1150   1184   1165   1182   1190   1184   1168    186   1087   1064   1041   1068   1032   1069   1059   1064     28     10     36     25     12     46     10     12     21      0     29  
 1019   1026   1030    748    755    772    747    761    770    764    739    780    765    766    744    764    767    741    766    771    770   1203   1192   1186   1200   1208   1217   1200   1168   1201   1183   1200   1208   1202   1186    178   1114   1090   1068   1095   1059   1095   1086   1090     38     36     48     22     24     56     27     28     29     29      0  

    0      0      0      0      0      0      0      0      0    112      0      0      0      0     15      0     83      0      0      0      0      0      0      0      0      0      0      0      0      0  12780      0      0   6246      0      0    851      0      0      0      0      0      0    166      0   1706      0      0      0      0     25      0     10     44      0  
   11      0      0      0      0   7189     50      0      0     43      0      0      0      0      0      0      0      0      0      0      0      0      0      0    568      0      0      0    132      0      0      0      0   3359      0      0      0      0      0      0      0      0      0      0    290      1      5      0      0      0      0    784     12      0      0  
    0      0      0      0      0      0      0      0  63168  47182      5      0  16890      0      0      0      0      0      0      0      0      0      0      0  41076      0      1      0      0      0      0      0      0      5      0      0      1      0      0  70618      0    424      0      0      0      0     82      0      0     96  21356      0      0   1292      0  
    0      0     72      0      0      0  70083      0      0  19687      0     66      0      0      0  12235      0      0    166      0    177      0      0      2      0      0  38601      0      0      0      2      0      0      0      0      0      2      0      0      0      0      0      0      0    151   6188      0      0      0      0     37      0      0      0      0  
    0    531      5      0      0    200      1      0    160      0      0      0      0     13   1982   7831      0      0      0      0      0      0      0      0      1      0      0      0      0   1341  88338      0      0      0      0      0      0      0      0  13508      0      0      0      0      0      0   3027      0      0      0   5932  37814      0     11      0  
    0    537   2046      6   1069      0      0      0    192      0      0      0     26    224      3      0     44      0     52      0      0      0      0      0    859    251      6      0      0      2      0      0      0      0      0     21      0      0     16   1035      0   5684      0      0      0   4255      0      0      0      0   5578      0      0     31     36  
    0      0      0      0      0      0      0      0      0      0      0      0      0      0      0      2      0      0    257      0      2      0      0      0      0      0      0      0      0      0      0      0      0      0      0      1      0      0      0      0      0      0      0      0      0      0      0      0      0    828      0      0  30959      0      0  
  215      0      0      0     19    334      2      0      0      0      0      0      0      0      0      0      0   3408      0      0      0      0  75549      0     28      0      0      0      0      0    100      0      0      0    238      0      0     66      0      0      0   2758      0      0  48401      0      0      1      0      0      0      0      0      0   1535  
    0      0     45      0      0      0    346      0      0      0      0      0      0  14392      6      0      0     29      0      0   1234      0     99      0    278      0      0      0      0     36   6325      0      0      0    107      0      0      0  61466      0  10478      0      0  17554    494      0      0      0      0      0      0      0      0      0      0  
    0      0      0      0      0      0      0      0   4120      0      0      0      0      0      0   7708      0      0      0      0      0      0      0      0   1877      0      0      0   1324      6      0      0      0      0      0      0      0      1      0  27020      0      0  66575      0      0      0      3      0      0      0      8  75674      0      0      0  
    0      0      0     37      0      0    179  25284      0      0      0      0      0      0   4848      0      0      0  60911   1576      0      0      0      0     15      0      0      0      0  13131      7      0      0      0    682      0      0      0      0      0      0      0  23847      0      0      0      0      0      0   2017      0     77      0    146      0  
    0      1      0  66479      0      0      0      0      0      0      0      0   2289      0    108      0      0      3    791      0      0      0      0      0      0      0      0      0      0      0      0      0      0      0    210      0      0      0      0      0     16      0      0      0      0    202      0   7926      0  30683      0      0      0      0     19  
    0      0   8200      0      0      0      0      0      0      0      0   4451      0      0      0      0    110      0  67028      0      0     52      0      0      1      0      0   1139      0      0   4234      0      9    143      0      0      0      0      3      0   2778      0      0      0      0   1574     33      0      0      0      0  67292      0      0      0  
    0      0      0      0      4      0      0      0      0      0      0      0      0      0      0    335    707      0      0      0      0      0      0     60      0      0      0  10276      0      0      0      0      0      0      0  37106      0      0     62      0      0      0      0      0      0    216      9     47      0    124      0      0      0      0      0  
   60      0      0      0      0      0      0      0      0      0      0    191      0      0      0      0  56282      0      0      1      0      0      0   8535  52048     23      0      0      0      0      0  29141      0      0    182    481    482      0      0    793    256      0      0      1      0      0      0      0      0      0  46595      0      0      0      0  
    0      0      0      0      0      0      0     78      0      0      0      0   6438      0      8      0      0      0      0      0      0      0      0      0      0      0    159      0      0      0  21406      0      0    866      0      0      0      0      0      0      0      0    349      0      0    629      0  63200  36855     14     29      0      0     25      0  
  939      0      0      0      0      0      0      0      0    112      0      0      0      0      0      0      0      9      0      0     17      0      0  21484      0      0      0      0      0     58      0      0      0  20271   4546      0    220      0      0      8      0      0      0   1001      0      0      0      0      0   8078      0      4      0      0      0  
    7      0      1      0      0      0  68594     33  76164      0      0      0     66      0      0      7      0      0    127      0      0      0    186      0      8      0      0     32   3589      0      0      0      0      0    266      0   3554      0      0      0      0      0    192      0      0      0      0      0      0      0   2218      0      3   3406      0  
 1229      0      0      4      0      0      0      0      0      0      0   2430      0      0      1   1503     48      0      0   7412      0      0      0      0      0      0    386      0      0  20550      0      0      0      0      0      0      0     10  37668      0   1537      0      0      0      1  13917      0     41     11      0      0      0      0      0      1  
    0     12      0      0      0      0      0      0      0  59992      0      0  92333      0      0      0  67166      0      0      0      0      0      0      0     27      0      0      0   4217      0      0      4  43411      0      0      0      0      0      0      0      0    870      0      0      0      0     70      0      0      0    124   3409     12  75183      0  
    0      0      0    320      0     13      0      0      0      0      0      0      0      0      0      0      0      0      0      0      0  14009      0      0      0      0      0  12203      0      0     62      0      0      0      0      0   1068      0      0    634  72908     35      0      0      0      0      0      0      0      0  14556      0      0      0      0  
 4973      0     34      0      0      1      0      1      1     11      0      0      0      0      0      0      0      0      0      0      0      0  84697      0  28008      0      1      0      0      0   3344      0      0      0    104      0      0      0      0      0      0      0      0     29      0      0      0      0      0      0      0      0      0  11122      0  
    0      0      0      0      0      0  91424    138    138      0      0      0      0      0      0      0      0      0      0    474      0      0      0      0   5718   6912      0      0      0      0  11053      0      0      0   1584   7704      3      0      0      0      1      0      0      0      0      0     42      0      0      0    646      0      0      7      0  
    0      0      0  11241      0      0   2773   8481      0      0      0      0      0      3      0      0      0      0      0      0  35054      0    288      0      0     60      0      0      0      0      0     10    672      0  43443   3483      0      0     47      1      0      3  53770    378      0     25      0      0      0      0      0    348      2      0      0  
34816      0      0      0   5680      0  24668      0      0      0      0      0      0   3287      0      0      0      0      0     16      0   7013      0      0      0      0      0      0      0      0      0      0      0      0      0      0      0     38      0      0      0      0      1  16513      0      0      0      0      1     55      0    430  27713      0      0  
    0      0      0      0      0      0     59    625      0      0      0      0      0  88547      0      0     48  80150      0      0      0      0      0      0      0      0      0      0      0      0      0      0  35395   3818      0      0      0   2452      0      0      0      0      0  46067      0      0      0      0      0  95706  35265      0      0      0      0  
    0      0      0      0      7      2      0      0      0      0  11647  67491      0      0      0      0      0      0      0      0      0      0    473      0    814     36      0      0      0   7069  78477      0     52      0      0      0      0      0      0      0      1   2825  34276      0      0      0    438      0      0      2      0      0      0      0      0  
    2     14      0  55900      0      0      0    115      0   5705      0      0      0  18061   1691     11     13      0    689      0      0  87739      0      0   1960     38      0      0      0      0      0      0      0      0      0      0  18636      0      0      0      0      0      6      0     16      0      0      0      0      8      0      0      0      0      0  
   13  23800      0  91908      0      0    303      0      0      0  15720      0      0      0      7      0      0      0      0      0     36      0      0      0      0      0      0      0      0      1      0      0      0      0      0      0      0      0      0      0      0      0  10900      0      0      0      0      0      0      0   1455      0      0      0      0  
    0  44494      0      0      8      0      0      0      0      0     56      0      0      0     16      0  85079      4      0     89      0      0      0      0      0     18      0      0      0      0      0      0      0      0      0      0      3      0      0      0      0      0      0      0      0      0      0      0      0      1      0      0      0      0      0  
    0      0      0      0      0      0      0      0      0      0      0      0      0      0   4215      0  26776      0      0      0      0      0      0   4526      0      0      0      0      0      0      0     15      0      2      1      0      0     89      0      0    391      0      0      0      0      0     65      0      0      0      1     21   2833      0      0  
    6      0      0      0  89227      1      0      0      0      0      0   1067      0      0      0   3871  10109      0      0      2      0      0      0   6209      0      0      0    542      9      0  69015      0      0      0      6      0      0      0      0      0      0    688      0      0   5405      0    690      0      0      0      0   2316      0      0      0  
    0      0      0  77028      0      0      0      0      0      0   1347     81    264      0      0      0      0      0      0      0     33      0      0      0      0      0      0      0    434  72363  95669      0      0      0      0      1     73   1002      1      0    194      0  11931      0      0   3616      7     95      0      0     29      0      0    386      0  
    0      0      0      0      0      0      0      0      0      0      0      0  48882      0   9329      0      0      0      0      0   1284      0      0      0      0  17110      0      0      0      0      0      0      0      0      0      0      0      0      0      0      0   1704    675      0      0      0      0      0     18      0      0      0      0    205      0  
    0      0      0  16004      0      0      0      0      0      0     12      1      0      0      0     12      0   4209      0      0  14560      0      0      0      0      0      0      0      0      0   1355     38      0      0      0      0      0      0      0  25095      6      0      0      0      0      1      0      0      0      3      0      0      0   5096      0  
    0      0      2      0      0      0   1199      0      0      0   3994      0  27232  99560      0      0      0      0      0      0  17039      0      0      0      0      0  37620      0      0      0      0      0      0     64      0      0      0      0      0      0      0     12   8905      0     11      0      0     41      0   1499      0      0      2     67      0  
    0      0      0      0      0     96    101      0      0      0   7602     35      0      0      0      0      0   2360      1      0   1422      0      0      0      0  12667      0      0      0      0     20      0   2612   5090      0      0      0      0      0  25805      0      0      0      0     20      0      0      0      0      0      0      0    191      0      0  
    0      0      0      0      0     34      0      0      0      0      0  51593      0      3      0   2784      3  30313    328      8      0      0      0      0      0      0      0      0      0      0      0      0      0      0  11037      0      0      0      0  11047      0  73129      0      0   1614    265      0      0      0  46427      0  24664     24      0      0  
  186      0      0     29      0      0      0      0      0     50      0      0      0      0      0      0      1  73303      0      0      0      0      2  17070      0  54053  24840      0      0      0      0      0      0  40965      0      0      0      0      0    370      0      0      0      0      0      0      0      0      0      0      0      0      0      0      7  
    0     27      0      0      0      0     88      0      0      0      0      0  11728      0      0     21      0      2      0   4980      0  28265     39  38824      0      0  11208  22919      0      0      0      0      0      0      0      0      3      0      0      0      0      0      0    206      0      0    122      0      0      0      0      0    358     66      0  
65626      0  18347      0      0      0      0      0      0      0      0      0    771      0      0    505      0      0    364    399      0      0      0      0      0      0      0      0      0      0      0      0     97   2577      0  41522      0      0      0      0      0    899      0      1      1      0      0      0      0      0      1      0      2      0      0  
   17      0      0      0      0    113      0      0      0      0      0      3      0      0      0      0      0  99054      0      0      0      0      0      0      0  54927     10    410   3766      0   2709      0      0      0      0      0     26      0      0      0   1956      0    841      0     52      0    345      0      0      0      0      1      0      0      0  
    0      0      0      0      0      0      0      1      0    322      0      0      0      0      0      0      0      2      0      0      0      0      0      0     81      0      1      0    813      0    162      0   6490      0   2177      0      0      0      0      0      0      0      0  40006      0      0      0    133      0      2      0     28      0      0      9  
    3      0      0      0      0      0      0      0      0      0      0      0      0      0      0      0      0      0      0      0      0      0  25462      0    531      0      0      0    587      0      0      0  21999  25261      0  20748      0   3339      0      0      0  17810    466      0     13   2745      1      0   1045      0      0      0     76      0      0  
    0      0  77822      0      0      0      0      0     28      0    157    247      0      0     46      0      0      0      0      0      0      1      3      0      0      0   5974   1708      0      0      0      0      0      1      0      0      0      0      0      0      0      0      0      0      0      0      0      0      0      0      0      0      0      0      0  
    0      0     14      0      0      0      0      0      0  30102      0      0     35   4974  44653      0      0      3      0      0      0      0  51044     54      3      0      0      0      0      6      0      0      0      0      0      0      0      0      0  75873      3  83639      0      0      0      0      0      0      0      0      0      0      0    128    718  
    0      0    256      0      0      0      0      0      0      0    563    522      0      0   2101      0      0      0      0      0      0  26092      0   5723      0      0      0      4  30985      0      0     28      0      0   4547     66      0      0      0  32199   4867      0      0    590      6   6019      0      0      0      0      0      0     14      0      0  
    0      0      0      0      0      0      0    385      0      0      0      0      0      0      0      0   8329      0      0      0      0      4      0      0      0      0      0      0      0      0      0      0      0      0    131      0      0      0   5074      2    140      0      0      0      0      0  17159      0      0      3      0      0    712      0      0  
