146

    0    107     56     89     89     79     61     40    147     60     26     62     57     53    135    133     67     29     50    841    782    762    812    793    767    761    439    407    351    548    619    567    605    529    557    576    485    535    512    490    476    560    494    547    613    546    548    525    557    585    506    587    467    585    545    541    596    578    519    608    558    555    533    455    486    156     96    156    218    331    396    397    348    398    274    258    243    291    214    264    300    276    235    268    421    394    450    374    427    511    402    465    426    366    412    390    494    485    464    488   1002   1037   1150   1060   1033   1078   1076   1076   1052   1083   1016    313    259    306    372    325    308    319    237    283    325    292    246    220    246    237    258    231    268    247    243    199    209    219    241    303    382    378    407    348    408    370    311    326    283    297  
  107      0     61    102    138    107    134     90    134     52    128    111     89    103    134     77     50    104    137    943    883    864    915    895    869    865    375    352    429    454    528    476    512    427    456    478    396    438    417    394    382    470    596    649    718    650    652    630    663    690    610    691    571    690    649    435    490    475    413    502    452    451    429    349    380    125     78    123    181    259    344    318    285    338    232    227    218    281    185    239    250    250    197    210    474    450    515    442    480    558    456    515    479    410    465    446    550    544    505    551   1038   1078   1188   1098   1076   1123   1115   1114   1092   1123   1056    375    333    367    444    381    368    389    306    378    403    380    335    308    328    329    336    315    353    340    326    289    285    315    339    267    365    367    382    322    375    347    291    295    268    253  
   56     61      0    102    123     99    105     62    153     40     72     91     73     81    147    116     48     68    100    895    837    817    866    848    821    815    425    398    403    514    588    536    572    488    516    539    455    499    477    455    442    529    536    589    659    591    593    571    605    631    550    631    512    632    591    493    548    536    469    561    511    511    489    408    438    110     48    109    173    312    389    374    334    386    271    260    248    304    216    269    293    281    233    256    464    438    498    422    470    552    445    507    469    405    455    434    538    530    502    535   1040   1077   1189   1099   1073   1119   1115   1115   1091   1123   1055    359    309    351    421    369    353    368    284    338    376    345    300    273    298    292    309    283    321    302    296    253    259    275    297    260    348    346    369    309    367    333    274    285    248    251  
   89    102    102      0     43     15     59     50     59     65    111     34     33     38     47     67     59     62     73    864    800    783    838    814    790    789    355    320    331    481    547    496    536    473    500    512    412    470    446    425    409    489    560    612    670    608    608    585    613    644    570    649    528    644    605    499    555    524    484    565    515    505    484    412    446    209    148    207    270    251    309    319    264    312    187    170    155    205    126    176    213    188    147    185    373    349    414    341    379    458    355    415    378    310    364    345    449    443    406    450    942    980   1092   1001    978   1024   1018   1018    995   1026    959    274    234    266    344    280    266    289    207    292    305    287    245    217    234    241    240    222    260    252    232    202    188    232    258    358    449    447    470    409    466    433    375    384    349    347  
   89    138    123     43      0     32     33     61     81     93    105     32     52     43     64    108     90     62     51    822    758    741    796    772    748    747    379    341    291    517    581    530    571    513    540    549    446    507    483    462    445    523    528    578    634    573    573    550    577    608    536    615    494    608    570    541    596    563    526    607    557    545    524    453    488    232    170    231    295    282    328    351    290    335    207    186    168    207    145    187    235    199    168    212    342    316    379    305    348    430    324    385    347    283    333    312    417    410    380    416    918    955   1067    977    951    997    993    993    969   1001    933    239    195    231    306    248    232    251    168    249    266    245    203    175    192    199    199    180    218    210    191    159    148    190    216    382    467    464    490    430    489    454    395    407    368    373  
   79    107     99     15     32      0     45     42     70     65    100     20     26     27     57     80     60     51     59    852    788    771    826    802    778    777    368    332    323    495    561    510    550    487    514    526    427    484    460    439    423    503    546    597    656    594    594    571    599    630    556    635    514    630    591    512    568    537    496    578    528    518    497    424    459    208    146    206    270    265    321    333    277    325    199    181    165    213    138    186    225    198    160    198    370    345    409    335    376    456    352    412    375    309    361    341    446    439    405    445    942    980   1091   1001    977   1023   1018   1017    994   1025    958    269    227    261    337    276    262    282    199    280    297    277    234    206    224    230    231    212    250    241    222    190    179    220    245    357    446    444    468    407    465    431    373    383    346    347  
   61    134    105     59     33     45      0     46    110     84     74     28     47     32     94    123     84     38     18    813    751    733    786    764    739    736    409    372    299    540    606    554    595    531    558    571    471    528    505    484    468    548    502    553    612    549    550    526    555    585    511    591    470    585    546    554    609    581    536    620    570    561    540    466    500    213    151    212    275    309    360    377    319    366    238    218    200    239    176    219    265    232    199    240    361    335    393    318    368    451    343    406    367    306    353    331    435    427    404    431    942    977   1090   1000    973   1018   1016   1016    992   1023    956    255    204    248    317    266    249    263    180    244    273    246    201    174    196    195    206    182    220    206    194    155    155    182    207    361    443    438    467    408    468    430    371    385    344    354  
   40     90     62     50     61     42     46      0    108     39     64     30     18     19     96     96     40     18     48    855    794    775    828    807    781    777    400    367    345    514    584    532    571    499    527    543    449    502    478    457    442    525    526    578    641    576    578    555    585    615    537    618    497    615    574    516    572    549    497    583    533    527    506    429    462    171    109    170    234    293    357    360    309    358    235    219    204    254    175    225    260    237    196    229    403    376    437    362    409    491    384    446    408    344    394    372    477    469    441    474    979   1016   1128   1038   1012   1058   1054   1054   1030   1061    994    298    250    290    362    308    292    308    225    289    319    292    247    220    242    240    252    228    266    251    240    201    200    226    250    321    407    404    430    370    429    393    334    346    307    313  
  147    134    153     59     81     70    110    108      0    114    169     89     90     96     18     64    106    120    126    885    819    803    862    834    812    814    300    263    331    440    502    451    493    441    467    473    368    430    406    386    368    444    608    658    713    652    652    629    655    687    616    694    573    687    649    477    532    492    467    541    492    476    456    390    427    254    196    252    313    202    252    271    210    257    129    112     97    152     68    118    156    130     90    132    353    330    400    332    358    431    335    390    356    284    342    326    428    424    376    435    906    947   1057    966    946    993    983    983    961    992    925    264    237    254    339    264    254    285    207    313    307    300    263    236    245    262    246    236    272    274    244    225    197    258    285    399    495    495    514    453    508    478    421    427    396    386  
   60     52     40     65     93     65     84     39    114      0     84     63     42     54    108     80     10     53     86    892    831    813    864    844    818    814    390    361    381    490    562    509    547    470    498    517    428    476    453    431    417    503    553    606    672    605    607    585    616    645    566    647    526    645    604    483    538    519    462    550    500    496    474    396    428    144     84    143    206    278    352    343    299    350    233    221    209    266    177    230    256    242    194    220    434    409    471    397    440    521    416    477    439    373    425    405    509    502    470    508   1006   1044   1156   1065   1041   1087   1082   1081   1058   1090   1022    332    286    324    398    340    325    343    260    327    355    330    285    258    279    278    288    266    304    289    277    239    237    264    288    293    384    383    405    344    402    369    311    320    285    283  
   26    128     72    111    105    100     74     64    169     84      0     82     81     74    156    158     91     50     59    824    767    747    795    778    751    744    464    430    349    573    644    592    630    553    581    600    510    559    537    515    501    585    470    523    590    523    525    503    535    562    483    564    444    563    522    563    618    601    540    630    580    578    557    477    508    159    104    159    219    356    420    422    372    422    298    281    265    310    237    285    323    298    258    292    425    398    452    376    432    517    407    471    431    374    418    394    498    488    472    489   1009   1043   1157   1067   1038   1083   1083   1083   1058   1090   1023    316    259    310    371    330    312    320    239    274    323    286    239    215    243    230    257    227    263    239    240    193    210    210    230    302    376    370    402    344    405    365    306    323    278    298  
   62    111     91     34     32     20     28     30     89     63     82      0     22     11     75     96     61     33     40    840    777    759    813    791    766    764    388    352    319    513    580    528    569    503    531    544    445    502    478    457    441    522    528    579    639    575    576    553    582    612    538    617    496    612    573    526    582    553    509    592    542    534    512    439    472    201    139    200    263    285    340    352    297    345    218    200    184    229    157    204    245    216    179    218    374    348    409    335    380    461    355    417    379    314    365    344    448    441    412    446    949    986   1098   1008    983   1029   1024   1024   1001   1032    965    270    224    262    335    279    263    281    198    270    293    270    226    198    218    220    227    205    243    231    216    180    175    208    233    350    437    433    459    399    458    422    364    375    337    342  
   57     89     73     33     52     26     47     18     90     42     81     22      0     16     79     82     39     32     55    860    798    779    833    811    786    783    384    350    341    501    569    518    557    488    516    531    435    489    465    444    429    511    539    591    653    588    590    566    596    626    550    630    509    626    586    508    564    538    490    575    525    517    496    421    454    183    121    181    245    277    339    344    292    341    218    202    187    237    158    208    243    220    178    212    393    368    430    356    399    480    375    436    398    333    384    364    468    461    430    467    967   1004   1116   1026   1001   1047   1042   1042   1019   1050    983    290    245    283    357    299    284    302    219    291    315    291    247    219    240    241    248    226    265    252    238    202    197    229    253    332    420    418    442    382    440    406    347    358    321    323  
   53    103     81     38     43     27     32     19     96     54     74     11     16      0     83     96     53     24     40    845    783    765    818    796    771    768    393    358    328    514    582    530    570    502    530    544    447    502    479    457    442    523    526    578    639    575    576    553    582    612    537    616    495    612    572    523    578    552    505    590    540    532    511    436    469    190    128    189    253    288    347    356    302    350    225    208    192    239    164    212    251    224    185    222    384    358    419    344    390    472    365    427    389    325    375    354    459    451    422    456    960    997   1109   1019    993   1039   1035   1035   1011   1043    975    280    233    272    345    289    273    290    207    276    302    277    233    205    226    226    235    213    251    238    224    187    184    214    238    340    426    423    449    388    447    412    353    365    326    331  
  135    134    147     47     64     57     94     96     18    108    156     75     79     83      0     71    100    107    110    869    803    787    846    819    796    798    316    279    319    457    519    469    510    457    484    490    385    448    423    403    386    462    591    641    695    635    635    611    637    670    599    677    556    670    631    493    548    509    481    557    508    492    472    405    442    251    191    249    310    219    267    288    227    273    145    126    109    159     83    130    172    142    106    149    345    322    391    321    351    426    328    384    349    279    335    318    421    416    372    426    905    945   1055    964    943    990    981    981    959    990    922    254    224    244    327    256    244    273    194    296    294    285    247    220    230    245    232    221    257    257    229    208    183    241    268    398    491    491    511    450    506    475    418    425    392    385  
  133     77    116     67    108     80    123     96     64     80    158     96     82     96     71      0     71    113    135    929    865    848    904    879    856    855    311    283    388    419    488    436    475    408    435    449    353    407    384    362    347    429    621    673    734    670    671    648    677    707    632    712    591    707    668    433    489    458    419    499    449    439    418    346    381    202    150    199    257    200    274    265    219    271    158    150    141    205    108    162    178    173    121    141    416    393    462    392    421    495    398    454    419    348    405    389    491    487    440    497    968   1010   1119   1028   1009   1056   1046   1045   1024   1055    987    324    292    315    398    326    315    343    263    356    363    350    309    281    295    305    299    284    322    317    294    266    248    297    323    342    442    444    458    398    451    424    368    372    344    328  
   67     50     48     59     90     60     84     40    106     10     91     61     39     53    100     71      0     56     88    895    834    815    867    847    821    817    381    352    380    482    554    501    539    463    491    510    420    469    446    424    410    495    560    613    678    612    613    591    622    651    572    653    533    651    610    478    533    512    458    545    495    490    469    391    423    151     91    149    212    270    343    334    290    341    224    212    200    257    168    221    246    233    185    211    430    405    468    394    436    516    412    472    435    368    421    401    505    498    464    505   1000   1039   1150   1059   1036   1082   1076   1076   1053   1084   1017    328    284    320    395    336    321    341    258    328    354    330    285    258    279    279    287    265    303    290    276    239    236    265    290    299    392    391    412    351    408    376    318    326    292    289  
   29    104     68     62     62     51     38     18    120     53     50     33     32     24    107    113     56      0     34    840    779    760    812    792    766    761    415    381    336    531    601    549    588    516    544    560    466    519    496    474    459    542    509    561    624    559    560    537    568    597    520    600    480    597    557    533    588    566    513    600    550    544    523    446    479    175    114    175    238    309    370    376    324    373    248    231    216    262    188    236    274    248    209    244    398    372    431    355    405    488    380    442    404    342    390    368    473    464    440    468    977   1013   1126   1036   1009   1055   1052   1052   1028   1059    992    292    241    285    354    303    286    300    217    275    309    280    235    208    232    227    242    217    255    238    229    188    192    212    236    324    407    403    431    371    431    394    335    348    308    317  
   50    137    100     73     51     59     18     48    126     86     59     40     55     40    110    135     88     34      0    807    746    728    780    759    733    730    425    388    303    553    620    568    608    542    570    583    485    541    518    496    481    561    488    539    599    536    537    513    543    573    498    577    456    573    533    562    618    592    544    629    579    571    550    475    508    205    144    205    267    324    376    392    335    382    254    235    217    256    193    236    282    249    215    256    371    344    401    325    377    461    352    416    376    317    363    340    444    435    415    438    953    988   1101   1011    983   1028   1027   1027   1002   1034    967    263    210    256    323    276    258    270    187    242    277    246    201    174    199    194    210    184    222    204    196    155    160    179    202    352    432    426    457    398    458    420    361    375    333    347  
  841    943    895    864    822    852    813    855    885    892    824    840    860    845    869    929    895    840    807      0     77     84     45     54     74     93   1113   1062    579   1307   1353   1308   1353   1323   1348   1345   1228   1302   1278   1260   1240   1302    507    477    388    447    435    439    396    408    479    439    480    407    434   1361   1416   1374   1347   1426   1376   1360   1340   1273   1309    968    925    970   1017   1062   1046   1127   1049   1072    962    935    916    888    919    920    989    927    940    994    655    652    590    611    656    673    659    665    659    712    664    654    625    611    709    583    893    874    968    916    848    864    914    921    889    909    873    661    657    672    590    679    674    630    686    574    596    587    622    650    642    625    645    650    615    613    642    663    689    633    607   1077   1097   1077   1132   1092   1150   1100   1054   1084   1029   1085  
  782    883    837    800    758    788    751    794    819    831    767    777    798    783    803    865    834    779    746     77      0     27     86     26     50     93   1040    989    507   1237   1281   1237   1282   1255   1279   1275   1158   1233   1208   1191   1171   1230    486    463    383    432    420    419    380    398    459    431    453    397    417   1295   1351   1306   1283   1360   1310   1292   1273   1208   1244    914    869    916    965    992    973   1056    978    999    892    865    846    816    850    850    919    856    871    925    580    577    515    537    580    596    584    589    583    638    589    580    549    535    633    507    830    814    911    856    789    808    855    861    829    850    811    589    588    600    517    607    602    559    618    509    525    519    557    585    574    560    576    583    548    548    575    599    622    570    545   1028   1055   1036   1089   1047   1106   1057   1008   1037    983   1035  
  762    864    817    783    741    771    733    775    803    813    747    759    779    765    787    848    815    760    728     84     27      0     79     32     29     72   1029    978    495   1224   1269   1224   1269   1240   1265   1262   1145   1219   1195   1177   1157   1218    460    437    357    406    394    393    353    372    432    405    427    371    391   1279   1335   1291   1266   1344   1294   1277   1258   1192   1228    893    848    895    943    979    962   1043    966    988    879    851    833    805    836    837    906    843    857    911    573    569    508    527    574    594    576    584    577    629    582    571    545    531    629    503    843    829    927    870    804    824    870    876    844    866    825    578    574    589    506    596    591    547    603    492    512    504    541    568    559    543    562    567    533    531    560    582    607    552    527   1006   1031   1012   1066   1024   1083   1033    985   1014    960   1013  
  812    915    866    838    796    826    786    828    862    864    795    813    833    818    846    904    867    812    780     45     86     79      0     61     56     53   1097   1046    563   1288   1336   1290   1335   1301   1326   1326   1210   1283   1258   1240   1221   1284    465    433    344    404    392    396    354    364    436    395    439    363    391   1337   1392   1352   1322   1402   1352   1337   1317   1249   1284    936    894    938    983   1043   1030   1108   1031   1056    943    916    897    872    898    902    971    909    920    974    647    642    583    599    648    671    650    660    651    701    655    644    622    607    704    579    915    899    995    940    873    891    939    946    913    934    896    646    638    657    577    665    659    614    667    550    579    566    600    627    620    601    625    627    594    589    621    639    667    607    581   1042   1059   1040   1094   1056   1113   1063   1018   1048    993   1050  
  793    895    848    814    772    802    764    807    834    844    778    791    811    796    819    879    847    792    759     54     26     32     61      0     38     77   1060   1008    526   1254   1300   1255   1300   1271   1296   1293   1176   1250   1226   1208   1188   1249    483    457    374    426    414    415    374    391    455    423    451    389    412   1311   1366   1322   1297   1375   1326   1308   1289   1223   1259    924    879    926    974   1010    992   1074    996   1019    910    882    864    835    867    868    937    874    888    942    601    598    537    557    602    620    605    611    605    658    610    601    572    558    656    530    854    838    934    880    813    831    878    885    853    874    835    608    605    619    536    626    621    577    634    523    543    535    572    600    590    575    593    599    564    563    591    613    638    583    558   1036   1060   1041   1094   1053   1112   1062   1015   1044    989   1043  
  767    869    821    790    748    778    739    781    812    818    751    766    786    771    796    856    821    766    733     74     50     29     56     38      0     44   1044    993    510   1236   1283   1238   1283   1251   1275   1274   1158   1231   1207   1189   1169   1231    446    420    337    389    377    378    337    354    418    386    415    352    375   1288   1343   1302   1274   1353   1303   1287   1267   1200   1236    895    851    897    943    991    977   1056    979   1002    891    864    845    819    847    850    919    856    868    922    592    587    528    544    593    616    595    605    596    646    600    589    567    552    649    524    872    858    956    899    833    853    899    905    873    895    854    592    586    603    522    611    605    561    615    500    526    514    550    577    570    552    573    577    543    540    570    590    617    559    533   1004   1026   1007   1061   1021   1079   1029    982   1012    957   1012  
  761    865    815    789    747    777    736    777    814    814    744    764    783    768    798    855    817    761    730     93     93     72     53     77     44      0   1054   1004    521   1242   1292   1245   1290   1254   1279   1280   1165   1237   1212   1194   1174   1239    415    386    300    356    344    347    305    318    387    350    388    317    342   1288   1343   1305   1272   1353   1303   1289   1269   1200   1235    884    843    886    931    997    988   1063    986   1012    898    871    852    829    852    857    926    864    873    927    611    604    549    559    612    640    612    626    615    662    619    606    591    575    671    547    912    899    998    940    874    895    940    946    914    936    895    604    592    614    536    624    616    572    621    502    536    519    552    579    574    553    579    580    548    541    574    590    620    558    532    989   1007    987   1042   1003   1061   1011    965    995    941    998  
  439    375    425    355    379    368    409    400    300    390    464    388    384    393    316    311    381    415    425   1113   1040   1029   1097   1060   1044   1054      0     52    535    219    244    205    250    280    292    261    143    226    205    199    178    200    903    951    998    943    941    917    939    974    909    985    864    974    937    369    410    322    388    408    373    327    319    313    347    491    453    487    531    118     68     86     92     45    175    199    219    226    235    206    145    196    212    172    477    471    543    505    479    509    467    489    476    409    466    468    536    542    451    565    871    925   1019    932    934    982    953    949    936    965    900    452    466    441    524    434    439    484    440    569    519    541    519    497    491    523    481    489    515    534    492    495    449    529    555    603    710    719    717    661    701    688    641    634    623    581  
  407    352    398    320    341    332    372    367    263    361    430    352    350    358    279    283    352    381    388   1062    989    978   1046   1008    993   1004     52      0    484    267    295    256    301    321    336    309    189    272    250    241    220    250    860    907    952    898    896    872    893    928    865    940    820    928    892    405    449    366    420    449    411    368    357    341    377    472    429    469    517    109     17    109     71     25    135    156    176    176    196    161    108    150    174    143    426    420    491    453    428    460    416    439    425    357    415    416    485    491    401    514    836    889    985    897    896    944    918    914    900    929    864    401    417    390    473    383    388    433    391    520    468    492    471    449    442    475    432    441    466    487    443    448    401    482    508    593    699    706    709    651    694    678    628    624    609    573  
  351    429    403    331    291    323    299    345    331    381    349    319    341    328    319    388    380    336    303    579    507    495    563    526    510    521    535    484      0    731    775    730    775    753    777    770    651    727    703    686    666    724    478    510    522    490    484    461    466    506    470    527    426    505    479    803    857    804    795    864    816    793    775    717    754    506    447    506    568    488    468    550    472    493    387    360    342    310    350    344    413    350    368    422    133    111    118     57    139    218    123    176    141    151    134    110    178    163    206    153    697    721    837    751    712    754    763    765    737    768    704     83     97     94     34    104     96     52    125    117     27     79    118    137    107    131     94    122     89    127    110    159    145    157    154    650    717    708    746    690    752    709    651    670    623    647  
  548    454    514    481    517    495    540    514    440    490    573    513    501    514    457    419    482    531    553   1307   1237   1224   1288   1254   1236   1242    219    267    731      0     83     42     59     93     88     43     81     24     38     61     73     40   1040   1091   1150   1088   1089   1065   1093   1124   1050   1130   1009   1124   1085    193    215    114    229    208    188    133    136    187    201    537    523    533    555    246    282    181    260    249    345    373    391    424    392    387    318    381    370    316    689    680    753    708    691    726    677    704    688    618    678    676    751    756    668    777   1077   1133   1222   1136   1143   1191   1158   1154   1143   1171   1108    649    651    638    725    635    637    679    622    744    712    724    693    668    670    694    664    664    695    706    669    660    624    695    721    602    706    721    703    657    679    682    649    632    640    578  
  619    528    588    547    581    561    606    584    502    562    644    580    569    582    519    488    554    601    620   1353   1281   1269   1336   1300   1283   1292    244    295    775     83      0     53     34    165    149     89    135    105    119    141    148     59   1107   1158   1214   1153   1154   1130   1156   1189   1117   1195   1074   1188   1150    259    267    166    299    256    250    194    204    267    277    617    600    613    636    302    311    233    306    282    396    423    443    465    449    435    367    428    425    373    720    714    786    747    722    748    710    731    719    652    709    711    777    784    691    807   1065   1123   1206   1123   1136   1182   1146   1141   1132   1159   1098    692    700    681    766    676    679    723    673    798    758    775    748    723    722    750    714    718    747    762    722    718    677    752    778    685    789    804    785    739    762    765    732    714    722    660  
  567    476    536    496    530    510    554    532    451    509    592    528    518    530    469    436    501    549    568   1308   1237   1224   1290   1255   1238   1245    205    256    730     42     53      0     46    134    126     72     84     65     72     92     97      7   1056   1107   1163   1102   1103   1079   1105   1138   1065   1144   1023   1138   1099    234    253    150    271    245    228    172    177    227    243    565    547    561    586    252    271    184    260    240    348    376    395    421    399    389    320    382    376    323    681    673    746    704    683    713    670    694    680    611    670    670    740    746    656    769   1050   1107   1193   1109   1118   1165   1131   1126   1116   1143   1081    648    654    637    722    632    635    679    626    750    712    728    699    675    674    701    667    670    700    713    674    668    629    703    729    637    742    756    739    692    716    718    683    667    673    612  
  605    512    572    536    571    550    595    571    493    547    630    569    557    570    510    475    539    588    608   1353   1282   1269   1335   1300   1283   1290    250    301    775     59     34     46      0    133    116     57    127     79     97    119    130     52   1096   1147   1205   1143   1144   1120   1147   1179   1106   1185   1064   1179   1140    226    235    133    266    224    217    161    171    236    245    596    581    592    613    296    316    228    304    286    393    420    439    466    443    434    365    427    420    367    726    719    791    750    728    758    716    739    725    657    715    716    785    791    701    814   1087   1145   1229   1146   1156   1203   1168   1163   1154   1181   1119    693    698    682    768    678    680    724    670    794    757    772    743    718    718    745    712    714    744    757    719    712    673    746    773    659    762    778    758    713    733    738    706    688    697    634  
  529    427    488    473    513    487    531    499    441    470    553    503    488    502    457    408    463    516    542   1323   1255   1240   1301   1271   1251   1254    280    321    753     93    165    134    133      0     30     78    141     72     81     82    102    133   1022   1075   1140   1074   1076   1053   1084   1113   1035   1116    995   1113   1073    101    131     52    137    129     99     47     44    107    112    493    488    489    501    269    334    218    295    300    369    396    412    456    405    413    346    409    385    332    727    715    789    737    730    774    714    747    727    654    716    711    793    796    714    816   1150   1205   1297   1210   1213   1261   1231   1228   1215   1244   1180    675    667    663    751    664    662    702    638    752    732    737    702    675    682    702    679    674    708    714    681    665    634    698    725    539    639    656    632    590    607    615    587    567    581    513  
  557    456    516    500    540    514    558    527    467    498    581    531    516    530    484    435    491    544    570   1348   1279   1265   1326   1296   1275   1279    292    336    777     88    149    126    116     30      0     60    150     71     87     95    117    126   1051   1103   1168   1103   1104   1081   1112   1141   1063   1144   1023   1141   1101    111    128     31    151    122    103     47     56    133    133    522    517    518    529    291    349    236    314    315    391    418    435    477    429    435    367    431    409    355    747    735    809    759    750    791    734    766    747    674    736    732    812    816    732    836   1159   1214   1304   1218   1223   1271   1240   1236   1224   1252   1189    697    691    686    774    686    685    725    662    778    756    762    728    701    707    727    703    699    733    739    706    691    659    724    751    566    666    683    658    617    633    642    615    594    609    541  
  576    478    539    512    549    526    571    543    473    517    600    544    531    544    490    449    510    560    583   1345   1275   1262   1326   1293   1274   1280    261    309    770     43     89     72     57     78     60      0    122     43     68     88    106     73   1069   1121   1182   1118   1119   1096   1125   1156   1080   1160   1039   1155   1116    170    183     80    210    174    162    106    115    183    189    555    545    551    568    283    324    221    300    291    384    411    429    464    429    426    357    421    407    353    730    721    794    748    733    768    718    746    730    659    719    717    793    797    710    819   1118   1174   1262   1177   1185   1232   1199   1195   1184   1212   1149    689    689    678    765    675    676    718    660    780    751    761    730    704    706    730    701    701    732    742    706    695    660    729    756    610    712    729    707    663    682    688    658    639    651    585  
  485    396    455    412    446    427    471    449    368    428    510    445    435    447    385    353    420    466    485   1228   1158   1145   1210   1176   1158   1165    143    189    651     81    135     84    127    141    150    122      0     83     63     61     44     77    972   1023   1080   1019   1019    995   1022   1054    982   1061    940   1054   1016    236    271    180    262    268    237    187    182    198    225    491    469    487    516    169    203    102    180    169    267    295    314    344    316    309    239    302    293    240    609    600    673    628    611    647    597    625    608    538    598    596    671    676    589    698   1010   1065   1157   1070   1074   1122   1092   1088   1076   1104   1040    570    573    559    645    555    557    600    544    668    633    646    617    592    592    619    586    588    618    631    593    585    547    620    646    573    680    693    680    630    659    656    618    604    605    549  
  535    438    499    470    507    484    528    502    430    476    559    502    489    502    448    407    469    519    541   1302   1233   1219   1283   1250   1231   1237    226    272    727     24    105     65     79     72     71     43     83      0     25     45     63     62   1027   1079   1140   1076   1077   1054   1082   1113   1038   1118    997   1113   1074    172    197     99    207    192    169    114    115    163    178    519    506    515    535    241    286    179    258    252    341    369    387    423    386    384    315    379    364    310    690    680    754    706    692    730    678    707    690    618    679    676    753    757    671    779   1089   1145   1235   1149   1155   1202   1170   1166   1155   1183   1120    647    646    635    723    633    634    676    617    737    708    718    687    661    664    687    659    658    690    699    663    653    617    687    713    581    685    700    681    635    657    661    628    610    619    556  
  512    417    477    446    483    460    505    478    406    453    537    478    465    479    423    384    446    496    518   1278   1208   1195   1258   1226   1207   1212    205    250    703     38    119     72     97     81     87     68     63     25      0     23     38     67   1004   1056   1116   1053   1054   1030   1059   1090   1015   1095    973   1090   1050    180    211    117    211    207    179    127    123    158    178    500    485    496    518    216    263    155    234    230    317    344    362    399    361    360    291    354    339    285    666    656    730    682    669    707    654    683    666    595    655    652    730    734    648    755   1072   1127   1218   1132   1137   1184   1153   1149   1137   1166   1102    622    621    611    698    609    610    652    592    713    684    693    662    636    639    663    634    633    665    675    639    628    593    662    689    566    671    686    668    621    645    647    613    596    603    542  
