176

    0     76     40     40     32     33     72     65     34     30     81     13     50     44     39     18     22     67     63     68     33    870    797    892    790    838    846    847    827    586    478    507    482    597    534    515    604    526    462    553    603    553    577    536    511    813    774   1502   1477   1484    535    493    549    555    569    548    553    538    511    565    527    491    536    523    574    601    515    505    465    431   1353   1418   1403   1356   1424   1406   1394   1385   1464   1444   1432   1389   1431   1422   1422   1393   1423   1385    514    555    535    517    605    569    615    542    579    557    635    581    562   1255   1242   1232   1153   1310   1246    398    150    159    147    196    179    116    197    106    111    168     97    159    252    208    177    103    175    162    161    150    947    951    925    950    950    991    897    949    943    357    355    333    326    356    502    636    602    570    809    800    769    758    810    811    722    843    832    846    782    809    749    744    829    783    788    745    797    830    773    885    890    851    888    890    816    856    934    940  
   76      0     49     86     76     77    108    140    106     69    142     85    113     60     55     69     59    132    111     87     87    926    855    953    850    897    904    905    881    625    524    544    528    636    575    556    648    567    508    600    647    586    624    577    558    813    778   1515   1492   1500    475    434    492    501    512    487    496    472    456    498    461    435    475    467    513    538    545    540    503    471   1375   1444   1428   1383   1450   1428   1421   1410   1486   1470   1456   1412   1456   1447   1446   1417   1447   1411    546    595    573    550    632    611    644    577    612    592    675    617    596   1281   1268   1255   1179   1335   1274    450    220    226    222    267    249    191    270    176    185    240    172    225    321    282    246    166    246    218    236    216    998   1002    977   1001   1002   1040    946    999    989    354    350    333    308    350    539    668    643    601    859    855    824    812    863    859    772    897    882    894    834    864    798    796    881    839    838    798    844    790    732    845    848    814    849    846    777    815    893    898  
   40     49      0     71     28     60    101    101     74     54    119     45     88     14      7     45     37    106     96     89     66    879    807    905    802    850    856    858    835    583    480    503    484    594    532    513    605    524    463    555    604    546    579    535    513    790    753   1485   1462   1469    496    454    510    517    530    509    514    499    472    526    488    452    497    484    535    562    506    500    461    429   1341   1408   1392   1346   1414   1394   1384   1374   1452   1434   1421   1377   1421   1411   1411   1382   1412   1375    506    553    531    510    595    568    606    537    573    551    633    576    556   1245   1232   1220   1143   1299   1237    404    188    198    180    234    217    152    234    145    147    205    134    198    291    245    216    141    213    200    193    189    953    957    931    956    956    995    901    954    945    331    329    309    295    330    498    629    601    562    813    808    777    765    817    815    727    850    836    849    788    817    752    750    835    792    793    752    799    794    737    848    854    815    852    853    780    820    898    903  
   40     86     71      0     72     11     32     73     37     18     57     49     31     79     73     27     34     49     27     31      9    897    824    916    816    865    873    874    856    621    512    543    516    632    569    549    638    560    495    586    636    590    610    571    544    852    814   1542   1516   1523    559    517    574    583    595    571    578    557    538    583    547    517    559    549    597    623    553    541    501    466   1391   1456   1441   1394   1462   1445   1432   1423   1502   1482   1470   1427   1469   1460   1460   1431   1461   1422    551    590    570    554    643    603    653    579    616    594    670    617    598   1292   1280   1270   1190   1348   1284    429    138    141    154    184    167    118    190     94    110    159     97    140    237    202    163     81    163    134    169    131    977    981    954    981    980   1022    928    979    975    396    395    373    364    395    539    673    637    607    840    829    797    787    839    843    754    871    863    877    812    838    780    773    859    811    818    775    829    863    806    918    923    885    922    922    850    889    967    973  
   32     76     28     72      0     63    103     80     61     59    109     29     80     20     22     47     45     95     94     97     65    854    782    879    776    824    831    832    810    562    457    483    461    573    511    491    582    503    440    532    581    527    556    513    490    781    743   1472   1448   1455    513    469    524    530    545    526    529    518    486    546    508    467    514    498    552    580    488    479    441    407   1325   1391   1375   1329   1397   1378   1367   1357   1436   1417   1404   1361   1404   1395   1394   1366   1395   1358    488    531    510    491    577    546    588    517    553    532    612    556    536   1228   1214   1204   1125   1282   1219    379    171    183    155    216    199    130    214    129    127    186    114    183    273    224    198    130    195    190    168    174    928    932    907    932    932    971    878    930    922    325    323    302    294    324    478    610    579    543    789    783    752    741    792    791    703    826    812    825    763    792    729    726    811    766    769    727    776    801    744    855    861    821    859    862    787    827    905    911  
   33     77     60     11     63      0     41     76     38      8     66     43     38     70     63     17     24     57     37     35     11    896    823    916    815    864    872    873    855    616    508    539    512    628    565    545    634    556    492    583    633    584    607    567    540    844    806   1535   1510   1517    549    507    564    572    584    561    568    548    528    574    537    507    549    539    587    613    547    536    497    462   1385   1450   1435   1388   1456   1439   1426   1417   1496   1476   1464   1421   1463   1454   1454   1426   1455   1417    546    586    566    549    637    599    647    574    611    589    666    612    593   1287   1274   1264   1185   1342   1278    426    145    150    158    192    174    122    197    102    115    166    102    149    246    209    171     90    171    144    173    140    975    979    952    979    978   1019    926    977    972    387    386    364    354    386    534    668    633    602    837    827    795    786    837    840    751    870    860    875    810    836    777    771    857    809    816    773    826    853    796    908    913    875    912    912    840    879    957    962  
   72    108    101     32    103     41      0     89     59     47     51     79     42    110    103     58     64     52     19     23     39    916    842    932    833    882    892    893    876    647    536    570    540    658    595    575    662    586    519    610    661    617    633    597    568    884    845   1572   1546   1553    582    541    599    608    619    594    603    578    563    603    567    542    582    574    619    644    581    568    528    493   1420   1484   1469   1422   1490   1474   1460   1452   1531   1510   1498   1456   1498   1488   1488   1460   1489   1450    579    615    597    581    671    628    681    606    644    621    696    643    625   1321   1308   1299   1218   1376   1312    451    131    130    162    175    159    124    185     92    115    155    103    128    225    199    154     70    155    113    177    120    998   1002    975   1002   1001   1043    951   1000    997    428    426    404    395    427    565    701    663    635    862    849    817    808    860    866    776    892    884    900    833    858    803    794    879    830    840    796    852    892    835    947    951    915    951    950    879    918    996   1001  
   65    140    101     73     80     76     89      0     38     80     56     57     48     99     98     74     83     43     71    102     66    828    753    844    745    794    803    804    788    563    450    488    454    574    511    490    576    501    433    523    574    536    547    512    481    822    781   1499   1472   1478    592    549    603    609    625    605    608    598    565    625    587    546    594    576    632    659    502    486    446    409   1341   1403   1389   1341   1410   1396   1380   1372   1453   1430   1418   1377   1418   1409   1409   1381   1409   1369    499    531    514    501    593    542    602    524    563    539    611    561    544   1240   1228   1220   1138   1296   1231    364     92    106     83    136    120     52    134     53     47    106     35    107    193    145    119     66    116    124     98     99    909    913    886    914    913    955    862    912    910    376    377    352    358    378    483    620    578    556    773    761    728    719    771    778    688    803    796    812    745    769    715    706    791    742    751    707    764    873    817    926    934    891    929    935    858    899    977    983  
   34    106     74     37     61     38     59     38      0     43     49     32     21     76     72     38     48     34     43     67     29    861    787    880    780    828    837    838    820    588    478    512    482    599    536    517    604    527    461    552    602    559    575    538    509    832    792   1516   1490   1496    569    527    582    589    603    582    587    572    545    598    561    525    570    556    608    635    523    510    470    434   1362   1426   1411   1363   1432   1416   1402   1394   1473   1452   1440   1398   1440   1430   1430   1402   1431   1392    521    557    538    523    613    569    623    548    586    562    638    585    567   1262   1250   1241   1160   1318   1253    394    116    125    120    162    145     86    165     72     80    135     66    125    218    176    143     70    141    130    135    116    941    945    919    945    945    986    893    943    940    379    379    355    353    380    507    642    604    577    805    793    761    752    803    808    719    836    827    842    776    802    745    738    823    775    783    740    794    861    805    916    922    882    919    922    847    887    966    971  
   30     69     54     18     59      8     47     80     43      0     73     41     44     64     57     13     17     64     45     38     18    897    824    918    817    865    874    875    855    615    508    537    512    627    564    544    634    555    491    583    632    583    606    566    540    840    802   1531   1506   1513    542    500    557    565    577    554    561    541    521    567    530    500    542    532    580    606    545    535    495    461   1382   1448   1432   1386   1454   1436   1424   1415   1493   1474   1461   1418   1461   1452   1451   1423   1452   1414    544    585    565    547    634    598    645    572    609    587    665    610    591   1285   1272   1261   1182   1340   1276    426    152    157    162    198    181    128    203    108    121    173    107    156    252    215    178     97    177    151    177    147    975    979    953    979    979   1019    926    977    972    382    380    360    348    381    532    666    632    600    838    828    796    786    838    840    751    871    860    875    810    837    777    772    857    810    816    774    826    846    789    901    906    868    905    905    833    872    950    956  
   81    142    119     57    109     66     51     56     49     73      0     80     32    124    119     77     87     16     36     72     56    875    800    887    790    840    850    851    836    617    503    542    507    628    565    544    629    555    487    576    627    591    599    566    534    875    835   1554   1527   1534    614    571    628    635    648    626    632    613    591    640    603    570    614    602    652    678    558    541    500    464   1397   1458   1444   1396   1465   1451   1435   1427   1508   1485   1473   1432   1473   1464   1464   1436   1464   1424    554    585    568    556    648    596    657    579    618    594    665    615    598   1295   1283   1275   1193   1351   1286    415     82     84    114    128    111     76    136     42     67    105     57     83    180    149    106     24    107     82    129     74    958    962    935    963    962   1005    913    961    961    425    425    401    401    426    538    675    631    611    824    809    776    768    820    829    739    851    847    863    794    818    766    755    840    789    802    757    815    910    853    964    970    930    968    970    896    936   1014   1019  
   13     85     45     49     29     43     79     57     32     41     80      0     51     45     43     30     34     66     68     77     41    858    785    880    778    826    834    835    815    575    467    497    471    586    523    504    593    514    450    542    591    542    566    525    499    806    767   1494   1468   1475    539    496    552    558    573    552    556    543    514    570    532    494    540    525    578    605    505    494    455    420   1343   1408   1393   1346   1414   1397   1384   1375   1454   1434   1422   1379   1421   1412   1412   1384   1413   1375    504    544    524    506    595    557    605    532    569    547    624    570    551   1245   1232   1222   1143   1300   1236    386    145    155    137    190    173    108    190    102    103    161     90    155    247    201    172    101    169    161    151    147    935    939    913    939    939    979    886    937    931    351    350    327    322    351    492    626    591    560    797    788    757    746    798    800    711    831    820    834    770    797    737    732    817    771    776    733    785    830    773    884    890    850    888    891    816    856    934    940  
   50    113     88     31     80     38     42     48     21     44     32     51      0     93     88     46     56     20     24     55     27    875    801    891    792    841    851    852    835    607    495    531    499    618    555    535    621    545    479    569    620    578    592    556    527    853    813   1536   1510   1517    583    540    597    604    617    595    601    583    559    609    572    539    583    571    621    647    543    529    488    453   1382   1445   1430   1383   1452   1436   1422   1413   1493   1472   1460   1417   1459   1450   1450   1422   1451   1411    540    575    557    543    633    587    643    567    605    581    656    604    586   1282   1269   1261   1180   1338   1273    410    108    113    125    155    137     88    160     65     80    129     67    113    209    172    134     55    133    112    140    104    956    960    933    961    960   1002    909    959    956    400    399    376    373    400    526    662    622    597    820    808    775    766    818    825    735    850    843    859    792    817    761    753    838    789    798    755    810    879    823    934    940    900    937    940    865    905    983    989  
   44     60     14     79     20     70    110     99     76     64    124     45     93      0      8     53     47    110    104    100     74    867    795    894    790    837    844    845    822    569    467    490    470    581    519    500    591    511    450    542    590    533    566    521    500    778    741   1473   1449   1456    494    451    507    513    528    507    511    499    469    526    489    449    496    480    534    561    493    486    448    415   1328   1395   1379   1333   1401   1380   1371   1361   1438   1421   1407   1364   1407   1398   1397   1369   1399   1362    493    539    517    496    581    555    593    523    559    538    619    562    542   1232   1218   1207   1129   1286   1223    391    189    200    175    235    218    150    233    146    146    205    133    200    291    243    216    145    214    205    188    191    940    944    918    943    943    982    888    941    932    320    317    297    285    318    485    615    587    548    800    795    765    753    804    802    714    838    823    836    775    805    739    737    822    779    780    739    786    787    730    842    847    808    845    847    773    813    891    897  
   39     55      7     73     22     63    103     98     72     57    119     43     88      8      0     47     40    105     98     92     68    873    801    899    796    843    850    851    829    577    474    497    477    588    526    507    599    518    457    549    597    540    573    528    507    786    748   1480   1456   1464    497    455    510    517    531    510    515    501    473    528    490    453    498    484    536    563    501    494    455    423   1335   1402   1387   1341   1408   1388   1379   1369   1446   1429   1415   1372   1415   1406   1405   1377   1406   1369    501    547    525    504    589    562    600    531    567    546    627    570    550   1239   1226   1214   1137   1294   1231    398    187    197    176    232    215    149    232    143    144    203    132    197    289    242    214    141    211    200    189    188    946    950    925    949    950    988    895    948    939    327    325    305    292    326    492    623    594    556    807    802    771    759    810    808    720    844    830    843    782    811    746    744    829    785    786    745    793    793    736    847    853    814    851    852    779    818    897    902  
   18     69     45     27     47     17     58     74     38     13     77     30     46     53     47      0     11     65     52     51     22    887    814    908    807    855    863    864    845    603    496    525    500    615    552    532    622    543    479    571    621    570    595    554    528    828    790   1519   1494   1501    537    495    552    559    572    549    556    537    515    564    527    494    538    526    575    602    533    522    483    449   1370   1435   1420   1373   1442   1423   1412   1402   1481   1462   1449   1406   1449   1440   1439   1411   1440   1402    531    573    552    534    622    586    633    560    597    575    653    598    579   1272   1259   1249   1170   1327   1264    415    152    159    157    199    182    124    202    108    117    172    104    158    254    214    179    100    178    157    172    150    964    968    942    968    968   1008    915    966    960    371    369    348    337    370    520    653    620    587    826    818    786    775    827    829    740    860    849    863    799    826    766    761    846    800    805    763    814    838    781    893    898    860    897    897    825    864    942    947  
   22     59     37     34     45     24     64     83     48     17     87     34     56     47     40     11      0     75     60     53     31    891    818    914    812    860    868    869    849    605    498    526    502    616    553    534    624    545    482    574    623    571    597    556    531    824    786   1517   1492   1499    527    485    542    550    562    540    546    527    505    554    517    484    528    517    566    592    533    523    484    450   1369   1435   1420   1373   1441   1422   1412   1402   1480   1462   1448   1405   1448   1439   1438   1410   1440   1402    532    574    554    535    622    588    633    561    597    576    655    599    580   1272   1259   1248   1170   1327   1264    419    162    169    166    209    192    133    212    118    127    182    114    168    264    224    189    110    188    166    181    160    968    972    946    971    971   1011    918    969    963    366    364    344    331    365    521    654    622    588    830    822    790    779    831    832    743    864    852    866    803    831    769    765    850    804    808    766    817    830    773    885    889    852    889    889    817    856    934    939  
   67    132    106     49     95     57     52     43     34     64     16     66     20    110    105     65     75      0     34     69     46    867    793    882    784    833    843    844    828    605    493    530    497    616    553    533    619    543    476    566    617    579    589    555    523    860    820   1541   1514   1520    601    559    615    622    635    614    619    602    577    629    591    557    602    589    640    666    545    529    488    452   1384   1446   1432   1383   1453   1438   1423   1415   1495   1473   1461   1419   1460   1451   1451   1423   1452   1412    542    574    557    544    635    585    645    567    606    581    654    603    586   1283   1271   1263   1181   1339   1273    406     89     94    111    135    118     73    141     46     64    110     52     93    189    154    114     36    114     96    126     85    950    954    927    955    954    997    904    953    952    410    410    386    386    411    526    662    620    598    815    801    768    760    812    820    730    843    838    854    786    810    756    747    832    782    793    748    806    895    839    949    956    915    953    956    881    921    999   1005  
   63    111     96     27     94     37     19     71     43     45     36     68     24    104     98     52     60     34      0     37     31    898    824    914    815    864    874    875    858    630    519    554    523    641    578    558    645    569    502    593    644    601    616    580    550    872    833   1558   1532   1539    585    544    601    609    621    597    605    583    565    609    572    543    586    576    623    649    566    552    512    476   1405   1468   1454   1406   1475   1459   1445   1436   1516   1495   1483   1441   1482   1473   1473   1445   1474   1435    564    599    581    566    656    611    666    590    628    605    679    627    609   1305   1293   1284   1203   1361   1296    434    117    118    144    163    146    106    171     76     98    141     86    117    214    184    141     58    142    107    159    108    980    984    957    984    984   1026    933    982    980    418    417    394    388    418    549    685    646    620    844    831    799    790    842    848    758    874    867    882    815    840    785    776    862    812    822    778    834    890    833    944    949    911    948    949    876    915    993    999  
   68     87     89     31     97     35     23    102     67     38     72     77     55    100     92     51     53     69     37      0     40    927    853    945    845    894    903    904    886    651    542    573    546    662    599    580    668    590    525    617    667    619    640    601    574    877    839   1569   1544   1551    561    521    579    588    598    573    583    556    543    581    545    521    561    554    598    623    582    571    531    496   1420   1485   1470   1423   1491   1473   1461   1452   1531   1511   1499   1456   1498   1489   1489   1460   1490   1452    581    620    600    583    672    633    682    609    646    623    701    647    628   1322   1309   1299   1219   1377   1313    459    153    152    179    198    181    141    207    113    133    177    121    150    248    220    176     93    178    136    194    142   1007   1011    984   1011   1011   1052    959   1009   1005    419    417    397    383    418    568    702    667    637    870    859    827    818    869    874    784    902    893    908    842    868    810    804    889    841    848    805    859    875    818    930    934    898    934    932    862    901    978    984  
   33     87     66      9     65     11     39     66     29     18     56     41     27     74     68     22     31     46     31     40      0    889    815    908    808    856    865    866    848    612    503    535    507    623    561    541    629    552    486    577    628    581    601    563    535    845    807   1534   1508   1515    558    516    573    581    593    570    577    558    536    584    547    515    558    547    596    622    544    533    493    458   1383   1447   1432   1385   1454   1436   1424   1415   1494   1474   1461   1419   1461   1452   1451   1423   1452   1414    543    581    562    545    634    594    645    570    608    585    662    608    590   1284   1271   1262   1182   1339   1275    420    135    139    148    181    164    112    186     91    104    156     91    139    235    198    160     80    160    135    162    130    968    972    946    972    972   1013    920    970    966    390    388    366    358    389    530    664    628    599    831    821    788    779    830    835    745    863    854    869    803    830    771    765    850    802    810    767    820    860    803    914    920    881    918    919    846    886    964    969  
  870    926    879    897    854    896    916    828    861    897    875    858    875    867    873    887    891    867    898    927    889      0     78    105     97     53     29     29     58    366    417    437    415    357    396    406    317    395    431    347    316    431    325    391    384    697    653    986    937    933   1114   1077   1095   1078   1115   1129   1100   1164   1057   1195   1161   1058   1123   1068   1151   1185    476    446    465    481    753    766    766    709    778    811    748    759    849    795    797    776    793    785    793    770    786    732    464    379    411    455    449    355    435    427    420    416    329    392    415    632    634    657    558    689    616    477    825    845    764    811    817    802    787    840    810    804    819    849    814    775    825    869    817    891    751    850    112    114     85    126    115    173    124    123    176    727    740    723    801    742    441    398    342    438    122     79    104    121     80    147    183     46    114    137    115     70    170    140     79     88    124    140    163   1113   1087   1138   1169   1093   1133   1189   1089   1131   1191   1196  
  797    855    807    824    782    823    842    753    787    824    800    785    801    795    801    814    818    793    824    853    815     78      0    120     28     45     51     52     70    321    355    384    353    314    343    350    268    340    368    289    266    386    269    337    323    688    641   1033    987    984   1062   1024   1045   1030   1066   1077   1050   1110   1006   1142   1106   1006   1071   1017   1100   1134    429    394    408    420    806    825    824    767    837    864    807    816    906    855    855    831    851    843    850    827    844    791    416    328    361    406    414    304    402    379    379    370    291    348    371    686    685    704    605    743    670    407    749    768    688    734    740    726    710    765    735    727    744    772    737    698    748    793    740    815    675    773    183    186    156    195    186    243    174    192    231    672    685    666    744    687    388    366    298    397    127     60     52     78     76    155    147     76    132    162     97     59    146     98     95     38    113     99    164   1084   1055   1112   1142   1067   1108   1160   1060   1103   1166   1171  
  892    953    905    916    879    916    932    844    880    918    887    880    891    894    899    908    914    882    914    945    908    105    120      0    111     79     96     94    153    440    469    502    467    433    461    467    387    457    480    405    385    505    387    455    437    796    751   1080   1030   1025   1180   1141   1163   1148   1184   1195   1168   1226   1123   1258   1222   1123   1188   1135   1218   1252    548    512    524    534    844    850    852    795    862    901    833    847    936    879    882    865    878    871    879    858    871    817    535    447    479    524    532    422    519    498    498    489    409    467    490    724    727    753    654    779    707    512    830    848    774    811    818    813    788    850    821    807    831    852    806    775    827    879    819    894    760    854    196    197    174    213    198    254    226    210    272    788    801    781    859    803    506    483    417    516    222    163    169    194    172    248    264    146    216    241    204    157    258    215    179    154    217    216    262   1201   1173   1228   1259   1183   1224   1277   1177   1220   1283   1287  
  790    850    802    816    776    815    833    745    780    817    790    778    792    790    796    807    812    784    815    845    808     97     28    111      0     51     68     68     98    333    359    393    356    327    352    357    280    348    370    296    277    398    278    346    327    710    663   1061   1014   1012   1070   1031   1053   1038   1074   1085   1058   1116   1013   1148   1112   1013   1078   1025   1108   1142    440    402    414    424    834    852    851    794    864    892    834    843    933    882    882    859    878    870    877    854    871    818    426    338    371    416    430    314    418    391    393    382    307    361    383    713    713    732    633    771    698    405    737    756    678    721    727    716    697    755    725    715    734    760    722    685    736    783    727    803    664    762    206    209    179    219    209    266    201    216    258    678    691    671    749    693    397    384    311    411    154     87     73     99    104    182    167    103    160    190    122     87    168    117    123     62    139    119    190   1100   1070   1129   1159   1084   1125   1177   1076   1120   1184   1189  
  838    897    850    865    824    864    882    794    828    865    840    826    841    837    843    855    860    833    864    894    856     53     45     79     51      0     27     25     80    363    399    428    397    355    386    394    311    384    412    333    309    428    313    381    367    719    674   1035    987    983   1106   1068   1088   1073   1109   1121   1093   1153   1049   1185   1150   1050   1115   1061   1144   1178    472    437    452    464    803    818    818    761    830    861    800    811    901    847    848    827    844    837    844    822    838    784    459    371    404    449    454    347    441    422    420    413    331    390    413    683    684    706    606    740    667    450    787    806    728    771    777    766    747    804    774    765    784    810    772    735    786    833    777    853    714    812    164    166    137    179    167    225    172    176    226    716    729    710    788    731    432    405    339    439    147     85     91    116     96    175    185     78    146    174    126     80    179    137    107     75    140    137    187   1123   1094   1150   1180   1104   1145   1199   1098   1141   1204   1209  
  846    904    856    873    831    872    892    803    837    874    850    834    851    844    850    863    868    843    874    903    865     29     51     96     68     27      0      3     58    354    399    423    396    347    381    390    304    380    412    330    302    420    309    376    366    700    656   1008    960    956   1101   1064   1083   1067   1103   1116   1087   1150   1044   1181   1146   1045   1110   1055   1138   1172    464    432    449    464    777    791    791    734    804    835    774    784    874    821    822    801    818    810    818    795    811    758    452    366    398    442    442    342    428    415    410    405    320    381    405    656    657    679    580    713    640    455    799    819    739    785    790    777    761    815    785    778    794    823    787    749    799    844    790    865    725    824    140    142    112    153    142    201    145    151    199    712    725    707    785    727    427    392    331    429    126     69     85    107     77    153    174     53    122    149    110     62    164    127     84     69    121    127    166   1109   1082   1135   1166   1090   1131   1185   1085   1128   1189   1194  
  847    905    858    874    832    873    893    804    838    875    851    835    852    845    851    864    869    844    875    904    866     29     52     94     68     25      3      0     60    357    401    425    398    349    383    392    306    382    414    332    304    422    311    378    368    703    658   1010    962    958   1103   1066   1085   1069   1105   1118   1089   1151   1046   1183   1148   1047   1112   1057   1140   1174    467    434    451    465    778    793    793    736    805    836    775    786    876    822    823    802    820    812    819    797    813    759    454    368    400    444    444    343    431    417    412    407    322    383    407    658    659    681    582    715    642    456    800    820    740    785    791    777    761    816    786    778    795    824    787    749    799    844    791    866    726    825    140    143    113    155    143    201    147    152    201    714    727    709    787    729    429    394    333    431    128     71     87    109     79    155    176     55    124    151    112     64    167    129     86     71    124    129    169   1111   1084   1137   1168   1092   1133   1187   1087   1130   1191   1196  
  827    881    835    856    810    855    876    788    820    855    836    815    835    822    829    845    849    828    858    886    848     58     70    153     98     80     58     60      0    309    367    382    364    301    341    352    262    341    381    294    260    374    272    336    333    643    599    964    917    915   1058   1022   1039   1022   1059   1073   1043   1108   1000   1140   1105   1003   1067   1012   1095   1129    420    391    412    430    737    757    755    698    769    795    738    747    837    786    786    762    782    775    781    758    775    723    408    324    356    399    391    300    377    370    362    359    271    335    359    616    616    635    536    674    601    432    790    810    727    779    783    764    754    803    772    769    781    814    785    743    792    831    783    857    714    815    126    129    100    135    129    182    106    132    163    672    685    669    747    687    387    340    286    381     69     28     62     70     23     96    127     16     67     95     58     19    112     87     28     52     66     86    109   1056   1030   1081   1112   1036   1076   1131   1031   1074   1135   1139  
  586    625    583    621    562    616    647    563    588    615    617    575    607    569    577    603    605    605    630    651    612    366    321    440    333    363    354    357    309      0    120     82    116     12     53     73     54     64    136     76     57     66     74     52    100    426    376    974    939    943    749    713    730    713    750    764    735    800    692    832    798    694    758    703    786    820    111     89    122    155    791    846    834    783    854    848    823    818    902    874    864    825    863    854    855    827    854    812    100     33     54     91    109     37    102     62     63     51     51     30     51    684    674    671    583    742    673    215    595    618    525    600    598    555    576    593    563    580    567    621    627    569    606    619    597    660    516    619    401    405    386    399    405    430    340    398    374    367    380    366    443    382     88     85     24     80    262    288    272    248    287    253    183    324    283    286    252    297    201    228    297    288    249    228    235    771    739    803    831    757    800    848    747    792    859    864  
  478    524    480    512    457    508    536    450    478    508    503    467    495    467    474    496    498    493    519    542    503    417    355    469    359    399    399    401    367    120      0     78      5    130     71     51    127     57     17     76    125    127    100     70     34    511    460   1092   1058   1062    715    675    701    688    722    730    706    759    660    791    755    658    723    672    754    788    132     85     67     66    911    965    953    902    973    967    942    937   1022    992    983    944    982    973    974    947    973    930    118     87     86    110    197     94    198    111    149    119    165    130    124    803    793    791    702    861    792     95    477    500    408    481    480    439    457    478    447    462    452    504    507    449    487    504    478    543    398    502    477    482    458    479    481    516    423    477    466    322    335    313    391    337     77    197    130    153    336    341    315    298    347    336    250    382    359    370    315    350    275    280    363    331    317    281    320    796    756    834    858    789    832    872    773    818    890    896  
  507    544    503    543    483    539    570    488    512    537    542    497    531    490    497    525    526    530    554    573    535    437    384    502    393    428    423    425    382     82     78      0     75     94     42     40    121     47     86    100    122     54    116     47     85    434    383   1030    998   1003    679    642    661    646    682    694    666    727    622    759    724    623    688    634    717    751     58     10     43     80    858    917    903    854    924    913    893    887    969    944    933    892    932    923    923    895    923    883     42     59     29     34    123     82    127     39     80     52    133     74     57    754    742    737    652    810    744    160    526    549    456    535    532    484    512    521    491    513    494    553    566    505    539    546    530    590    448    550    480    484    464    479    484    511    420    478    455    291    304    288    366    306      6    135    104     79    339    359    338    317    360    332    257    397    361    366    326    368    277    297    372    355    324    298    315    731    694    767    793    722    764    808    708    753    823    829  
