184

    0     23     42     49     36     76    451    419    460    499    452    406    903    875    882    864    859    866    935    888    880    852    866    664    713    723    693    713    695    714    770    602    581    574    581    597    599    604    563    561    595    635    575    642    576    597    572    583    588    659    517    535    466    518    505    512    488    524    475    492    461    483    447    515    507    563    513    526    498    524    626    678    543    494   1149   1127   1155   1104   1252   1282   1313   1258   1308   1312   1224   1297   1253   1245   1251   1305   1279   1260   1244   1274   1294   1280   1264   1208    997   1084   1054   1081   1047   1071   1062   1046   1073   1043   1087   1061   1070   1039   1028   1020   1073   1049   1032   1041    620    616    589    575    628    606    580    561    541    585    582    543    588    642    589    542    574    593    566    650   1005    973    942    964    957    966    905    943   1010    955    848    849    834    907    847    829    808    810    494    711    769    813    775    746    772    821    709    739    810    755    774    804    681    662    725    722    737    689    717    741    684    734    681    689    684    714  
   23      0     62     32     44     86    431    399    439    478    432    387    918    890    896    879    873    880    949    903    893    866    880    681    730    738    709    729    712    730    787    611    589    582    590    605    608    612    570    569    603    644    585    648    586    605    581    591    595    667    505    525    454    507    495    500    477    514    465    481    449    472    436    504    494    550    504    514    485    511    604    656    521    472   1159   1138   1166   1115   1241   1270   1301   1246   1297   1301   1213   1286   1242   1234   1240   1293   1268   1248   1233   1262   1282   1268   1252   1196    975   1062   1032   1059   1026   1049   1040   1024   1051   1021   1065   1039   1048   1017   1007    998   1051   1028   1010   1019    603    599    571    556    609    588    562    542    523    566    562    525    571    623    572    524    556    574    549    632   1002    969    940    963    955    963    903    941   1009    954    827    828    814    886    827    808    787    789    482    690    748    793    754    725    751    800    688    718    790    735    753    783    701    681    745    741    756    708    736    760    704    753    699    709    704    734  
   42     62      0     79     36     53    476    444    487    526    478    430    865    836    844    825    820    828    895    849    842    814    828    624    673    684    653    672    655    674    730    571    551    543    549    567    565    572    533    530    563    602    541    613    542    567    538    552    558    628    521    537    470    520    507    516    492    525    474    495    467    486    450    518    512    569    511    529    505    529    659    713    582    532   1114   1092   1120   1069   1255   1284   1316   1259   1311   1312   1225   1298   1256   1245   1251   1308   1281   1264   1245   1276   1297   1282   1266   1210   1035   1122   1091   1119   1085   1109   1099   1084   1111   1081   1125   1099   1108   1077   1067   1059   1111   1088   1069   1079    636    634    609    599    648    626    600    582    561    606    605    561    605    661    604    561    593    615    582    669    990    959    925    946    941    953    890    928    992    937    888    890    875    947    888    869    849    851    499    738    794    840    801    773    800    846    735    766    836    780    800    832    640    621    684    681    696    647    676    700    643    693    639    648    643    673  
   49     32     79      0     49     84    402    370    411    451    403    357    915    888    894    878    870    877    948    902    889    862    878    683    732    737    709    731    714    732    789    599    575    569    579    591    598    600    556    556    591    633    576    634    576    591    572    579    582    655    475    495    424    477    465    470    446    484    436    451    418    442    406    474    464    519    475    484    454    481    580    634    506    454   1149   1130   1157   1106   1210   1239   1271   1216   1266   1271   1183   1256   1211   1204   1210   1263   1238   1217   1203   1232   1252   1238   1222   1166    957   1044   1013   1042   1007   1031   1021   1006   1033   1004   1048   1021   1031    999    989    981   1033   1010    991   1001    572    568    540    526    579    557    531    512    492    536    533    494    540    593    541    494    526    544    518    601    977    944    917    940    931    937    878    916    986    930    813    817    802    872    816    792    775    777    451    662    720    765    726    698    724    772    660    690    761    707    725    756    711    688    755    749    765    717    743    769    713    761    706    718    713    744  
   36     44     36     49      0     42    441    409    452    491    443    395    874    846    853    836    829    836    906    860    849    822    837    638    687    694    666    687    669    688    744    568    546    539    547    562    565    569    528    526    560    601    542    607    542    563    538    549    553    625    490    507    439    490    477    485    461    495    445    465    435    455    419    487    480    537    482    498    473    497    626    680    554    502   1115   1095   1122   1071   1224   1253   1285   1229   1281   1283   1195   1269   1226   1216   1222   1277   1251   1233   1216   1246   1266   1252   1236   1179   1005   1093   1061   1091   1055   1079   1069   1055   1081   1052   1097   1070   1079   1047   1037   1030   1081   1058   1039   1050    601    599    574    564    613    590    564    547    526    571    569    526    570    625    570    526    558    580    547    634    970    938    907    929    922    932    870    908    975    920    861    865    850    921    864    841    823    826    468    703    759    805    766    738    765    811    700    731    800    745    765    797    663    641    706    701    717    669    695    721    665    714    659    670    665    696  
   76     86     53     84     42      0    450    417    463    502    453    403    833    806    812    795    788    796    866    820    808    781    796    599    648    654    626    648    631    649    706    527    505    498    506    521    523    528    487    485    519    559    500    566    501    521    496    507    512    583    473    488    423    471    458    469    445    475    425    448    421    438    402    470    466    524    460    482    460    483    644    701    584    529   1074   1053   1081   1029   1206   1235   1267   1210   1262   1263   1175   1249   1207   1195   1202   1259   1232   1215   1196   1227   1248   1233   1217   1160   1031   1119   1086   1118   1081   1105   1095   1081   1107   1079   1124   1097   1106   1073   1064   1057   1106   1085   1064   1076    598    597    575    570    614    591    565    550    527    574    575    525    567    625    566    526    558    584    544    634    937    907    872    894    889    900    837    875    940    885    892    898    883    952    897    870    855    858    453    712    766    815    775    747    776    818    708    740    808    752    773    808    630    605    674    666    683    636    660    687    632    679    623    636    632    663  
  451    431    476    402    441    450      0     34     25     56     14     49   1115   1097   1095   1097   1070   1078   1158   1120   1077   1058   1079    943    988    968    955    987    976    986   1043    739    700    703    725    714    757    737    680    696    730    773    746    733    743    713    737    715    708    779    286    316    260    305    304    277    272    321    314    280    241    280    269    291    261    279    349    290    236    269    231    300    314    246   1255   1258   1271   1227    912    943    970    924    965    987    900    968    914    924    930    962    945    909    914    935    949    941    926    873    647    734    695    747    694    720    704    701    721    701    749    718    731    688    685    684    715    704    674    699    218    205    161    127    193    178    155    125    121    148    135    137    189    213    196    130    154    151    178    220    860    813    829    858    831    809    780    810    903    847    569    612    595    635    612    533    556    566    259    263    319    365    326    298    327    371    259    291    360    305    324    359   1031    984   1071   1047   1072   1029   1036   1076   1027   1060   1002   1030   1027   1058  
  419    399    444    370    409    417     34      0     53     89     41     16   1087   1069   1067   1068   1042   1050   1130   1091   1049   1030   1051    912    957    938    924    957    945    956   1012    712    674    677    698    688    730    710    653    669    703    746    718    709    715    687    709    689    682    754    275    305    244    292    290    266    258    308    296    266    226    265    251    280    251    275    334    279    226    260    261    328    325    256   1233   1235   1248   1204    925    956    983    936    978    999    911    980    927    935    941    976    957    923    925    948    963    954    938    885    675    763    725    774    723    749    734    730    750    729    777    746    759    717    713    711    745    732    703    727    234    223    182    157    218    200    175    149    138    173    164    150    203    236    209    145    173    178    189    243    853    806    819    848    822    803    770    801    893    837    591    631    614    657    631    557    576    585    246    296    351    398    359    331    360    403    292    324    392    337    357    392    998    952   1038   1015   1040    997   1004   1044    995   1028    970    998    994   1026  
  460    439    487    411    452    463     25     53      0     40     13     68   1138   1121   1119   1120   1094   1101   1181   1143   1100   1081   1103    964   1010    990    977   1009    997   1008   1064    763    724    727    749    738    781    761    704    720    754    797    770    758    766    737    760    739    732    804    310    339    284    329    328    301    297    345    338    304    266    305    294    315    285    302    374    313    260    293    208    276    291    224   1280   1283   1296   1252    925    956    982    937    977   1001    914    982    927    938    944    975    958    920    927    948    961    954    938    887    623    711    673    723    671    697    681    678    698    678    725    694    707    665    661    660    693    680    651    675    230    216    169    127    199    185    164    132    134    154    135    152    203    220    211    145    165    154    194    225    883    835    853    882    854    832    803    833    927    871    544    587    570    610    587    509    531    541    283    252    310    354    315    287    314    362    250    280    351    298    315    346   1050   1005   1090   1067   1092   1049   1057   1096   1047   1080   1022   1050   1046   1078  
  499    478    526    451    491    502     56     89     40      0     49    104   1167   1150   1147   1150   1122   1130   1210   1173   1128   1110   1132    997   1042   1021   1009   1042   1030   1041   1097    790    750    754    776    764    809    788    730    748    781    824    799    782    795    763    789    766    758    829    320    350    301    341    341    312    311    357    356    318    282    320    313    327    296    305    388    323    271    301    180    249    291    227   1301   1305   1317   1274    904    935    961    917    956    982    896    963    907    921    926    954    938    899    908    928    940    933    918    867    595    681    643    696    642    668    651    649    668    650    697    666    679    636    633    633    663    652    621    647    213    197    147     95    172    162    145    111    121    129    104    142    189    194    199    134    147    126    185    199    886    837    859    888    859    834    809    838    933    877    526    574    556    592    574    489    517    528    295    212    271    315    276    248    275    323    211    240    312    260    276    307   1086   1040   1126   1102   1127   1084   1091   1131   1083   1115   1057   1085   1082   1114  
  452    432    478    403    443    453     14     41     13     49      0     56   1126   1108   1106   1107   1081   1089   1169   1131   1088   1069   1090    952    997    978    965    997    985    996   1052    750    711    715    736    726    768    748    691    708    741    784    757    745    754    724    748    727    719    791    299    329    273    318    317    290    285    334    326    293    254    293    282    304    275    292    362    303    249    282    221    289    301    233   1267   1270   1283   1239    921    952    979    933    974    997    910    978    923    934    940    971    954    918    923    944    958    950    935    883    636    723    685    736    684    710    694    690    710    690    738    707    720    678    674    673    705    693    663    688    227    214    167    130    199    184    162    131    130    154    138    147    199    220    206    140    162    156    188    226    873    826    842    871    844    822    793    823    916    860    557    599    582    622    599    521    543    553    272    260    317    362    323    295    323    369    257    288    359    305    322    355   1039    993   1079   1055   1080   1037   1045   1084   1035   1069   1011   1038   1035   1066  
  406    387    430    357    395    403     49     16     68    104     56      0   1072   1054   1052   1053   1028   1035   1115   1077   1035   1015   1037    896    942    923    909    941    930    941    997    698    660    662    683    674    716    696    640    655    689    732    704    696    700    673    694    675    668    740    268    298    234    285    282    259    250    300    286    257    217    257    240    272    244    271    324    273    219    254    276    343    334    265   1220   1222   1236   1191    928    959    987    939    982   1001    913    983    930    937    943    979    960    927    928    951    966    957    941    888    690    777    740    789    738    764    749    744    765    744    792    761    774    732    728    726    760    747    718    742    239    230    191    169    227    208    184    159    146    183    176    156    208    245    213    152    180    189    192    252    847    801    812    840    815    797    763    794    886    829    604    643    626    670    643    570    588    597    239    310    364    412    373    345    375    416    306    339    406    350    371    407    983    937   1023    999   1024    981    989   1028    979   1013    955    982    979   1010  
  903    918    865    915    874    833   1115   1087   1138   1167   1126   1072      0     36     22     62     46     38     50     54     48     58     38    264    224    186    224    224    245    220    186    380    421    415    392    409    358    383    440    420    389    348    369    407    372    411    378    403    413    352    896    878    888    876    867    902    889    862    836    884    904    877    868    888    914    947    822    899    934    920   1346   1414   1369   1303    337    282    327    279   1303   1318   1352   1292   1349   1306   1246   1306   1302   1252   1258   1345   1308   1335   1274   1313   1343   1317   1307   1260   1761   1847   1809   1861   1808   1834   1817   1815   1835   1815   1863   1832   1845   1802   1799   1798   1828   1818   1787   1813   1105   1118   1137   1177   1166   1144   1127   1138   1106   1151   1175   1088   1091   1160   1082   1095   1117   1167   1071   1169    773    793    696    688    725    786    714    736    702    690   1667   1692   1676   1732   1692   1637   1642   1648    908   1322   1345   1405   1368   1348   1389   1386   1309   1346   1379   1324   1357   1412    399    336    380    321    347    371    309    347    380    322    328    372    378    376  
  875    890    836    888    846    806   1097   1069   1121   1150   1108   1054     36      0     23     28     35     30     62     32     62     52     27    230    189    154    191    189    210    185    150    367    409    402    377    398    343    371    427    406    376    337    352    400    356    400    362    390    402    344    885    868    875    865    856    890    877    852    824    872    891    865    855    877    902    937    811    888    922    909   1328   1396   1347   1281    373    318    362    314   1312   1328   1362   1301   1359   1317   1256   1316   1311   1262   1268   1354   1318   1343   1284   1322   1352   1327   1316   1268   1743   1830   1792   1843   1791   1817   1801   1798   1818   1798   1845   1814   1827   1785   1781   1780   1812   1801   1770   1795   1094   1107   1124   1163   1154   1132   1114   1124   1092   1138   1161   1074   1079   1149   1070   1082   1104   1154   1059   1158    787    804    709    701    737    797    723    747    717    702   1647   1671   1654   1711   1670   1617   1621   1627    896   1309   1333   1393   1357   1336   1376   1375   1296   1333   1369   1313   1345   1399    363    300    346    286    312    335    273    312    344    287    292    337    342    340  
  882    896    844    894    853    812   1095   1067   1119   1147   1106   1052     22     23      0     50     25     18     65     51     41     40     17    244    205    165    204    206    226    201    170    361    403    396    373    391    339    364    421    401    370    331    349    391    353    393    359    385    395    335    878    861    870    858    849    884    871    845    818    866    886    859    850    871    896    930    804    881    916    902   1326   1394   1348   1282    352    298    342    293   1295   1311   1345   1284   1341   1299   1238   1298   1293   1244   1250   1337   1300   1326   1266   1305   1335   1309   1299   1251   1741   1828   1789   1841   1789   1814   1798   1796   1815   1796   1843   1812   1825   1783   1779   1778   1809   1798   1768   1793   1088   1101   1118   1158   1148   1126   1109   1119   1087   1133   1157   1069   1073   1142   1064   1077   1099   1149   1053   1151    767    786    690    682    719    779    706    729    697    683   1647   1672   1655   1712   1671   1616   1622   1628    890   1304   1327   1387   1351   1330   1370   1368   1291   1328   1362   1306   1339   1394    384    319    367    307    334    356    294    334    365    308    311    357    363    362  
  864    879    825    878    836    795   1097   1068   1120   1150   1107   1053     62     28     50      0     55     53     72     25     88     72     50    211    168    142    175    168    189    165    125    372    414    406    381    404    346    376    431    409    380    344    353    409    357    406    363    394    407    353    890    873    878    870    860    895    881    857    828    876    894    869    857    882    906    943    816    893    926    913   1328   1395   1342   1277    399    344    388    340   1330   1347   1381   1320   1377   1337   1274   1336   1329   1281   1287   1373   1337   1361   1302   1341   1370   1345   1335   1286   1743   1830   1791   1841   1790   1816   1800   1797   1817   1797   1844   1813   1826   1784   1780   1778   1811   1800   1770   1794   1099   1111   1127   1164   1158   1135   1117   1126   1094   1141   1163   1077   1083   1153   1074   1084   1107   1156   1063   1162    807    824    729    722    758    817    742    767    739    723   1643   1666   1649   1707   1664   1613   1616   1622    899   1312   1337   1397   1360   1339   1379   1380   1299   1336   1373   1317   1349   1403    337    276    319    259    285    310    248    285    318    260    267    311    317    314  
  859    873    820    870    829    788   1070   1042   1094   1122   1081   1028     46     35     25     55      0      8     89     66     38     18     10    226    190    145    185    191    211    186    161    337    379    372    348    367    314    340    397    377    346    306    325    368    328    369    334    360    371    312    854    837    846    834    825    860    847    821    794    842    861    835    825    847    872    906    780    857    892    878   1301   1370   1324   1257    362    312    354    304   1278   1294   1328   1267   1325   1284   1222   1283   1277   1228   1234   1320   1284   1309   1250   1288   1318   1293   1282   1234   1716   1803   1764   1816   1764   1790   1773   1771   1790   1771   1818   1787   1800   1758   1755   1753   1784   1774   1743   1769   1064   1077   1094   1134   1124   1102   1084   1095   1063   1109   1132   1045   1049   1118   1040   1052   1075   1124   1029   1127    753    771    675    668    704    764    689    713    685    669   1622   1647   1630   1687   1646   1592   1597   1603    865   1280   1303   1363   1326   1306   1346   1344   1266   1303   1338   1282   1315   1369    375    307    361    299    328    347    286    328    355    302    300    348    354    355  
  866    880    828    877    836    796   1078   1050   1101   1130   1089   1035     38     30     18     53      8      0     82     61     36     24      4    232    195    151    191    196    216    191    164    344    386    379    356    374    322    347    404    384    353    314    332    374    335    376    341    367    378    318    861    844    853    841    832    867    854    828    801    849    869    842    832    854    879    913    787    864    899    885   1309   1377   1331   1265    358    307    350    300   1282   1299   1333   1272   1329   1288   1226   1287   1281   1233   1239   1325   1288   1314   1254   1293   1323   1297   1287   1239   1724   1811   1772   1824   1771   1797   1781   1778   1798   1778   1826   1795   1808   1765   1762   1761   1792   1781   1750   1776   1071   1084   1101   1141   1131   1109   1092   1102   1070   1116   1140   1052   1056   1125   1047   1059   1082   1132   1036   1134    757    775    679    672    708    768    694    717    688    673   1630   1655   1638   1694   1654   1599   1604   1611    873   1287   1310   1370   1334   1313   1353   1351   1274   1311   1345   1289   1322   1377    378    311    363    302    330    350    288    330    359    304    304    351    357    357  
  935    949    895    948    906    866   1158   1130   1181   1210   1169   1115     50     62     65     72     89     82      0     49     97    104     80    282    238    212    246    238    259    235    191    426    467    461    437    456    403    429    486    465    435    395    412    455    416    458    422    449    460    399    943    925    934    923    914    948    935    909    883    930    950    923    914    935    961    994    869    946    981    967   1389   1457   1408   1342    351    290    337    293   1351   1366   1400   1339   1396   1353   1294   1353   1349   1299   1305   1392   1356   1383   1322   1360   1390   1365   1355   1308   1804   1891   1852   1904   1852   1877   1861   1859   1878   1859   1906   1875   1888   1846   1842   1841   1872   1861   1831   1856   1152   1165   1183   1222   1213   1190   1173   1183   1151   1197   1221   1134   1138   1207   1128   1141   1163   1213   1117   1216    819    840    743    734    772    833    761    783    747    736   1708   1732   1715   1773   1731   1678   1682   1688    954   1368   1391   1451   1415   1395   1435   1433   1355   1392   1426   1371   1404   1458    396    341    373    317    339    369    307    339    378    316    330    370    376    369  
  888    903    849    902    860    820   1120   1091   1143   1173   1131   1077     54     32     51     25     66     61     49      0     91     83     58    234    189    166    198    190    210    186    143    394    436    428    403    425    368    397    453    431    402    365    376    429    380    427    386    416    428    372    911    895    901    891    882    917    903    878    850    898    916    891    880    904    929    964    838    915    948    935   1351   1419   1366   1301    388    330    375    329   1343   1359   1394   1332   1390   1348   1287   1348   1342   1293   1299   1386   1349   1374   1315   1353   1383   1358   1347   1299   1766   1853   1815   1865   1814   1840   1824   1820   1840   1820   1868   1837   1850   1808   1804   1802   1835   1823   1793   1818   1121   1133   1149   1187   1180   1158   1140   1149   1117   1163   1186   1100   1105   1175   1096   1107   1130   1179   1085   1184    817    835    739    732    768    828    754    778    748    733   1667   1690   1673   1732   1689   1637   1640   1646    921   1335   1359   1419   1382   1362   1401   1401   1322   1359   1395   1339   1371   1425    352    294    331    273    298    325    263    297    333    273    284    326    332    327  
  880    893    842    889    849    808   1077   1049   1100   1128   1088   1035     48     62     41     88     38     36     97     91      0     31     40    259    225    175    217    226    246    221    198    339    380    375    352    367    320    342    399    381    349    307    333    363    336    369    341    363    372    308    854    835    847    833    825    859    847    819    795    842    863    835    827    846    872    904    779    856    893    878   1307   1376   1335   1268    326    277    319    268   1256   1272   1306   1245   1303   1260   1200   1260   1255   1206   1212   1298   1262   1288   1228   1266   1296   1271   1261   1213   1722   1809   1770   1823   1769   1795   1779   1777   1796   1777   1825   1793   1807   1764   1761   1760   1790   1780   1748   1775   1062   1076   1095   1136   1124   1102   1085   1097   1065   1110   1135   1047   1049   1117   1039   1054   1076   1126   1029   1126    728    747    651    642    679    740    667    690    657    644   1632   1659   1642   1697   1658   1601   1608   1614    866   1281   1302   1362   1326   1307   1347   1343   1267   1304   1337   1281   1315   1369    412    343    398    336    365    384    323    366    393    339    337    385    391    392  
  852    866    814    862    822    781   1058   1030   1081   1110   1069   1015     58     52     40     72     18     24    104     83     31      0     27    228    195    144    186    195    215    191    170    323    364    358    335    352    301    326    383    363    332    292    312    352    315    354    321    346    357    296    839    822    831    819    810    845    832    806    779    827    847    820    811    832    857    891    765    842    877    863   1288   1357   1313   1246    356    308    349    299   1260   1277   1311   1250   1307   1266   1204   1265   1259   1211   1217   1303   1267   1291   1232   1271   1300   1275   1265   1216   1704   1790   1751   1804   1751   1777   1760   1758   1777   1758   1806   1775   1788   1745   1742   1741   1771   1761   1730   1756   1049   1062   1080   1120   1110   1087   1070   1081   1049   1094   1118   1031   1034   1103   1025   1038   1060   1110   1014   1112    736    753    658    651    687    746    672    696    668    652   1611   1636   1620   1676   1635   1580   1586   1592    851   1265   1288   1348   1312   1292   1332   1329   1252   1289   1323   1267   1300   1355    383    313    371    308    338    355    294    339    364    312    307    357    362    364  
  866    880    828    878    837    796   1079   1051   1103   1132   1090   1037     38     27     17     50     10      4     80     58     40     27      0    231    193    150    190    194    214    189    161    346    388    381    358    377    324    350    407    386    355    316    334    377    337    378    343    369    381    321    864    846    855    843    835    869    856    830    803    851    871    844    835    856    881    915    790    867    901    888   1310   1379   1332   1266    360    309    352    302   1286   1302   1336   1275   1333   1291   1230   1290   1285   1236   1242   1328   1292   1317   1258   1296   1326   1301   1290   1242   1726   1812   1774   1825   1773   1799   1783   1780   1800   1780   1828   1797   1810   1767   1764   1762   1794   1783   1752   1778   1073   1086   1103   1143   1134   1111   1094   1104   1072   1118   1142   1054   1058   1128   1049   1062   1084   1134   1038   1136    761    778    683    675    711    771    697    721    692    677   1631   1656   1639   1696   1655   1601   1606   1612    875   1289   1312   1372   1336   1316   1356   1354   1276   1313   1347   1292   1324   1379    375    309    360    299    327    347    286    327    356    301    301    349    354    354  
  664    681    624    683    638    599    943    912    964    997    952    896    264    230    244    211    226    232    282    234    259    228    231      0     49     86     43     49     34     50    107    294    330    316    290    327    258    299    339    311    299    283    248    358    255    330    259    308    325    309    773    762    752    755    744    777    759    745    707    755    765    746    728    766    786    831    705    778    801    796   1171   1237   1164   1102    582    536    577    525   1317   1338   1373   1310   1369   1338   1266   1333   1317   1276   1283   1364   1329   1343   1293   1331   1360   1336   1324   1271   1583   1671   1634   1679   1632   1657   1643   1636   1658   1635   1682   1652   1664   1625   1619   1616   1654   1639   1612   1633    979    989    996   1025   1030   1007    986    990    958   1007   1026    944    958   1029    951    950    976   1022    936   1038    835    838    752    754    780    831    752    783    783    752   1470   1486   1470   1533   1485   1442   1439   1443    777   1176   1210   1268   1230   1206   1244   1255   1165   1202   1248   1190   1220   1271    190    107    200    142    178    166    125    181    172    153    112    168    170    188  
  713    730    673    732    687    648    988    957   1010   1042    997    942    224    189    205    168    190    195    238    189    225    195    193     49      0     69     41      1     22      6     58    319    358    345    319    353    285    324    369    342    325    304    278    380    285    356    290    336    352    327    812    800    792    794    783    816    798    783    746    795    806    786    769    804    826    869    743    817    841    835   1217   1283   1212   1149    550    501    543    493   1337   1357   1392   1329   1388   1355   1285   1351   1336   1294   1301   1384   1348   1364   1312   1350   1379   1355   1343   1291   1629   1717   1680   1725   1678   1704   1689   1683   1705   1682   1729   1699   1711   1672   1666   1662   1700   1686   1658   1680   1019   1029   1038   1068   1072   1048   1028   1032   1001   1049   1069    986    999   1070    991    992   1018   1064    977   1079    844    851    762    762    791    843    765    795    788    761   1517   1534   1518   1581   1533   1490   1487   1492    817   1219   1251   1310   1272   1249   1287   1296   1208   1245   1289   1231   1262   1313    197    120    195    132    168    170    115    170    177    140    117    171    175    186  
  723    738    684    737    694    654    968    938    990   1021    978    923    186    154    165    142    145    151    212    166    175    144    150     86     69      0     44     69     83     63     90    269    310    298    272    303    237    274    324    298    276    249    236    324    241    306    247    288    304    269    776    762    760    757    747    781    765    745    712    761    775    752    738    769    791    832    705    780    809    800   1198   1265   1205   1140    496    452    491    440   1277   1296   1331   1269   1327   1293   1224   1289   1276   1233   1240   1323   1287   1305   1252   1290   1319   1295   1283   1232   1612   1700   1662   1710   1661   1686   1671   1666   1687   1666   1713   1682   1695   1654   1649   1647   1682   1669   1640   1663    985    996   1008   1042   1041   1017    998   1005    973   1021   1041    957    967   1037    959    963    988   1036    945   1046    779    787    697    696    725    779    701    730    721    695   1508   1528   1512   1572   1527   1479   1479   1485    783   1191   1220   1279   1242   1220   1259   1264   1179   1216   1257   1200   1232   1284    264    184    264    200    235    237    184    237    244    208    184    239    242    254  
  693    709    653    709    666    626    955    924    977   1009    965    909    224    191    204    175    185    191    246    198    217    186    190     43     41     44      0     41     46     37     88    279    318    305    279    313    245    284    329    302    285    264    239    340    245    316    250    296    312    287    774    762    755    756    745    778    761    745    709    757    769    749    732    767    788    831    705    779    804    797   1184   1251   1184   1121    539    494    534    483   1298   1317   1352   1290   1348   1316   1245   1311   1297   1255   1262   1344   1309   1325   1273   1311   1340   1316   1304   1252   1598   1685   1648   1694   1646   1672   1657   1651   1673   1651   1698   1668   1680   1640   1634   1631   1668   1654   1626   1648    982    992   1002   1033   1035   1012    992    997    965   1014   1033    950    962   1033    955    956    982   1029    940   1042    807    813    725    725    753    805    726    757    752    724   1489   1507   1491   1552   1506   1461   1459   1464    779   1184   1215   1274   1236   1213   1251   1260   1172   1209   1252   1195   1226   1277    225    144    229    167    203    199    150    206    206    177    145    201    204    218  
  713    729    672    731    687    648    987    957   1009   1042    997    941    224    189    206    168    191    196    238    190    226    195    194     49      1     69     41      0     21      6     58    319    358    344    318    353    285    324    369    342    325    304    278    379    285    356    290    335    352    327    811    800    792    793    782    815    798    782    746    794    805    786    769    804    825    868    742    816    841    835   1216   1283   1212   1149    551    502    544    493   1337   1357   1392   1329   1388   1355   1285   1351   1336   1295   1301   1384   1348   1364   1312   1350   1379   1355   1343   1291   1629   1717   1680   1725   1678   1703   1689   1682   1704   1681   1728   1698   1710   1671   1665   1662   1700   1685   1658   1679   1018   1029   1038   1068   1071   1048   1027   1032   1001   1049   1068    986    999   1069    991    992   1018   1064    977   1079    844    851    762    762    791    843    765    795    788    761   1517   1534   1518   1580   1533   1490   1486   1491    816   1219   1251   1309   1271   1248   1287   1296   1208   1244   1289   1231   1262   1313    196    119    195    132    167    169    115    169    177    140    117    171    175    185  
  695    712    655    714    669    631    976    945    997   1030    985    930    245    210    226    189    211    216    259    210    246    215    214     34     22     83     46     21      0     25     76    319    356    343    317    353    284    324    367    339    325    306    276    382    282    355    287    334    351    331    805    793    784    787    775    808    790    776    739    787    797    778    760    797    818    862    736    809    833    828   1204   1270   1197   1134    571    522    564    513   1340   1360   1395   1333   1391   1359   1288   1355   1339   1298   1305   1387   1352   1367   1316   1354   1382   1359   1347   1294   1616   1704   1667   1712   1665   1690   1676   1669   1691   1669   1715   1686   1697   1658   1653   1649   1687   1672   1645   1666   1011   1021   1029   1058   1063   1039   1018   1022    991   1040   1058    976    991   1061    983    982   1009   1055    968   1071    852    857    769    770    798    850    771    801    797    768   1502   1519   1503   1566   1517   1475   1472   1476    809   1209   1242   1300   1262   1239   1277   1288   1198   1235   1280   1222   1253   1303    182    102    184    122    158    155    105    161    162    132    101    157    160    174  
  714    730    674    732    688    649    986    956   1008   1041    996    941    220    185    201    165    186    191    235    186    221    191    189     50      6     63     37      6     25      0     58    315    354    341    315    349    281    320    366    338    322    300    275    375    281    352    287    332    349    323    809    797    790    791    780    813    796    780    744    792    803    784    767    802    823    866    740    814    839    832   1215   1282   1212   1149    546    497    539    489   1333   1352   1387   1325   1383   1350   1280   1346   1332   1290   1296   1379   1344   1360   1308   1346   1375   1351   1339   1287   1628   1716   1679   1724   1677   1702   1688   1682   1703   1681   1728   1698   1710   1670   1665   1661   1699   1685   1657   1678   1016   1027   1036   1066   1070   1046   1025   1030    999   1047   1067    984    997   1067    989    990   1016   1062    975   1077    839    846    757    757    786    839    760    790    783    756   1517   1534   1518   1580   1533   1489   1486   1491    814   1217   1249   1308   1269   1247   1285   1294   1206   1243   1287   1229   1260   1311    202    125    201    137    173    175    121    175    182    146    122    176    180    191  
  770    787    730    789    744    706   1043   1012   1064   1097   1052    997    186    150    170    125    161    164    191    143    198    170    161    107     58     90     88     58     76     58      0    358    399    387    360    393    326    363    412    385    365    339    323    414    328    395    334    377    393    359    861    848    843    842    831    865    848    831    796    844    857    836    820    853    875    917    791    865    892    884   1272   1338   1269   1206    521    467    511    462   1366   1385   1420   1357   1416   1380   1312   1377   1365   1321   1328   1411   1376   1394   1340   1378   1407   1383   1372   1320   1685   1773   1736   1781   1734   1759   1744   1738   1760   1738   1785   1755   1767   1727   1722   1718   1756   1741   1714   1735   1069   1079   1089   1121   1123   1099   1079   1085   1053   1101   1121   1038   1050   1120   1042   1044   1070   1117   1028   1130    862    872    781    779    810    865    787    816    802    778   1574   1591   1575   1637   1590   1547   1544   1549    867   1272   1302   1361   1323   1301   1339   1347   1260   1297   1340   1282   1314   1365    215    152    202    139    169    187    125    170    196    142    142    188    194    195  
