121

    0     43     37     21    571    555   1072   1078   1081   1117   1048   1065   1017   1061   1033   1094   1072   1069   1105   1050   1043   1037   1095   1055   1098   1035   1076   1085   1098   1080    746    742    755    740   1143   1109   1151   1058   1136   1127   1117   1101   1077   1101   1107   1090   1108   1108    771    819    760    794    753    820    779    773    778    777    772    786    714    685    689    663    691    662    690    669    676    691    647    675    655    660    689    705    695    704    667    694    714    690    714    685    692    401    369    351    390    422    348    367    370    377    392    319    373    360    361    372    362    396    382    437    426    381    453    478    472    403    445    430    427    435    453    468    469    402    463    421    409  
   43      0     68     64    558    541   1078   1084   1087   1122   1054   1069   1022   1069   1038   1101   1077   1074   1109   1057   1048   1044   1101   1061   1105   1041   1081   1091   1104   1084    733    729    740    727   1113   1081   1122   1029   1108   1099   1089   1073   1048   1072   1080   1061   1079   1081    728    776    717    751    711    777    736    730    735    734    729    743    673    644    648    622    649    621    649    628    635    649    606    634    614    618    647    663    654    663    626    653    672    649    672    643    651    380    352    331    371    405    334    351    353    360    374    302    360    342    347    359    342    376    363    430    419    376    452    472    470    403    437    424    422    433    447    463    463    394    454    415    406  
   37     68      0     34    547    531   1038   1044   1047   1083   1014   1031    983   1027    999   1059   1038   1035   1071   1016   1009   1003   1060   1020   1064   1000   1043   1050   1064   1046    722    717    732    715   1131   1096   1138   1045   1124   1114   1104   1089   1065   1089   1094   1078   1095   1094    787    836    778    811    769    836    796    792    794    793    789    802    723    693    698    670    700    671    696    678    685    698    654    682    663    671    697    712    704    712    675    704    724    698    723    693    701    383    349    333    370    402    326    345    349    357    372    299    350    340    338    349    343    378    363    410    399    352    422    450    441    372    418    402    398    404    425    439    441    375    435    393    380  
   21     64     34      0    579    563   1070   1076   1079   1116   1047   1064   1015   1059   1031   1091   1070   1067   1103   1048   1042   1035   1093   1053   1096   1032   1075   1082   1096   1078    754    749    763    747   1157   1123   1165   1072   1151   1141   1131   1115   1092   1115   1121   1104   1122   1122    792    840    781    815    774    840    799    794    799    797    792    807    734    705    709    683    711    682    710    689    696    711    667    695    675    680    709    724    715    724    687    715    734    710    734    705    712    412    379    362    400    432    357    376    379    387    402    329    381    370    369    380    373    407    393    442    431    385    455    483    474    405    451    434    431    437    458    472    473    407    468    425    413  
  571    558    547    579      0     27    612    616    619    641    589    591    559    618    568    644    611    607    628    601    574    588    640    601    643    582    601    630    633    605    176    171    188    169    665    621    661    576    653    635    627    619    602    621    614    610    625    609    773    819    795    806    758    821    794    823    787    782    789    784    618    582    602    557    616    582    566    590    593    588    556    572    570    610    590    594    605    604    580    613    644    596    631    589    608    198    212    239    197    161    226    210    210    205    192    259    199    221    212    200    226    202    205    148    157    208    180    121    163    219    137    159    171    188    141    138    130    178    121    168    189  
  555    541    531    563     27      0    639    643    646    668    616    618    586    645    595    671    638    634    655    627    600    615    667    628    670    609    628    657    660    631    193    190    201    188    663    619    660    573    651    634    625    617    599    618    613    607    623    609    747    793    769    780    733    796    768    797    761    756    763    759    593    558    577    532    590    556    542    565    568    564    530    547    545    584    565    569    580    579    555    588    619    571    606    564    583    175    192    218    175    139    208    190    190    184    171    240    182    201    195    184    204    178    183    142    150    200    183    123    168    218    131    154    167    189    139    140    131    169    117    162    185  
 1072   1078   1038   1070    612    639      0      7     10     56     24     37     56     40     44     38      2      5     48     31     41     40     30     22     32     39     38     21     28     37    522    513    553    515    941    893    916    879    922    895    893    903    906    909    878    902    907    866   1367   1410   1395   1400   1354   1413   1390   1424   1382   1376   1385   1377   1203   1170   1191   1147   1206   1175   1151   1183   1184   1175   1149   1161   1164   1207   1178   1178   1193   1189   1172   1203   1234   1185   1218   1178   1198    795    793    824    786    754    789    783    788    788    780    826    760    800    773    764    810    797    792    674    684    714    633    633    618    678    671    676    671    652    654    635    639    706    657    682    684  
 1078   1084   1044   1076    616    643      7      0      4     49     30     36     62     45     48     38      7     10     42     37     44     47     28     28     30     46     34     21     21     33    525    515    555    518    940    893    915    878    921    894    892    903    906    908    877    901    906    865   1370   1413   1398   1403   1357   1416   1393   1427   1385   1379   1389   1380   1206   1173   1194   1150   1209   1178   1154   1186   1187   1178   1152   1164   1167   1210   1181   1181   1196   1192   1175   1206   1237   1188   1221   1181   1201    800    798    829    791    759    794    788    793    793    785    831    765    805    778    769    815    802    797    679    689    719    639    638    623    683    676    681    676    657    659    640    644    712    662    687    689  
 1081   1087   1047   1079    619    646     10      4      0     47     33     38     65     46     52     36     10     13     40     40     47     49     26     31     27     49     35     19     18     34    528    518    558    521    942    895    917    880    923    896    894    905    908    910    879    903    908    867   1373   1416   1401   1406   1361   1419   1396   1430   1388   1382   1392   1384   1209   1176   1197   1153   1212   1181   1157   1189   1191   1182   1156   1167   1170   1213   1184   1184   1200   1195   1179   1209   1240   1191   1224   1184   1204    803    801    832    794    762    797    791    796    796    788    834    768    809    781    772    818    805    800    682    693    723    642    641    627    687    680    685    680    660    663    643    648    715    666    691    693  
 1117   1122   1083   1116    641    668     56     49     47      0     75     53    104     91     85     68     55     57     13     86     75     95     57     77     55     93     42     59     32     38    538    530    567    532    928    881    902    870    909    882    880    892    897    897    866    891    895    853   1387   1428   1415   1419   1374   1431   1409   1445   1402   1396   1405   1396   1221   1189   1210   1166   1225   1195   1169   1202   1204   1194   1169   1179   1184   1227   1197   1196   1212   1207   1192   1221   1252   1203   1236   1197   1216    829    829    859    821    788    826    819    824    823    815    863    797    836    810    801    845    831    827    712    722    754    674    670    658    720    708    714    710    693    692    673    677    745    694    721    724  
 1048   1054   1014   1047    589    616     24     30     33     75      0     38     32     43     23     56     24     21     65     24     27     24     51     16     54     19     44     41     51     46    502    493    534    495    931    883    906    867    912    885    882    892    894    897    868    890    896    855   1346   1389   1374   1379   1333   1392   1369   1402   1361   1355   1364   1357   1183   1150   1171   1126   1185   1154   1130   1162   1164   1155   1128   1140   1143   1186   1157   1157   1173   1169   1151   1182   1213   1164   1197   1157   1177    772    770    800    763    731    765    759    765    764    757    802    736    777    749    740    786    774    769    650    661    690    610    609    594    654    648    652    647    628    631    611    615    683    634    659    660  
 1065   1069   1031   1064    591    618     37     36     38     53     38      0     56     74     36     73     36     33     40     59     23     61     63     49     65     55     12     56     45     15    494    485    524    487    905    857    880    843    886    859    856    867    870    872    842    866    871    829   1341   1383   1369   1374   1328   1386   1363   1398   1356   1350   1359   1351   1176   1143   1165   1121   1180   1149   1124   1156   1158   1148   1123   1134   1138   1181   1151   1151   1167   1162   1146   1176   1207   1158   1191   1151   1171    777    777    807    769    736    774    767    772    771    763    811    745    784    758    749    794    780    775    660    670    702    622    618    606    667    656    662    658    640    640    621    625    693    642    669    672  
 1017   1022    983   1015    559    586     56     62     65    104     32     56      0     63     21     86     56     52     92     43     35     32     82     42     85     24     67     72     82     69    476    467    508    469    917    868    893    851    898    871    868    878    879    883    853    875    882    841   1318   1361   1345   1351   1305   1364   1341   1374   1333   1327   1336   1329   1155   1122   1143   1098   1158   1126   1103   1134   1136   1127   1100   1112   1115   1157   1130   1130   1145   1141   1123   1154   1185   1136   1170   1130   1149    741    738    769    731    700    734    728    733    733    725    770    705    745    718    708    755    743    738    619    629    658    578    578    563    622    616    621    615    596    599    579    584    651    602    627    628  
 1061   1069   1027   1059    618    645     40     45     46     91     43     74     63      0     64     34     41     43     86     21     69     31     39     27     43     39     77     33     59     77    539    529    571    531    973    925    948    908    954    927    924    934    936    939    910    932    938    897   1380   1423   1406   1413   1366   1426   1402   1435   1394   1389   1397   1390   1217   1183   1204   1160   1219   1187   1164   1195   1197   1189   1161   1173   1176   1218   1191   1192   1207   1203   1185   1216   1247   1198   1231   1191   1211    797    793    824    787    756    787    782    788    788    781    824    758    800    771    762    810    799    793    672    682    709    628    631    614    671    670    673    667    646    652    632    637    704    657    679    679  
 1033   1038    999   1031    568    595     44     48     52     85     23     36     21     64      0     79     43     40     74     44     14     38     73     38     76     30     47     63     67     50    480    470    511    473    910    861    885    845    891    864    861    871    873    876    846    869    875    834   1324   1367   1351   1357   1311   1370   1346   1380   1339   1333   1342   1334   1160   1127   1148   1104   1163   1132   1108   1140   1141   1132   1106   1117   1121   1163   1135   1135   1150   1146   1129   1159   1191   1142   1175   1135   1154    752    750    781    743    711    746    740    745    745    737    783    717    758    731    721    767    754    749    632    642    672    592    590    576    637    629    634    629    610    612    593    597    664    615    640    642  
 1094   1101   1059   1091    644    671     38     38     36     68     56     73     86     34     79      0     39     43     67     45     78     58     12     44     14     63     70     18     38     69    558    549    589    551    978    930    952    916    958    931    929    940    943    945    915    938    944    902   1402   1445   1429   1435   1389   1448   1424   1458   1417   1411   1420   1412   1239   1205   1226   1182   1241   1210   1186   1218   1219   1211   1184   1196   1199   1241   1213   1213   1229   1225   1207   1238   1269   1220   1253   1213   1233    825    822    853    816    784    817    812    817    817    810    854    788    829    801    792    839    827    822    702    712    740    659    661    645    703    699    703    698    677    682    662    667    734    686    709    710  
 1072   1077   1038   1070    611    638      2      7     10     55     24     36     56     41     43     39      0      4     47     32     40     41     31     22     34     39     36     22     28     36    521    512    552    514    940    892    915    877    921    894    891    902    905    907    877    900    906    864   1366   1409   1394   1399   1353   1412   1388   1422   1381   1375   1384   1376   1202   1169   1190   1146   1205   1174   1150   1182   1183   1174   1148   1159   1163   1206   1177   1177   1192   1188   1171   1201   1232   1183   1217   1177   1196    794    792    823    785    753    788    782    787    787    779    825    759    800    772    763    809    797    792    673    684    713    633    632    618    677    671    675    670    651    654    634    638    706    657    682    683  
 1069   1074   1035   1067    607    634      5     10     13     57     21     33     52     43     40     43      4      0     48     31     36     39     35     21     37     37     34     26     30     34    517    508    548    510    937    889    912    874    918    891    888    899    902    904    874    897    903    861   1362   1405   1390   1395   1350   1408   1385   1419   1377   1371   1381   1373   1199   1165   1187   1142   1201   1170   1146   1178   1180   1171   1144   1156   1159   1202   1173   1173   1189   1185   1167   1198   1229   1180   1213   1173   1193    791    789    820    782    750    785    779    784    784    776    822    756    796    769    760    806    793    788    670    680    710    630    629    614    674    667    672    667    648    650    631    635    703    653    678    680  
 1105   1109   1071   1103    628    655     48     42     40     13     65     40     92     86     74     67     47     48      0     78     62     86     56     69     55     83     29     56     30     25    527    518    555    521    921    874    895    861    902    875    872    884    888    890    858    883    888    845   1375   1416   1403   1407   1362   1419   1397   1432   1390   1384   1393   1384   1209   1177   1198   1154   1213   1183   1157   1190   1192   1182   1157   1168   1172   1215   1185   1184   1200   1196   1180   1209   1240   1191   1224   1185   1204    816    816    846    808    775    813    806    811    810    802    850    784    823    798    788    833    818    814    699    710    741    662    657    645    707    696    702    698    680    679    660    664    732    681    708    711  
 1050   1057   1016   1048    601    627     31     37     40     86     24     59     43     21     44     45     32     31     78      0     50     13     45     10     49     19     63     35     56     64    519    509    551    511    953    905    929    888    934    907    904    914    916    919    890    912    918    877   1361   1404   1387   1394   1348   1407   1383   1416   1376   1370   1379   1371   1198   1164   1185   1141   1200   1168   1145   1176   1178   1170   1142   1154   1157   1200   1172   1172   1188   1184   1166   1197   1228   1179   1212   1172   1192    781    777    808    771    740    772    767    772    772    765    809    743    784    756    747    794    783    777    657    667    695    615    616    600    658    655    659    653    633    637    618    622    689    641    665    665  
 1043   1048   1009   1042    574    600     41     44     47     75     27     23     35     69     14     78     40     36     62     50      0     48     71     43     73     40     34     62     60     38    481    472    512    474    904    856    880    841    885    858    856    866    868    871    841    864    870    829   1327   1369   1355   1360   1314   1372   1349   1384   1342   1336   1345   1337   1163   1130   1151   1107   1166   1135   1110   1143   1144   1135   1109   1120   1124   1167   1138   1137   1153   1149   1132   1162   1193   1144   1178   1138   1157    759    758    788    750    718    754    748    753    752    744    791    725    765    738    729    774    761    756    640    650    681    601    598    585    646    637    642    638    619    620    601    605    673    623    649    651  
 1037   1044   1003   1035    588    615     40     47     49     95     24     61     32     31     38     58     41     39     86     13     48      0     58     19     62      9     68     48     67     69    508    498    540    500    947    898    923    881    928    901    898    908    909    913    883    906    912    871   1349   1392   1376   1382   1336   1395   1371   1404   1364   1358   1367   1360   1187   1153   1174   1129   1189   1157   1134   1165   1167   1158   1131   1143   1146   1188   1161   1161   1176   1172   1154   1185   1216   1167   1201   1161   1180    768    765    795    758    727    759    754    760    759    752    796    730    772    743    734    782    770    764    644    654    682    602    603    587    645    642    646    640    620    624    605    609    676    629    652    652  
 1095   1101   1060   1093    640    667     30     28     26     57     51     63     82     39     73     12     31     35     56     45     71     58      0     41      4     61     59     11     26     57    552    542    582    544    967    919    942    905    948    921    918    930    933    935    904    928    933    892   1396   1439   1424   1429   1384   1442   1419   1453   1411   1406   1415   1407   1233   1200   1221   1176   1236   1204   1180   1212   1214   1205   1178   1190   1193   1236   1207   1207   1223   1219   1202   1232   1263   1214   1247   1207   1227    823    820    850    813    782    815    809    815    815    807    852    786    827    799    790    837    825    819    700    710    739    658    659    643    702    698    702    696    677    680    661    665    732    684    708    709  
 1055   1061   1020   1053    601    628     22     28     31     77     16     49     42     27     38     44     22     21     69     10     43     19     41      0     45     21     54     31     48     54    517    507    548    509    946    898    922    882    927    900    898    908    910    913    883    906    912    871   1360   1403   1387   1393   1347   1406   1382   1415   1375   1369   1378   1370   1196   1163   1184   1140   1199   1167   1144   1175   1177   1168   1141   1153   1156   1199   1171   1171   1186   1182   1165   1195   1226   1177   1211   1171   1190    783    779    810    773    741    774    769    774    774    767    811    746    787    759    749    796    785    779    660    670    699    618    619    603    662    657    661    656    636    640    620    625    692    644    667    669  
 1098   1105   1064   1096    643    670     32     30     27     55     54     65     85     43     76     14     34     37     55     49     73     62      4     45      0     65     60     14     26     58    554    545    585    547    968    920    943    907    949    922    919    931    934    936    905    929    934    892   1399   1442   1427   1432   1386   1445   1421   1455   1414   1408   1417   1409   1235   1202   1223   1179   1238   1207   1183   1215   1216   1207   1181   1192   1196   1239   1210   1210   1225   1221   1204   1234   1266   1217   1250   1210   1229    826    823    854    816    785    818    813    818    818    810    855    789    830    803    793    840    828    822    703    714    743    662    662    647    706    701    705    700    680    684    664    669    736    687    711    713  
 1035   1041   1000   1032    582    609     39     46     49     93     19     55     24     39     30     63     39     37     83     19     40      9     61     21     65      0     63     51     66     64    500    490    532    493    938    889    914    872    919    892    889    899    900    904    874    897    903    862   1342   1385   1369   1375   1329   1388   1364   1397   1357   1351   1360   1352   1179   1146   1167   1122   1181   1150   1127   1158   1159   1151   1124   1136   1139   1181   1154   1154   1169   1165   1147   1178   1209   1160   1194   1153   1173    763    760    790    753    722    754    749    755    754    747    791    726    767    739    729    777    765    759    640    650    678    598    599    583    641    637    641    636    616    620    600    605    672    624    647    648  
 1076   1081   1043   1075    601    628     38     34     35     42     44     12     67     77     47     70     36     34     29     63     34     68     59     54     60     63      0     54     38      4    502    494    532    496    908    861    883    847    889    862    860    871    874    876    846    870    875    833   1350   1392   1378   1383   1337   1395   1372   1407   1365   1359   1368   1360   1185   1152   1174   1130   1189   1158   1132   1166   1167   1158   1132   1143   1147   1190   1160   1160   1176   1171   1155   1185   1216   1167   1200   1160   1180    788    788    818    780    747    785    778    783    782    774    822    756    795    769    760    804    790    786    671    681    713    633    629    617    679    667    673    669    651    651    632    636    704    653    680    683  
 1085   1091   1050   1082    630    657     21     21     19     59     41     56     72     33     63     18     22     26     56     35     62     48     11     31     14     51     54      0     27     53    542    533    573    535    961    913    936    899    942    915    912    923    926    928    898    922    927    885   1387   1429   1414   1420   1374   1432   1409   1443   1402   1396   1405   1397   1223   1190   1211   1167   1226   1194   1170   1202   1204   1195   1169   1180   1183   1226   1198   1198   1213   1209   1192   1222   1253   1204   1238   1197   1217    812    809    840    803    771    805    799    804    804    797    841    776    816    789    779    826    814    809    690    700    729    648    649    633    692    687    691    686    666    670    650    655    722    674    698    699  
 1098   1104   1064   1096    633    660     28     21     18     32     51     45     82     59     67     38     28     30     30     56     60     67     26     48     26     66     38     27      0     35    539    530    568    532    945    897    919    884    926    899    896    908    911    913    882    907    911    869   1385   1427   1413   1418   1373   1430   1408   1442   1400   1394   1404   1395   1221   1188   1209   1165   1224   1193   1168   1201   1202   1193   1168   1178   1182   1225   1196   1195   1211   1207   1190   1220   1251   1202   1236   1196   1215    818    817    847    809    777    813    807    812    811    803    850    784    824    797    788    834    821    816    698    709    739    659    657    643    703    695    700    696    677    679    659    663    731    681    707    709  
 1080   1084   1046   1078    605    631     37     33     34     38     46     15     69     77     50     69     36     34     25     64     38     69     57     54     58     64      4     53     35      0    506    497    535    499    911    863    885    849    891    864    862    873    877    879    848    872    877    835   1353   1395   1382   1386   1341   1398   1376   1411   1368   1362   1372   1363   1188   1156   1177   1133   1192   1161   1136   1169   1170   1161   1136   1146   1150   1194   1164   1163   1179   1175   1158   1188   1219   1170   1203   1164   1183    792    791    822    783    751    789    782    787    786    777    826    760    799    773    763    808    794    790    674    685    717    637    632    621    682    671    677    673    655    655    636    639    707    657    684    686  
  746    733    722    754    176    193    522    525    528    538    502    494    476    539    480    558    521    517    527    519    481    508    552    517    554    500    502    542    539    506      0     14     38     13    550    502    539    465    535    513    506    504    493    507    492    497    510    485    849    890    879    882    837    893    872    908    864    858    868    859    683    651    672    629    688    657    631    665    666    656    632    642    647    691    659    658    674    670    654    684    714    666    698    659    679    363    384    409    366    331    400    383    382    376    362    432    374    393    386    375    396    367    374    318    328    379    334    284    314    381    309    328    337    347    308    299    294    351    291    338    356  
  742    729    717    749    171    190    513    515    518    530    493    485    467    529    470    549    512    508    518    509    472    498    542    507    545    490    494    533    530    497     14      0     51      3    563    515    552    478    548    526    519    517    506    520    505    510    523    497    857    899    886    890    845    902    880    916    872    866    876    867    692    659    681    637    696    665    639    673    674    664    640    650    655    698    667    666    683    678    662    692    723    674    707    667    687    362    381    407    364    329    396    380    379    374    360    429    370    390    383    371    394    366    372    312    322    372    326    277    305    373    303    322    330    339    301    292    287    345    285    331    349  
  755    740    732    763    188    201    553    555    558    567    534    524    508    571    511    589    552    548    555    551    512    540    582    548    585    532    532    573    568    535     38     51      0     50    516    468    506    429    501    479    472    469    458    472    458    462    475    451    823    863    854    855    811    866    846    883    838    832    842    832    656    625    646    603    662    632    604    639    640    629    607    616    622    666    632    631    648    642    629    657    688    639    671    633    652    365    389    412    370    335    407    389    388    381    367    438    383    398    395    384    399    369    378    334    344    394    356    303    336    401    324    345    355    367    325    319    313    366    307    354    374  
  740    727    715    747    169    188    515    518    521    532    495    487    469    531    473    551    514    510    521    511    474    500    544    509    547    493    496    535    532    499     13      3     50      0    563    515    552    478    548    526    519    517    506    520    505    510    523    497    855    896    884    887    842    899    877    913    870    864    874    864    689    657    678    634    693    663    637    671    672    662    638    648    652    696    665    664    680    676    660    689    720    671    704    665    684    359    379    404    362    326    394    377    377    371    358    427    367    388    380    369    391    363    370    310    320    370    324    275    303    371    300    320    328    337    299    290    285    343    283    329    347  
 1143   1113   1131   1157    665    663    941    940    942    928    931    905    917    973    910    978    940    937    921    953    904    947    967    946    968    938    908    961    945    911    550    563    516    563      0     50     35     90     20     47     49     47     66     45     64     56     41     76    798    813    843    821    797    816    821    870    812    805    821    798    656    649    666    646    680    673    625    675    670    649    662    648    669    707    653    639    663    651    666    673    689    658    672    656    669    757    796    804    774    750    826    805    798    788    774    842    813    803    820    812    797    761    780    802    808    856    844    784    827    879    791    814    828    851    801    802    793    824    778    822    845  
 1109   1081   1096   1123    621    619    893    893    895    881    883    857    868    925    861    930    892    889    874    905    856    898    919    898    920    889    861    913    897    863    502    515    468    515     50      0     43     52     33     20     10     17     44     23     17     27     17     31    798    816    843    823    796    819    821    871    812    806    821    799    650    640    658    636    673    664    616    666    662    641    651    639    659    699    645    632    656    644    657    666    684    651    667    648    662    719    757    767    735    710    788    766    759    750    735    805    773    765    781    772    759    723    742    759    766    814    800    740    782    836    748    771    785    807    757    758    749    782    735    779    802  
 1151   1122   1138   1165    661    660    916    915    917    902    906    880    893    948    885    952    915    912    895    929    880    923    942    922    943    914    883    936    919    885    539    552    506    552     35     43      0     94     21     27     35     51     79     53     48     63     45     56    826    842    871    850    825    845    849    899    840    833    849    827    682    673    691    670    705    697    650    699    695    673    685    672    692    732    678    664    688    676    690    698    715    683    698    681    695    761    800    809    777    752    830    808    801    792    777    847    815    807    823    814    801    765    784    800    807    855    841    781    823    877    790    812    827    848    799    799    790    823    776    821    844  
 1058   1029   1045   1072    576    573    879    878    880    870    867    843    851    908    845    916    877    874    861    888    841    881    905    882    907    872    847    899    884    849    465    478    429    478     90     52     94      0     80     71     61     45     29     46     55     34     51     63    757    776    801    782    754    780    780    829    771    765    780    759    606    594    613    589    628    617    570    620    616    595    604    593    612    653    600    587    610    599    611    621    640    605    623    603    617    669    708    717    686    661    738    716    710    700    686    755    724    715    732    723    709    673    692    713    719    766    755    695    738    790    702    724    739    761    711    712    704    734    689    733    756  
 1136   1108   1124   1151    653    651    922    921    923    909    912    886    898    954    891    958    921    918    902    934    885    928    948    927    949    919    889    942    926    891    535    548    501    548     20     33     21     80      0     28     31     36     61     36     46     47     29     57    806    821    851    829    804    825    829    878    820    813    829    806    662    653    671    650    685    677    630    679    675    653    666    652    673    712    658    644    668    656    671    678    695    663    678    661    675    748    787    796    765    741    817    796    789    780    765    834    803    795    811    802    789    753    771    791    797    845    832    772    815    868    780    803    817    839    789    790    781    813    767    811    834  
 1127   1099   1114   1141    635    634    895    894    896    882    885    859    871    927    864    931    894    891    875    907    858    901    921    900    922    892    862    915    899    864    513    526    479    526     47     20     27     71     28      0     10     34     62     39     22     45     30     31    816    833    861    840    814    836    839    888    830    823    839    817    669    659    677    654    691    682    635    685    680    659    670    658    677    717    664    650    674    662    676    684    702    669    685    667    681    736    774    784    752    727    804    783    776    767    752    822    789    782    798    788    776    740    759    774    781    829    814    755    797    851    764    786    800    821    772    772    764    797    750    794    817  
 1117   1089   1104   1131    627    625    893    892    894    880    882    856    868    924    861    929    891    888    872    904    856    898    918    898    919    889    860    912    896    862    506    519    472    519     49     10     35     61     31     10      0     26     53     31     15     37     24     28    808    825    853    832    806    829    831    880    822    815    831    809    660    650    668    645    683    673    626    676    672    650    661    649    668    708    655    641    665    654    667    676    694    660    676    658    672    727    765    775    743    718    795    773    767    758    743    813    780    773    788    779    767    731    750    766    772    820    806    747    788    843    755    778    792    813    764    764    755    789    741    786    809  
 1101   1073   1089   1115    619    617    903    903    905    892    892    867    878    934    871    940    902    899    884    914    866    908    930    908    931    899    871    923    908    873    504    517    469    517     47     17     51     45     36     34     26      0     29      7     32     12      7     46    783    800    827    807    780    803    805    855    796    790    806    784    635    625    644    621    658    649    602    651    647    626    637    624    644    684    630    617    641    629    643    651    669    636    652    634    648    713    752    761    730    705    782    761    754    744    730    799    768    759    776    767    753    717    736    756    762    810    798    738    781    834    745    768    783    805    755    756    747    778    732    776    799  
 1077   1048   1065   1092    602    599    906    906    908    897    894    870    879    936    873    943    905    902    888    916    868    909    933    910    934    900    874    926    911    877    493    506    458    506     66     44     79     29     61     62     53     29      0     26     55     17     34     68    755    773    800    779    753    776    778    827    769    762    778    756    607    597    615    593    630    621    574    623    619    598    609    596    616    656    602    589    613    601    614    623    641    608    624    605    619    691    730    738    708    684    761    739    732    723    708    777    747    737    755    746    731    695    714    738    744    791    781    721    764    815    727    749    764    787    737    738    729    759    714    757    781  
 1101   1072   1089   1115    621    618    909    908    910    897    897    872    883    939    876    945    907    904    890    919    871    913    935    913    936    904    876    928    913    879    507    520    472    520     45     23     53     46     36     39     31      7     26      0     38     12      9     52    778    795    823    802    776    798    801    850    792    785    801    779    631    622    640    618    654    646    598    648    643    622    633    621    641    680    627    613    637    625    639    647    665    632    648    630    644    713    752    761    730    706    783    761    754    745    730    799    769    760    777    768    754    718    736    758    764    811    800    740    783    835    747    769    784    806    756    757    748    779    734    778    801  
 1107   1080   1094   1121    614    613    878    877    879    866    868    842    853    910    846    915    877    874    858    890    841    883    904    883    905    874    846    898    882    848    492    505    458    505     64     17     48     55     46     22     15     32     55     38      0     39     33     15    809    827    853    833    806    830    832    881    823    816    832    810    659    648    667    643    681    671    624    674    670    649    658    647    666    707    653    640    664    652    665    674    693    659    676    656    671    716    754    764    732    707    784    762    756    747    732    802    769    762    777    768    756    720    739    753    760    808    793    734    775    830    743    765    779    800    751    751    742    776    729    773    796  
 1090   1061   1078   1104    610    607    902    901    903    891    890    866    875    932    869    938    900    897    883    912    864    906    928    906    929    897    870    922    907    872    497    510    462    510     56     27     63     34     47     45     37     12     17     12     39      0     18     52    772    789    816    796    770    793    795    844    786    779    795    773    624    614    632    610    647    638    590    640    636    615    625    613    633    673    619    605    629    618    631    640    658    624    640    622    636    702    741    750    719    695    772    750    743    734    719    788    758    749    765    757    742    707    725    746    753    800    789    729    772    824    736    758    773    795    745    746    737    768    723    766    790  
 1108   1079   1095   1122    625    623    907    906    908    895    896    871    882    938    875    944    906    903    888    918    870    912    933    912    934    903    875    927    911    877    510    523    475    523     41     17     45     51     29     30     24      7     34      9     33     18      0     47    786    803    831    810    784    807    809    859    800    794    809    787    640    630    648    626    662    654    607    656    652    631    642    629    649    689    635    621    645    633    647    655    673    640    656    638    652    720    758    767    736    712    789    767    760    751    736    805    775    766    782    774    760    724    742    762    769    817    804    745    787    840    752    774    789    811    761    762    753    785    739    783    806  
