167

    0      7    887    874    893    885    860    923    858    866    883     65     84     69     45     13     20     40     44     68     33     77     77    300    299    298    316    324    280    308    413    473    513    464    456    450    445    432    501    465    479    456    432    468    798    829    801    794    830    787    770    795    793    827    797    817    392    427    451    416    448    423    469    473    438    415    396    445    431    415    860    821    844    881    843    833    890    854    861    872    909    817     85     99    118     83     53     97    599    541    576    570    634    628    642    568    608    597    614    647    630    627    569    507    504    496    492    689    697    726    698    717    713    687    674    730    704    671    742    769    805    779    782    791    780    774    800    756    780    781    800    749    780    517    500    540    485    531    547    564    478    470    520    526    522    561    512    513    525    538    536    165    229    141    225    138    161    145    218    149    190    216    218    545    563    550    562  
    7      0    891    878    897    889    864    927    862    870    887     59     80     64     39     16     16     37     38     62     32     70     71    303    302    300    319    325    282    311    419    479    519    470    462    456    451    438    507    471    485    461    438    474    804    835    807    800    836    794    776    801    800    833    803    823    388    423    448    413    445    420    466    470    435    411    393    442    429    412    855    817    840    877    839    829    886    850    857    868    905    813     83     98    116     78     52     95    602    545    580    564    628    622    636    561    602    591    608    640    624    621    563    501    498    490    486    686    695    724    696    715    710    684    671    728    701    668    740    766    801    775    778    787    776    770    796    752    776    777    797    745    777    513    495    536    480    527    543    560    474    466    524    530    526    565    516    517    529    541    540    169    233    145    228    144    166    150    222    154    193    221    223    551    569    556    568  
  887    891      0     22     33      8     27     37     39     48     12    948    879    887    919    894    884    872    900    944    916    948    919    602    600    599    584    596    619    583    831    847    876    855    822    815    839    820    851    842    868    879    841    874    635    680    638    631    668    642    601    636    626    673    637    627   1277   1312   1336   1300   1330   1309   1352   1357   1323   1301   1282   1328   1311   1296   1745   1706   1730   1766   1729   1719   1775   1739   1747   1757   1795   1703    848    826    825    893    855    846   1246   1164   1200   1391   1452   1426   1429   1373   1427   1417   1415   1450   1441   1427   1373   1189   1191   1201   1175    848    823    808    794    838    843    812    836    801    820    814    853   1656   1691   1664   1668   1677   1666   1660   1686   1642   1667   1667   1687   1635   1666   1400   1379   1421   1365   1413   1430   1448   1360   1354   1163   1156   1136   1164   1137   1132   1118   1171   1113    936    952    914    970    889    893    918    955    913    959    906    928    855    846    843    829  
  874    878     22      0     25     28     25     52     46     61     30    934    865    873    906    881    870    858    887    931    904    934    905    587    586    585    569    580    605    569    827    845    875    853    820    812    837    817    850    841    866    877    838    872    644    690    647    640    678    651    609    644    635    682    646    637   1265   1300   1324   1288   1318   1296   1340   1345   1311   1288   1269   1316   1299   1284   1731   1693   1716   1753   1716   1705   1762   1726   1733   1744   1782   1690    834    811    810    878    842    831   1242   1160   1196   1374   1435   1409   1412   1356   1410   1400   1398   1432   1424   1410   1356   1170   1172   1182   1157    826    801    787    772    816    822    790    815    779    799    793    831   1643   1677   1651   1655   1664   1653   1647   1673   1629   1653   1653   1674   1622   1653   1387   1365   1407   1351   1399   1416   1434   1346   1341   1158   1152   1132   1160   1133   1128   1115   1167   1110    927    943    904    961    879    883    908    947    903    950    898    920    855    847    843    830  
  893    897     33     25      0     40     49     42     67     80     44    954    883    892    925    901    890    877    906    950    923    953    923    605    604    603    587    597    623    588    851    869    899    877    844    836    861    841    874    865    890    901    862    896    666    711    668    662    699    673    631    666    657    704    668    658   1285   1320   1344   1308   1339   1316   1360   1365   1331   1308   1289   1336   1320   1304   1751   1712   1736   1772   1735   1725   1781   1745   1753   1763   1802   1709    852    830    828    897    861    849   1266   1184   1220   1390   1451   1424   1426   1371   1425   1416   1413   1447   1440   1425   1371   1183   1185   1196   1169    830    804    788    774    818    824    793    818    781    801    796    833   1662   1697   1670   1674   1684   1673   1667   1692   1648   1673   1673   1693   1642   1673   1406   1384   1425   1370   1418   1435   1453   1365   1360   1182   1175   1156   1184   1157   1151   1139   1191   1134    948    966    925    984    901    905    930    969    925    972    920    942    879    871    867    854  
  885    889      8     28     40      0     26     40     33     41      4    946    879    886    918    892    882    870    899    943    915    947    918    602    600    599    583    596    619    582    826    842    871    850    817    810    834    815    846    837    863    875    836    870    628    673    631    624    661    635    594    629    619    666    630    620   1275   1310   1334   1298   1329   1307   1350   1355   1322   1299   1281   1326   1309   1294   1744   1705   1728   1765   1728   1717   1774   1738   1746   1756   1794   1702    847    825    825    892    854    845   1241   1159   1195   1391   1453   1427   1430   1374   1427   1418   1416   1450   1442   1428   1374   1190   1192   1202   1177    852    827    813    798    842    848    816    840    806    825    818    857   1654   1689   1663   1666   1675   1665   1659   1684   1640   1665   1665   1685   1634   1664   1399   1378   1420   1364   1412   1429   1446   1359   1353   1158   1151   1132   1159   1133   1127   1114   1166   1108    934    949    911    967    887    890    916    952    910    956    903    925    850    840    837    824  
  860    864     27     25     49     26      0     64     22     40     25    921    853    861    893    867    857    845    874    918    890    922    893    577    574    573    558    571    593    557    805    822    852    831    797    790    814    795    827    818    844    855    816    850    619    665    622    615    653    626    584    620    610    658    622    612   1250   1285   1309   1273   1304   1282   1326   1330   1297   1274   1256   1301   1284   1269   1718   1680   1703   1740   1703   1692   1749   1713   1720   1731   1769   1676    822    800    799    867    829    819   1220   1139   1175   1366   1427   1402   1405   1349   1402   1392   1391   1425   1417   1402   1349   1166   1167   1178   1152    833    808    794    779    823    829    797    820    787    806    799    839   1629   1664   1638   1641   1650   1640   1634   1659   1615   1640   1640   1660   1609   1639   1374   1353   1395   1339   1387   1404   1421   1334   1328   1137   1130   1111   1138   1112   1106   1093   1146   1088    909    925    887    943    863    866    891    929    886    932    880    901    832    823    819    806  
  923    927     37     52     42     40     64      0     73     75     43    984    916    924    956    931    920    908    937    981    953    985    955    638    636    635    620    631    655    619    865    880    909    889    856    849    873    854    884    876    902    913    875    908    657    702    660    653    689    665    624    658    648    694    660    648   1314   1349   1373   1337   1367   1346   1389   1394   1360   1338   1319   1365   1348   1333   1781   1743   1766   1803   1766   1755   1812   1776   1783   1794   1832   1740    884    862    861    929    892    882   1281   1199   1235   1426   1487   1460   1463   1408   1461   1452   1450   1484   1476   1461   1408   1221   1223   1234   1208    871    845    829    815    859    865    834    859    821    842    837    873   1692   1727   1701   1704   1714   1703   1697   1722   1679   1703   1703   1723   1672   1703   1437   1416   1457   1401   1450   1466   1484   1397   1391   1198   1191   1171   1198   1172   1166   1153   1206   1147    973    988    951   1007    926    929    955    992    950    996    943    965    887    878    875    861  
  858    862     39     46     67     33     22     73      0     19     30    919    853    860    891    865    855    844    873    916    887    920    892    577    575    573    559    573    594    556    793    809    838    817    784    777    801    782    813    805    830    842    803    837    599    645    602    595    633    606    564    600    590    637    601    592   1248   1282   1306   1270   1300   1280   1322   1327   1294   1272   1253   1298   1280   1265   1717   1678   1701   1738   1701   1690   1747   1711   1718   1729   1767   1674    821    799    800    866    828    819   1209   1127   1163   1369   1430   1406   1409   1352   1405   1395   1395   1429   1420   1406   1352   1172   1174   1183   1158    847    823    810    794    838    843    811    835    803    820    813    854   1627   1662   1636   1639   1647   1637   1631   1657   1613   1637   1638   1657   1606   1636   1373   1352   1394   1338   1386   1402   1420   1333   1326   1126   1119   1099   1126   1100   1094   1081   1134   1075    903    918    881    936    857    860    886    921    880    926    872    894    817    808    804    791  
  866    870     48     61     80     41     40     75     19      0     37    928    863    870    900    872    864    852    881    925    895    929    901    588    585    583    569    585    604    565    792    806    834    815    782    775    799    781    810    802    827    840    801    834    587    633    590    583    620    595    553    588    578    625    590    579   1255   1290   1313   1277   1307   1287   1329   1334   1301   1279   1260   1305   1287   1272   1725   1686   1709   1746   1709   1698   1755   1719   1726   1737   1774   1682    831    809    810    876    837    829   1208   1126   1161   1380   1442   1418   1422   1364   1417   1407   1407   1441   1432   1418   1364   1186   1187   1197   1172    865    841    828    812    856    862    829    853    821    839    831    873   1634   1670   1644   1647   1655   1644   1639   1664   1621   1645   1646   1665   1614   1644   1381   1361   1403   1347   1394   1411   1428   1342   1335   1125   1118   1098   1125   1099   1094   1080   1133   1074    908    921    886    940    862    864    891    925    885    930    875    898    812    803    800    786  
  883    887     12     30     44      4     25     43     30     37      0    944    877    885    916    890    880    869    898    941    913    945    916    600    598    597    582    595    617    580    823    838    867    847    814    806    831    812    842    834    860    871    833    866    624    669    627    620    657    632    590    625    615    662    626    616   1273   1308   1332   1296   1326   1305   1348   1353   1320   1297   1279   1324   1307   1292   1742   1703   1726   1763   1726   1715   1772   1736   1744   1754   1792   1700    846    823    823    890    852    843   1238   1156   1192   1390   1452   1426   1429   1373   1426   1416   1415   1449   1441   1427   1373   1190   1191   1202   1176    853    828    814    799    843    849    817    841    807    826    820    859   1652   1687   1661   1664   1673   1663   1657   1682   1639   1663   1663   1683   1632   1662   1398   1377   1418   1363   1410   1427   1445   1358   1351   1155   1148   1128   1156   1130   1124   1110   1163   1105    931    946    909    964    884    887    913    950    908    954    900    922    846    837    834    820  
   65     59    948    934    954    946    921    984    919    928    944      0     96     79     31     62     65     79     53     17     46     26     59    355    355    354    372    375    335    367    456    516    554    505    501    495    488    477    544    508    519    495    475    508    857    886    860    852    887    845    829    853    852    884    856    875    334    369    393    360    393    364    413    416    380    355    337    389    378    361    798    759    783    819    782    772    828    793    800    810    848    756    116    137    149     86     96    125    597    547    580    509    573    569    584    508    547    535    555    587    570    568    510    466    463    452    451    700    712    743    715    730    725    702    686    747    718    685    755    709    743    717    721    731    720    714    739    695    720    720    740    688    721    454    436    477    422    468    484    501    415    408    524    531    530    569    519    521    537    542    549    183    247    166    237    173    194    169    235    175    202    246    242    589    607    594    608  
   84     80    879    865    883    879    853    916    853    863    877     96      0     18     68     95     64     47     48     83    104     81     43    279    280    281    297    293    261    298    487    548    589    540    529    522    520    505    576    540    555    533    507    545    850    884    853    846    883    840    820    847    845    881    849    867    417    452    477    446    479    446    498    501    464    435    419    474    466    449    869    830    856    891    856    845    900    864    872    883    922    831     33     54     58     14     47     35    679    624    658    537    600    588    599    529    574    563    575    608    594    587    530    438    436    431    423    610    620    650    623    640    635    610    596    655    627    594    664    784    817    789    796    809    798    790    814    770    795    794    816    764    800    524    501    543    487    536    553    571    483    479    602    608    605    644    594    596    608    620    619    248    312    224    307    221    243    229    301    232    272    299    301    620    636    623    634  
   69     64    887    873    892    886    861    924    860    870    885     79     18      0     51     80     50     36     31     68     87     67     32    288    289    289    306    304    269    305    476    537    578    528    519    512    509    495    565    529    543    521    496    533    846    878    849    841    878    835    815    842    840    876    845    863    405    440    464    433    466    434    485    488    451    423    407    461    453    435    860    821    847    882    846    835    891    854    863    873    912    821     41     63     71     16     41     47    663    607    642    536    599    589    600    529    573    562    575    608    594    588    530    447    444    438    432    627    637    668    640    657    652    627    613    672    644    611    681    774    807    779    785    798    787    780    804    760    785    784    806    753    789    515    493    534    479    527    544    562    474    470    586    592    588    627    578    580    593    603    603    232    297    209    291    206    229    213    286    217    256    284    286    609    625    612    624  
   45     39    919    906    925    918    893    956    891    900    916     31     68     51      0     49     38     49     23     25     45     32     40    325    326    325    342    345    306    338    454    514    553    504    498    491    486    473    542    506    519    495    473    508    843    874    846    839    874    832    815    840    838    871    842    861    363    399    423    390    423    394    443    446    410    384    367    419    408    391    826    787    811    847    811    800    856    821    828    839    877    785     86    106    119     60     66     95    616    563    597    526    590    584    597    523    564    552    569    602    586    583    525    466    463    454    451    677    687    718    690    706    701    677    662    722    694    661    731    738    772    745    749    761    749    743    768    724    748    748    769    717    750    482    463    504    448    495    512    529    442    435    541    548    545    584    534    536    550    559    562    192    257    171    249    174    196    175    245    180    214    250    249    586    604    591    604  
   13     16    894    881    901    892    867    931    865    872    890     62     95     80     49      0     32     52     53     68     23     78     84    310    309    307    326    334    289    317    406    466    506    456    450    443    438    425    494    458    471    448    425    460    796    826    799    792    827    785    768    793    792    824    795    815    384    419    443    408    440    416    461    465    430    408    389    436    422    406    853    815    837    874    837    826    883    848    855    865    903    810     98    112    130     94     65    110    586    529    564    571    634    629    644    569    609    597    615    648    631    628    571    514    511    502    499    701    710    739    711    730    725    699    687    743    716    684    755    762    798    773    775    784    773    767    792    749    773    774    793    742    773    511    495    535    480    526    542    558    473    464    508    514    510    549    500    501    514    525    524    153    218    129    213    129    151    134    207    138    177    206    207    538    556    543    556  
   20     16    884    870    890    882    857    920    855    864    880     65     64     50     38     32      0     21     28     63     46     70     61    292    292    291    309    314    272    303    429    490    530    481    473    466    462    448    518    482    496    473    449    486    809    841    812    805    841    799    780    806    804    838    808    827    397    432    456    422    455    428    475    479    444    419    401    451    439    422    862    823    847    883    846    836    892    857    864    874    912    820     67     83    101     64     37     79    617    560    596    562    626    619    632    558    600    589    605    638    622    618    560    491    488    481    476    670    679    708    680    699    694    669    656    712    685    653    724    773    808    781    785    795    784    778    803    759    784    784    804    753    785    518    500    540    485    532    548    565    479    472    539    545    541    580    531    532    545    557    555    184    248    160    244    157    179    165    238    168    209    235    237    562    579    566    578  
   40     37    872    858    877    870    845    908    844    852    869     79     47     36     49     52     21      0     30     73     67     77     57    277    277    277    294    297    257    290    441    502    543    493    484    477    474    460    530    494    509    487    461    499    813    845    816    808    845    802    783    809    807    842    812    830    412    447    471    438    471    442    491    494    459    433    415    467    456    439    874    835    859    895    859    848    905    869    876    887    925    833     46     62     80     51     18     58    638    580    615    564    627    618    631    558    602    590    605    638    623    618    560    482    479    473    467    650    658    687    659    678    673    648    635    691    664    632    703    786    820    793    798    809    798    791    816    772    797    796    817    765    799    529    510    551    495    543    559    577    490    483    559    565    561    600    551    552    564    577    574    204    267    178    263    174    196    184    257    187    229    252    255    574    590    577    589  
   44     38    900    887    906    899    874    937    873    881    898     53     48     31     23     53     28     30      0     45     57     48     34    305    305    305    322    324    285    318    456    516    557    507    499    493    488    475    545    509    522    499    475    512    836    868    839    832    868    826    807    833    831    865    836    854    385    420    444    411    445    415    464    467    431    405    387    440    430    413    845    806    831    867    830    819    876    840    847    858    896    804     64     84     97     43     46     73    632    578    612    537    600    592    605    532    575    563    578    611    596    591    534    464    461    454    449    658    668    698    670    687    682    658    644    702    674    642    712    757    791    765    769    781    770    763    787    744    768    768    789    737    771    501    481    522    466    514    530    548    461    454    556    562    559    598    549    550    564    574    575    204    269    181    262    181    203    186    257    190    227    258    259    589    606    593    605  
   68     62    944    931    950    943    918    981    916    925    941     17     83     68     25     68     63     73     45      0     57     11     44    349    349    349    366    368    330    362    469    528    567    518    513    507    501    489    556    521    532    508    487    521    864    894    867    860    895    853    836    861    859    892    863    883    340    375    400    367    401    370    420    423    387    360    343    396    386    369    801    762    787    823    786    775    832    796    803    814    852    760    106    128    138     72     90    114    613    563    596    503    567    562    576    501    541    529    547    580    563    561    503    452    449    439    438    685    696    728    700    715    710    687    671    732    703    670    740    713    747    721    725    737    725    719    743    699    724    724    745    693    726    457    438    479    423    470    487    504    417    411    540    547    546    585    535    537    553    558    565    198    262    180    253    186    207    184    250    189    217    260    257    601    619    606    620  
   33     32    916    904    923    915    890    953    887    895    913     46    104     87     45     23     46     67     57     57      0     67     84    332    331    329    348    356    311    339    413    472    511    462    457    451    445    433    501    465    476    452    431    465    811    840    814    807    841    800    784    808    806    838    810    830    362    397    421    385    417    393    438    442    408    385    366    414    400    384    831    793    815    852    815    804    861    826    833    843    880    788    113    129    146    100     82    124    576    521    555    555    618    615    629    554    592    581    600    632    615    613    556    508    505    495    493    714    723    753    725    743    738    713    699    757    729    697    767    740    776    751    753    761    751    745    770    727    751    752    771    720    750    490    474    514    459    504    520    537    452    442    499    505    502    541    492    494    507    517    518    148    213    127    206    131    152    131    201    136    170    206    205    545    563    550    564  
   77     70    948    934    953    947    922    985    920    929    945     26     81     67     32     78     70     77     48     11     67      0     39    352    352    352    369    369    332    366    479    539    577    529    524    518    511    499    567    531    543    519    498    532    874    904    877    870    905    863    846    870    869    902    873    892    339    374    398    367    400    368    419    422    386    358    341    395    386    369    798    759    783    819    783    772    828    792    800    810    849    757    106    128    137     69     93    113    622    572    605    494    558    552    566    492    532    521    538    571    554    551    494    441    438    429    427    678    690    721    694    709    703    680    664    726    697    664    733    710    744    717    722    734    723    716    740    696    721    720    742    690    724    453    433    474    418    466    482    500    413    407    550    557    556    594    545    547    562    567    575    209    273    191    263    197    218    194    260    200    228    271    267    612    630    617    630  
   77     71    919    905    923    918    893    955    892    901    916     59     43     32     40     84     61     57     34     44     84     39      0    320    321    321    337    335    301    337    489    549    589    540    532    526    521    508    577    541    555    531    508    544    869    901    872    864    901    858    839    865    864    898    868    887    375    410    434    403    437    403    455    458    421    392    376    432    424    406    828    789    815    850    815    804    859    823    831    842    881    789     72     95    101     31     69     77    654    602    636    507    571    562    574    501    545    534    548    581    566    561    503    431    428    421    416    642    653    684    657    672    667    643    628    688    659    627    696    742    776    748    754    767    756    748    772    729    753    752    775    722    757    483    461    502    447    495    512    530    442    438    580    586    584    623    573    575    590    597    601    231    296    210    288    212    234    214    284    219    253    289    288    622    639    626    638  
  300    303    602    587    605    602    577    638    577    588    600    355    279    288    325    310    292    277    305    349    332    352    320      0      8     16     19     40     22     43    483    536    580    534    509    500    511    490    558    527    552    542    502    548    693    735    696    688    731    687    656    690    685    731    693    705    688    724    748    714    747    719    767    771    735    709    692    743    731    714   1147   1108   1134   1169   1134   1122   1178   1142   1150   1161   1199   1108    248    226    224    292    260    244    817    744    782    795    858    837    843    781    832    822    825    859    849    837    782    629    630    634    614    540    536    552    524    557    556    523    524    552    539    511    583   1061   1094   1067   1073   1085   1074   1067   1091   1047   1072   1071   1093   1041   1075    802    779    821    765    814    831    849    761    757    730    731    719    756    713    711    712    745    716    403    447    375    456    355    368    381    443    378    431    408    425    593    601    589    592  
  299    302    600    586    604    600    574    636    575    585    598    355    280    289    326    309    292    277    305    349    331    352    321      8      0      9     17     47     20     36    476    529    574    527    502    493    504    483    552    521    545    535    496    541    686    728    689    681    724    680    649    683    678    723    686    698    688    724    748    714    747    719    767    771    735    709    692    743    730    714   1149   1109   1135   1170   1134   1123   1179   1143   1151   1162   1200   1109    249    227    225    294    260    246    812    739    777    799    861    841    847    785    836    826    829    863    853    841    785    635    635    639    620    547    543    559    531    564    563    530    531    559    546    519    590   1062   1095   1068   1074   1085   1074   1067   1092   1048   1073   1072   1094   1041   1075    803    781    822    767    815    832    850    763    758    726    726    714    751    708    706    707    740    711    400    443    372    452    351    365    378    440    375    428    404    421    586    594    582    585  
  298    300    599    585    603    599    573    635    573    583    597    354    281    289    325    307    291    277    305    349    329    352    321     16      9      0     20     55     21     29    468    521    566    519    494    485    496    475    543    513    537    528    488    533    678    720    682    673    716    672    641    675    671    716    678    691    687    723    747    713    745    718    766    770    734    709    691    742    729    712   1149   1110   1135   1170   1134   1123   1179   1143   1151   1162   1200   1108    250    227    227    294    260    247    806    732    771    802    864    844    851    788    839    828    832    867    856    845    789    640    640    644    625    556    551    567    539    572    571    538    539    567    555    527    598   1061   1095   1068   1073   1085   1074   1067   1091   1048   1072   1072   1093   1041   1075    803    781    823    767    816    833    850    763    758    719    719    707    744    701    699    700    734    704    396    437    368    447    347    359    373    434    370    423    398    415    577    585    574    576  
  316    319    584    569    587    583    558    620    559    569    582    372    297    306    342    326    309    294    322    366    348    369    337     19     17     20      0     44     37     35    483    535    579    533    508    499    511    489    557    527    551    542    502    548    681    724    684    676    719    675    643    678    673    719    681    692    705    740    765    731    763    736    784    787    752    726    709    759    747    730   1165   1126   1151   1187   1151   1140   1196   1160   1168   1178   1217   1125    266    243    242    310    277    262    824    750    789    814    877    856    862    800    851    841    844    878    868    856    800    647    647    652    632    545    540    555    527    561    561    527    529    555    543    516    587   1079   1112   1084   1090   1102   1091   1084   1108   1065   1089   1089   1110   1058   1092    820    797    839    783    832    849    867    779    775    737    737    725    762    720    717    718    752    721    415    456    387    466    366    379    393    453    390    442    417    434    590    598    586    588  
  324    325    596    580    597    596    571    631    573    585    595    375    293    304    345    334    314    297    324    368    356    369    335     40     47     55     44      0     58     78    522    575    620    573    548    539    551    529    598    567    591    582    542    587    722    766    726    717    761    717    685    720    715    761    723    734    708    743    767    735    768    737    787    791    754    727    710    763    752    735   1161   1122   1149   1183   1148   1137   1192   1156   1164   1175   1214   1123    264    242    236    306    280    259    854    782    820    796    858    835    840    780    833    823    824    858    848    835    780    617    618    624    603    502    497    513    485    519    518    484    486    513    501    473    544   1077   1109   1081   1088   1102   1090   1083   1107   1063   1088   1086   1109   1056   1092    816    791    833    778    827    844    863    775    772    768    768    757    794    751    749    750    782    755    436    482    408    490    388    403    414    478    411    464    444    460    632    639    628    630  
  280    282    619    605    623    619    593    655    594    604    617    335    261    269    306    289    272    257    285    330    311    332    301     22     20     21     37     58      0     45    467    521    566    519    495    486    496    475    544    513    537    526    487    532    691    732    694    686    729    684    654    688    683    728    691    704    669    704    728    694    727    699    747    751    715    690    672    723    710    694   1129   1090   1115   1150   1115   1104   1160   1123   1131   1142   1181   1089    230    207    207    274    241    227    797    724    763    782    844    825    831    768    819    808    813    847    836    825    769    622    622    625    607    552    548    566    538    570    569    535    535    566    552    524    595   1042   1076   1048   1054   1066   1055   1048   1072   1028   1053   1052   1074   1022   1056    784    761    803    747    796    813    831    743    738    710    711    699    737    693    691    693    725    697    382    426    354    435    334    347    360    422    357    410    387    404    579    588    576    579  
  308    311    583    569    588    582    557    619    556    565    580    367    298    305    338    317    303    290    318    362    339    366    337     43     36     29     35     78     45      0    450    501    546    500    474    465    478    456    523    493    518    510    470    515    650    693    654    645    689    644    613    648    643    688    650    663    699    734    758    724    756    730    776    781    746    721    703    752    738    722   1163   1124   1148   1184   1148   1137   1194   1158   1165   1176   1214   1122    266    244    246    311    273    264    797    723    761    824    887    868    875    811    861    850    855    889    878    868    811    666    666    670    651    579    574    589    561    595    595    561    563    589    577    550    621   1075   1109   1082   1087   1098   1087   1080   1105   1061   1086   1086   1106   1055   1087    818    797    839    783    831    848    865    778    772    710    710    697    733    692    689    689    724    692    395    433    368    444    346    357    373    431    370    422    392    410    556    564    552    554  
  413    419    831    827    851    826    805    865    793    792    823    456    487    476    454    406    429    441    456    469    413    479    489    483    476    468    483    522    467    450      0     61    104     54     46     42     33     24     89     53     72     61     21     66    458    473    460    455    478    444    443    454    456    473    456    480    646    673    691    651    669    679    693    700    681    680    658    673    643    635   1099   1065   1074   1116   1074   1066   1125   1095   1097   1106   1136   1046    471    467    488    491    441    481    416    335    370    943   1003   1009   1027    949    979    967    994   1024   1004   1008    951    919    916    907    904   1013   1012   1032   1003   1034   1032   1000    997   1032   1017    987   1059    999   1040   1027   1013   1006    998    999   1027    988   1009   1016   1023    982    992    802    804    835    788    821    832    842    774    755    335    327    307    334    309    303    288    342    283    291    247    297    268    285    266    295    260    288    289    222    236    133    151    138    152  
  473    479    847    845    869    842    822    880    809    806    838    516    548    537    514    466    490    502    516    528    472    539    549    536    529    521    535    575    521    501     61      0     46     14     29     38     28     47     29      9     22     41     41     30    425    435    427    423    442    411    415    422    425    436    423    448    692    717    734    695    711    724    734    742    725    726    705    715    684    677   1137   1104   1110   1154   1111   1104   1162   1133   1135   1144   1171   1083    531    527    548    552    502    542    410    330    362    997   1057   1065   1083   1004   1033   1021   1050   1079   1059   1063   1007    979    976    967    964   1069   1068   1086   1058   1089   1087   1055   1053   1087   1072   1043   1115   1037   1078   1066   1051   1042   1034   1036   1064   1026   1046   1054   1059   1020   1027    848    852    881    836    867    877    887    822    802    335    325    303    324    308    301    281    339    272    346    298    354    319    343    324    352    311    345    342    277    289     74     93     80     97  
  513    519    876    875    899    871    852    909    838    834    867    554    589    578    553    506    530    543    557    567    511    577    589    580    574    566    579    620    566    546    104     46      0     51     72     81     72     92     26     54     35     61     84     47    422    427    423    420    434    407    416    418    422    428    419    444    715    739    755    716    730    746    754    761    746    749    728    735    703    698   1152   1120   1125   1168   1126   1119   1176   1149   1149   1158   1185   1097    574    570    591    593    544    585    395    317    346   1029   1088   1097   1116   1037   1065   1052   1082   1111   1090   1095   1040   1018   1015   1005   1003   1115   1113   1131   1103   1134   1133   1100   1098   1132   1117   1088   1160   1052   1093   1083   1066   1055   1048   1050   1079   1042   1061   1069   1073   1036   1041    871    877    905    861    890    900    909    847    826    326    314    291    307    298    290    267    327    256    381    328    391    348    381    361    388    342    382    374    312    322     45     67     58     79  
  464    470    855    853    877    850    831    889    817    815    847    505    540    528    504    456    481    493    507    518    462    529    540    534    527    519    533    573    519    500     54     14     51      0     34     42     23     45     40     14     18     28     34     20    439    449    441    437    455    424    429    435    439    450    437    461    679    704    721    681    697    710    721    728    711    713    691    701    670    664   1123   1090   1097   1140   1097   1090   1148   1120   1121   1130   1158   1069    524    520    541    543    494    534    399    318    351    985   1045   1053   1071    992   1021   1009   1038   1067   1047   1051    995    969    966    957    955   1066   1065   1084   1056   1086   1085   1052   1050   1084   1069   1040   1112   1023   1064   1052   1037   1028   1021   1022   1051   1012   1032   1040   1045   1006   1014    835    839    868    823    854    864    873    809    789    323    313    291    313    296    289    270    328    261    335    285    343    306    333    313    341    299    335    330    266    278     84    105     92    110  
