78

    0     67    639   1007   1010   1009   1085   1119   1122   1407   1368   1368   1374    657    709    679    684    571    607    616    599    621    748    741    744    959    963    970    973    977    484    439    464    452    460    453    471    480   1633   1651   1647    504    518    531    532   1081   1075   1067   1054   1512   1485   1514   1556    503    507    481    479    495   1167   1192   1216   1203   1151   1236   1243   1265   1254   1284   1308   1277    636    648    654    620    659    643    645    885  
   67      0    703   1043   1048   1044   1150   1184   1187   1446   1407   1407   1413    723    775    745    750    623    658    668    653    674    811    803    807   1007   1008   1017   1020   1025    503    462    479    471    472    519    538    546   1689   1708   1705    567    581    594    595   1124   1118   1110   1099   1578   1551   1580   1623    570    573    548    546    562   1228   1253   1277   1264   1212   1300   1308   1329   1318   1348   1364   1334    701    714    718    685    725    709    710    941  
  639    703      0    668    657    674    653    672    659    977    939    940    951    109    118     98     95    605    630    631    585    619    110    125    116    486    522    503    513    507    841    792    849    818    860    293    259    310   1026   1040   1029    142    124    113    111    643    636    635    608    893    868    896    944    214    174    206    190    209    540    563    589    574    528    791    802    829    807    832    712    676     35     67     26     72     81     62     66    329  
 1007   1043    668      0     22      9   1259   1266   1244    408    369    370    374    773    757    752    747   1243   1274   1276   1231   1266    644    581    606    238    184    224    213    227   1399   1346   1394   1369   1399    912    883    943    857    889    910    670    683    668    671    164    164    152    174   1186   1173   1192   1249    849    801    825    800    838    645    665    665    673    615   1370   1383   1410   1382   1401    586    587    702    731    686    738    743    728    731    411  
 1010   1048    657     22      0     30   1243   1250   1228    400    361    362    366    762    745    741    735   1236   1267   1269   1224   1259    631    568    593    219    166    205    194    208   1397   1344   1394   1367   1399    906    877    936    838    869    890    664    677    661    664    143    143    131    152   1165   1152   1171   1228    841    794    818    793    831    624    644    644    652    594   1353   1367   1393   1366   1384    565    566    692    721    675    728    732    718    721    394  
 1009   1044    674      9     30      0   1267   1274   1252    408    370    370    373    780    764    759    753   1248   1279   1282   1237   1272    651    588    613    246    193    232    221    236   1403   1350   1398   1372   1403    917    889    948    863    895    916    675    689    673    676    171    171    159    181   1194   1181   1200   1257    854    807    830    805    844    653    673    673    681    623   1378   1391   1418   1390   1409    594    595    709    738    693    745    750    735    738    419  
 1085   1150    653   1259   1243   1267      0     40     62   1460   1428   1429   1444    552    537    556    558    627    614    605    583    589    628    692    666   1032   1082   1049   1060   1049    966    941    993    963   1013    642    634    610   1204   1198   1164    753    728    731    727   1178   1172   1176   1144    654    627    652    663    620    644    652    669    633    782    786    811    789    798    152    160    184    170    199   1005    964    623    591    628    603    575    597    593    851  
 1119   1184    672   1266   1250   1274     40      0     31   1456   1426   1427   1442    573    555    575    577    666    653    645    622    628    641    705    679   1037   1088   1053   1065   1053   1005    980   1032   1002   1052    674    665    642   1184   1177   1142    776    751    753    750   1180   1174   1179   1147    621    594    619    628    649    671    681    696    662    773    775    799    777    789    122    133    158    139    168    994    953    643    611    646    624    595    617    613    857  
 1122   1187    659   1244   1228   1252     62     31      0   1430   1399   1400   1415    562    542    563    565    681    669    661    637    644    624    687    661   1014   1065   1030   1042   1030   1020    994   1047   1017   1066    674    664    643   1154   1147   1111    767    742    743    740   1156   1150   1155   1123    593    566    591    602    646    665    677    691    658    744    746    770    748    761    132    145    171    148    175    964    924    631    599    633    614    583    605    601    834  
 1407   1446    977    408    400    408   1460   1456   1430      0     41     40     35   1069   1037   1042   1035   1579   1607   1607   1561   1595    917    864    885    493    466    477    469    472   1774   1721   1773   1745   1780   1255   1223   1280    642    677    714   1020   1028   1011   1013    341    348    352    374   1192   1188   1198   1253   1182   1136   1165   1142   1174    704    711    695    713    681   1541   1555   1579   1550   1562    522    551   1009   1032    989   1047   1040   1031   1033    656  
 1368   1407    939    369    361    370   1428   1426   1399     41      0      2     17   1031   1000   1004    998   1541   1568   1569   1523   1557    880    826    847    454    427    438    430    434   1734   1681   1733   1705   1740   1216   1184   1241    645    680    716    980    988    971    974    301    308    312    334   1175   1171   1182   1236   1144   1097   1126   1103   1135    679    687    672    690    655   1512   1526   1551   1521   1534    505    531    971    994    951   1009   1002    993    995    619  
 1368   1407    940    370    362    370   1429   1427   1400     40      2      0     16   1032   1001   1005    999   1542   1569   1570   1524   1558    881    827    848    455    428    439    430    435   1735   1682   1734   1706   1741   1217   1185   1242    645    680    716    981    989    972    974    302    309    313    335   1176   1172   1183   1237   1144   1098   1127   1103   1136    680    688    673    691    656   1513   1527   1552   1522   1535    506    532    972    995    952   1010   1003    994    996    619  
 1374   1413    951    374    366    373   1444   1442   1415     35     17     16      0   1044   1013   1018   1011   1553   1580   1581   1535   1569    894    839    861    466    437    450    441    446   1744   1691   1742   1715   1749   1227   1196   1253    658    693    730    991    999    982    985    312    319    322    346   1192   1187   1198   1253   1155   1109   1137   1114   1147    695    704    689    706    671   1528   1542   1567   1537   1550    522    548    984   1007    964   1022   1015   1005   1008    632  
  657    723    109    773    762    780    552    573    562   1069   1031   1032   1044      0     56     31     39    526    548    548    501    534    157    205    185    582    621    599    609    602    793    745    804    772    817    248    216    252   1065   1076   1061    207    183    183    179    739    732    733    704    855    829    858    902    171    152    181    178    173    571    591    619    601    564    693    704    731    710    736    763    725     75     43     88     52     30     48     44    414  
  709    775    118    757    745    764    537    555    542   1037   1000   1001   1013     56      0     31     28    571    592    591    544    576    120    178    155    556    598    573    584    575    845    799    858    825    871    303    271    305   1013   1023   1007    243    220    216    213    713    706    707    677    804    778    807    852    226    206    236    232    229    518    538    566    548    512    673    685    712    689    714    714    675     93     67     92     92     52     73     70    382  
  679    745     98    752    741    759    556    575    563   1042   1004   1005   1018     31     31      0      8    556    578    577    531    564    128    179    158    557    597    574    584    577    823    776    835    802    848    278    245    283   1034   1045   1030    215    191    188    185    714    707    708    679    835    808    837    882    200    177    208    203    201    540    561    589    571    533    695    706    733    711    736    732    694     68     38     73     62     23     44     41    387  
  684    750     95    747    735    753    558    577    565   1035    998    999   1011     39     28      8      0    564    585    584    538    571    121    173    151    550    591    568    578    571    830    783    841    809    855    285    252    290   1028   1038   1024    216    193    189    186    708    701    701    673    831    804    834    878    206    183    213    208    207    533    554    582    564    526    696    708    734    712    738    725    687     68     40     70     66     25     46     43    380  
  571    623    605   1243   1236   1248    627    666    681   1579   1541   1542   1553    526    571    556    564      0     38     46     45     52    683    724    708   1087   1118   1103   1112   1108    341    314    367    336    386    331    360    301   1573   1580   1559    574    560    576    573   1242   1235   1233   1208   1213   1184   1213   1240    398    445    419    444    407   1079   1097   1125   1105   1077    763    766    782    780    810   1284   1244    574    556    596    537    552    556    554    933  
  607    658    630   1274   1267   1279    614    653    669   1607   1568   1569   1580    548    592    578    585     38      0     11     48     26    705    749    731   1114   1146   1131   1140   1135    352    330    381    351    400    363    391    331   1587   1593   1572    605    591    607    604   1270   1263   1261   1236   1212   1183   1212   1237    427    474    449    474    437   1095   1112   1140   1120   1094    746    749    764    763    793   1302   1262    599    580    621    561    575    580    578    958  
  616    668    631   1276   1269   1282    605    645    661   1607   1569   1570   1581    548    591    577    584     46     11      0     47     18    704    749    731   1115   1148   1132   1141   1136    361    340    390    360    409    366    393    334   1584   1590   1569    608    594    609    606   1271   1264   1263   1237   1205   1176   1205   1230    429    476    452    477    439   1092   1109   1137   1117   1091    737    740    754    754    783   1300   1260    600    580    621    562    575    581    578    958  
  599    653    585   1231   1224   1237    583    622    637   1561   1523   1524   1535    501    544    531    538     45     48     47      0     36    658    702    685   1069   1102   1086   1095   1090    385    358    411    380    430    322    349    289   1540   1546   1525    564    549    564    561   1225   1218   1217   1191   1171   1142   1171   1197    384    431    407    432    394   1047   1064   1093   1073   1046    719    723    739    737    766   1254   1214    553    533    575    515    528    534    532    912  
  621    674    619   1266   1259   1272    589    628    644   1595   1557   1558   1569    534    576    564    571     52     26     18     36      0    691    736    718   1104   1137   1120   1129   1124    377    355    406    376    425    357    384    324   1568   1574   1552    599    584    599    596   1260   1253   1251   1225   1188   1159   1188   1213    419    466    442    467    429   1076   1093   1121   1101   1076    721    724    739    739    768   1285   1245    587    567    608    549    561    568    565    945  
  748    811    110    644    631    651    628    641    624    917    880    881    894    157    120    128    121    683    705    704    658    691      0     65     39    437    480    454    465    456    939    890    949    917    961    390    356    401    922    934    923    247    231    219    217    593    587    588    558    795    771    799    848    309    275    308    295    307    432    455    481    466    422    755    767    794    769    792    612    575    123    130    101    155    131    131    132    262  
  741    803    125    581    568    588    692    705    687    864    826    827    839    205    178    179    173    724    749    749    702    736     65      0     27    378    420    396    406    398    966    916    973    942    984    417    384    434    906    921    913    238    228    213    212    536    529    530    501    831    807    835    886    338    298    330    313    334    427    452    476    463    413    818    830    857    832    855    590    554    151    170    129    188    176    169    171    210  
  744    807    116    606    593    613    666    679    661    885    847    848    861    185    155    158    151    708    731    731    685    718     39     27      0    401    444    419    429    421    955    906    964    932    975    406    372    420    911    925    915    240    228    214    213    558    552    552    523    815    791    819    869    326    288    321    305    323    427    451    476    462    414    792    805    832    807    829    597    561    137    152    115    173    157    152    154    230  
  959   1007    486    238    219    246   1032   1037   1014    493    454    455    466    582    556    557    550   1087   1114   1115   1069   1104    437    378    401      0     54     18     29     21   1288   1236   1289   1261   1297    762    730    787    730    756    767    530    536    519    521    158    151    152    123    959    944    965   1021    690    644    672    649    681    420    443    448    452    391   1138   1151   1178   1150   1168    417    405    519    544    499    557    553    541    544    182  
  963   1008    522    184    166    193   1082   1088   1065    466    427    428    437    621    598    597    591   1118   1146   1148   1102   1137    480    420    444     54      0     42     32     47   1309   1256   1308   1280   1316    791    760    817    756    783    797    554    562    546    548    126    119    116     94   1010    996   1016   1073    720    674    701    678    712    470    492    496    501    441   1190   1203   1230   1202   1220    452    443    556    582    537    593    591    579    582    232  
  970   1017    503    224    205    232   1049   1053   1030    477    438    439    450    599    573    574    568   1103   1131   1132   1086   1120    454    396    419     18     42      0     12      9   1303   1251   1304   1275   1312    778    747    803    727    754    766    545    552    535    537    141    134    134    106    969    955    975   1032    706    660    688    665    698    430    452    456    461    400   1154   1168   1194   1166   1184    418    407    536    561    516    574    570    559    561    199  
  973   1020    513    213    194    221   1060   1065   1042    469    430    430    441    609    584    584    578   1112   1140   1141   1095   1129    465    406    429     29     32     12      0     16   1310   1257   1311   1282   1318    787    755    812    730    757    770    553    560    543    545    131    124    124     96    979    965    985   1042    715    668    697    674    706    439    461    465    470    410   1166   1179   1206   1178   1195    423    413    546    571    526    583    580    568    571    211  
  977   1025    507    227    208    236   1049   1053   1030    472    434    435    446    602    575    577    571   1108   1135   1136   1090   1124    456    398    421     21     47      9     16      0   1309   1256   1310   1281   1318    783    751    808    719    746    758    551    557    540    542    138    131    132    103    964    950    970   1027    710    664    693    670    702    424    446    449    455    395   1153   1167   1193   1165   1182    410    399    540    564    520    577    573    562    565    200  
  484    503    841   1399   1397   1403    966   1005   1020   1774   1734   1735   1744    793    845    823    830    341    352    361    385    377    939    966    955   1288   1309   1303   1310   1309      0     54     35     33     54    550    584    541   1857   1868   1852    760    757    775    773   1434   1427   1423   1402   1548   1519   1548   1577    630    668    636    654    633   1363   1383   1411   1393   1356   1097   1099   1113   1114   1143   1551   1514    819    811    842    785    812    809    808   1162  
  439    462    792   1346   1344   1350    941    980    994   1721   1681   1682   1691    745    799    776    783    314    330    340    358    355    890    916    906   1236   1256   1251   1257   1256     54      0     60     27     76    501    535    494   1809   1820   1805    708    706    723    721   1381   1374   1370   1350   1512   1483   1513   1543    581    618    586    603    584   1315   1336   1364   1346   1308   1076   1079   1093   1093   1123   1502   1465    770    762    792    736    764    761    760   1110  
  464    479    849   1394   1394   1398    993   1032   1047   1773   1733   1734   1742    804    858    835    841    367    381    390    411    406    949    973    964   1289   1308   1304   1311   1310     35     60      0     34     20    559    593    553   1868   1879   1864    763    761    778    777   1433   1427   1422   1402   1570   1541   1570   1600    640    676    643    660    642   1374   1395   1422   1405   1367   1126   1129   1143   1143   1173   1560   1523    828    821    850    795    823    819    818   1166  
  452    471    818   1369   1367   1372    963   1002   1017   1745   1705   1706   1715    772    825    802    809    336    351    360    380    376    917    942    932   1261   1280   1275   1282   1281     33     27     34      0     51    527    561    520   1836   1847   1832    733    731    748    747   1405   1399   1394   1374   1537   1508   1538   1567    608    644    612    629    610   1342   1362   1390   1372   1335   1097   1099   1114   1114   1143   1528   1491    796    789    819    763    791    787    786   1136  
  460    472    860   1399   1399   1403   1013   1052   1066   1780   1740   1741   1749    817    871    848    855    386    400    409    430    425    961    984    975   1297   1316   1312   1318   1318     54     76     20     51      0    572    606    566   1881   1892   1878    772    771    788    787   1440   1434   1429   1410   1587   1558   1588   1618    652    687    655    671    654   1387   1408   1436   1418   1380   1146   1148   1163   1163   1192   1572   1535    840    833    862    807    836    831    830   1176  
  453    519    293    912    906    917    642    674    674   1255   1216   1217   1227    248    303    278    285    331    363    366    322    357    390    417    406    762    791    778    787    783    550    501    559    527    572      0     35     40   1310   1321   1307    243    230    247    244    916    909    906    882   1077   1049   1079   1117     81    121     91    114     84    816    838    865    848    809    793    802    825    812    841   1001    964    269    262    292    236    265    260    259    619  
  471    538    259    883    877    889    634    665    664   1223   1184   1185   1196    216    271    245    252    360    391    393    349    384    356    384    372    730    760    747    755    751    584    535    593    561    606     35      0     60   1276   1288   1274    215    201    217    214    884    877    875    850   1051   1024   1053   1093     47     88     59     84     51    783    805    832    815    775    785    794    818    803    832    967    930    235    228    258    202    232    226    225    586  
  480    546    310    943    936    948    610    642    643   1280   1241   1242   1253    252    305    283    290    301    331    334    289    324    401    434    420    787    817    803    812    808    541    494    553    520    566     40     60      0   1317   1327   1312    275    260    276    273    942    935    933    908   1062   1034   1064   1101     98    144    118    144    106    822    843    870    853    815    761    769    792    779    808   1012    974    284    272    306    248    272    271    269    639  
 1633   1689   1026    857    838    863   1204   1184   1154    642    645    645    658   1065   1013   1034   1028   1573   1587   1584   1540   1568    922    906    911    730    756    727    730    719   1857   1809   1868   1836   1881   1310   1276   1317      0     36     78   1139   1132   1116   1116    697    698    710    698    696    705    702    744   1229   1196   1229   1215   1228    496    477    449    468    502   1225   1237   1256   1227   1227    327    356   1044   1048   1021   1075   1046   1050   1051    750  
 1651   1708   1040    889    869    895   1198   1177   1147    677    680    680    693   1076   1023   1045   1038   1580   1593   1590   1546   1574    934    921    925    756    783    754    757    746   1868   1820   1879   1847   1892   1321   1288   1327     36      0     48   1156   1148   1132   1132    727    729    741    728    675    686    682    722   1241   1209   1242   1228   1240    506    486    458    476    513   1215   1227   1245   1216   1215    348    375   1056   1060   1034   1087   1057   1062   1063    770  
 1647   1705   1029    910    890    916   1164   1142   1111    714    716    716    730   1061   1007   1030   1024   1559   1572   1569   1525   1552    923    913    915    767    797    766    770    758   1852   1805   1864   1832   1878   1307   1274   1312     78     48      0   1148   1140   1124   1124    748    749    761    746    630    642    637    676   1228   1197   1229   1217   1227    492    470    443    460    502   1177   1189   1207   1178   1176    353    376   1045   1047   1023   1074   1043   1049   1050    770  
  504    567    142    670    664    675    753    776    767   1020    980    981    991    207    243    215    216    574    605    608    564    599    247    238    240    530    554    545    553    551    760    708    763    733    772    243    215    275   1139   1156   1148      0     25     29     32    679    673    669    647   1034   1009   1038   1085    185    139    158    132    173    664    689    713    700    650    897    908    934    914    941    818    785    152    177    163    156    193    171    174    407  
  518    581    124    683    677    689    728    751    742   1028    988    989    999    183    220    191    193    560    591    594    549    584    231    228    228    536    562    552    560    557    757    706    761    731    771    230    201    260   1132   1148   1140     25      0     18     17    687    681    678    654   1014    989   1018   1064    168    121    142    117    156    654    678    703    689    640    872    883    909    889    916    813    779    130    154    142    132    169    148    151    406  
  531    594    113    668    661    673    731    753    743   1011    971    972    982    183    216    188    189    576    607    609    564    599    219    213    214    519    546    535    543    540    775    723    778    748    788    247    217    276   1116   1132   1124     29     18      0      4    671    664    661    637   1006    981   1009   1056    182    135    158    133    171    639    663    688    675    625    874    885    911    891    917    796    762    124    151    134    131    167    144    148    389  
  532    595    111    671    664    676    727    750    740   1013    974    974    985    179    213    185    186    573    604    606    561    596    217    212    213    521    548    537    545    542    773    721    777    747    787    244    214    273   1116   1132   1124     32     17      4      0    673    666    663    640   1003    978   1007   1054    179    131    155    131    168    638    663    688    674    624    870    881    907    887    914    797    763    121    147    132    127    163    141    144    390  
 1081   1124    643    164    143    171   1178   1180   1156    341    301    302    312    739    713    714    708   1242   1270   1271   1225   1260    593    536    558    158    126    141    131    138   1434   1381   1433   1405   1440    916    884    942    697    727    748    679    687    671    673      0      7     15     36   1042   1031   1048   1105    844    798    826    802    836    502    520    517    527    474   1277   1291   1317   1288   1304    424    427    676    701    656    714    710    699    702    335  
 1075   1118    636    164    143    171   1172   1174   1150    348    308    309    319    732    706    707    701   1235   1263   1264   1218   1253    587    529    552    151    119    134    124    131   1427   1374   1427   1399   1434    909    877    935    698    729    749    673    681    664    666      7      0     13     29   1039   1027   1045   1102    837    791    819    795    829    499    517    514    524    470   1271   1285   1311   1282   1299    423    426    669    694    650    707    703    692    695    328  
 1067   1110    635    152    131    159   1176   1179   1155    352    312    313    322    733    707    708    701   1233   1261   1263   1217   1251    588    530    552    152    116    134    124    132   1423   1370   1422   1394   1429    906    875    933    710    741    761    669    678    661    663     15     13      0     33   1049   1037   1055   1112    835    789    816    793    827    508    527    524    534    479   1277   1290   1316   1288   1304    435    437    669    694    649    706    703    692    695    331  
 1054   1099    608    174    152    181   1144   1147   1123    374    334    335    346    704    677    679    673   1208   1236   1237   1191   1225    558    501    523    123     94    106     96    103   1402   1350   1402   1374   1410    882    850    908    698    728    746    647    654    637    640     36     29     33      0   1019   1008   1026   1083    810    764    792    769    802    479    497    495    505    450   1244   1258   1284   1256   1272    415    414    641    666    622    679    675    664    667    300  
 1512   1578    893   1186   1165   1194    654    621    593   1192   1175   1176   1192    855    804    835    831   1213   1212   1205   1171   1188    795    831    815    959   1010    969    979    964   1548   1512   1570   1537   1587   1077   1051   1062    696    675    630   1034   1014   1006   1003   1042   1039   1049   1019      0     29      7     64   1013   1005   1032   1033   1020    542    523    526    515    571    611    620    631    606    595    670    646    886    868    873    896    856    874    872    835  
 1485   1551    868   1173   1152   1181    627    594    566   1188   1171   1172   1187    829    778    808    804   1184   1183   1176   1142   1159    771    807    791    944    996    955    965    950   1519   1483   1541   1508   1558   1049   1024   1034    705    686    642   1009    989    981    978   1031   1027   1037   1008     29      0     30     80    986    978   1005   1006    992    530    511    516    504    559    586    596    607    581    572    667    641    860    842    847    870    829    847    846    817  
 1514   1580    896   1192   1171   1200    652    619    591   1198   1182   1183   1198    858    807    837    834   1213   1212   1205   1171   1188    799    835    819    965   1016    975    985    970   1548   1513   1570   1538   1588   1079   1053   1064    702    682    637   1038   1018   1009   1007   1048   1045   1055   1026      7     30      0     57   1015   1008   1034   1035   1022    548    529    532    521    577    607    616    627    602    591    677    653    889    871    876    899    858    877    875    840  
 1556   1623    944   1249   1228   1257    663    628    602   1253   1236   1237   1253    902    852    882    878   1240   1237   1230   1197   1213    848    886    869   1021   1073   1032   1042   1027   1577   1543   1600   1567   1618   1117   1093   1101    744    722    676   1085   1064   1056   1054   1105   1102   1112   1083     64     80     57      0   1056   1050   1076   1078   1063    605    586    589    578    634    605    614    622    599    585    732    708    935    916    923    944    903    922    920    896  
  503    570    214    849    841    854    620    649    646   1182   1144   1144   1155    171    226    200    206    398    427    429    384    419    309    338    326    690    720    706    715    710    630    581    640    608    652     81     47     98   1229   1241   1228    185    168    182    179    844    837    835    810   1013    986   1015   1056      0     48     34     57     14    737    758    786    769    729    770    780    804    788    817    921    884    189    182    212    155    185    180    179    542  
  507    573    174    801    794    807    644    671    665   1136   1097   1098   1109    152    206    177    183    445    474    476    431    466    275    298    288    644    674    660    668    664    668    618    676    644    687    121     88    144   1196   1209   1197    139    121    135    131    798    791    789    764   1005    978   1008   1050     48      0     33     29     38    706    728    755    739    696    792    802    827    810    838    885    848    153    152    175    124    159    149    149    499  
  481    548    206    825    818    830    652    681    677   1165   1126   1127   1137    181    236    208    213    419    449    452    407    442    308    330    321    672    701    688    697    693    636    586    643    612    655     91     59    118   1229   1242   1229    158    142    158    155    826    819    816    792   1032   1005   1034   1076     34     33      0     26     21    738    761    787    771    729    802    812    836    820    848    917    881    186    184    208    156    191    181    181    530  
  479    546    190    800    793    805    669    696    691   1142   1103   1103   1114    178    232    203    208    444    474    477    432    467    295    313    305    649    678    665    674    670    654    603    660    629    671    114     84    144   1215   1228   1217    132    117    133    131    802    795    793    769   1033   1006   1035   1078     57     29     26      0     44    726    749    776    760    716    818    828    852    835    864    902    866    173    176    195    147    184    172    172    510  
  495    562    209    838    831    844    633    662    658   1174   1135   1136   1147    173    229    201    207    407    437    439    394    429    307    334    323    681    712    698    706    702    633    584    642    610    654     84     51    106   1228   1240   1227    173    156    171    168    836    829    827    802   1020    992   1022   1063     14     38     21     44      0    736    758    785    769    727    783    792    817    800    829    918    881    186    181    209    154    186    179    178    536  
 1167   1228    540    645    624    653    782    773    744    704    679    680    695    571    518    540    533   1079   1095   1092   1047   1076    432    427    427    420    470    430    439    424   1363   1315   1374   1342   1387    816    783    822    496    506    492    664    654    639    638    502    499    508    479    542    530    548    605    737    706    738    726    736      0     27     50     38     30    846    859    883    853    863    225    184    554    556    532    583    552    558    559    329  
 1192   1253    563    665    644    673    786    775    746    711    687    688    704    591    538    561    554   1097   1112   1109   1064   1093    455    452    451    443    492    452    461    446   1383   1336   1395   1362   1408    838    805    843    477    486    470    689    678    663    663    520    517    527    497    523    511    529    586    758    728    761    749    758     27      0     29     12     53    845    858    882    852    861    219    179    577    578    555    605    574    580    581    355  
 1216   1277    589    665    644    673    811    799    770    695    672    673    689    619    566    589    582   1125   1140   1137   1093   1121    481    476    476    448    496    456    465    449   1411   1364   1422   1390   1436    865    832    870    449    458    443    713    703    688    688    517    514    524    495    526    516    532    589    786    755    787    776    785     50     29      0     23     68    868    881    904    874    882    195    155    603    605    581    632    601    607    608    370  
 1203   1264    574    673    652    681    789    777    748    713    690    691    706    601    548    571    564   1105   1120   1117   1073   1101    466    463    462    452    501    461    470    455   1393   1346   1405   1372   1418    848    815    853    468    476    460    700    689    675    674    527    524    534    505    515    504    521    578    769    739    771    760    769     38     12     23      0     64    846    860    883    853    861    217    177    587    588    566    616    584    591    591    366  
 1151   1212    528    615    594    623    798    789    761    681    655    656    671    564    512    533    526   1077   1094   1091   1046   1076    422    413    414    391    441    400    410    395   1356   1308   1367   1335   1380    809    775    815    502    513    502    650    640    625    624    474    470    479    450    571    559    577    634    729    696    729    716    727     30     53     68     64      0    865    879    903    873    883    216    174    544    547    522    574    545    549    550    304  
 1236   1300    791   1370   1353   1378    152    122    132   1541   1512   1513   1528    693    673    695    696    763    746    737    719    721    755    818    792   1138   1190   1154   1166   1153   1097   1076   1126   1097   1146    793    785    761   1225   1215   1177    897    872    874    870   1277   1271   1277   1244    611    586    607    605    770    792    802    818    783    846    845    868    846    865      0     14     40     19     49   1061   1022    762    731    765    745    714    737    733    960  
 1243   1308    802   1383   1367   1391    160    133    145   1555   1526   1527   1542    704    685    706    708    766    749    740    723    724    767    830    805   1151   1203   1168   1179   1167   1099   1079   1129   1099   1148    802    794    769   1237   1227   1189    908    883    885    881   1291   1285   1290   1258    620    596    616    614    780    802    812    828    792    859    858    881    860    879     14      0     27     17     44   1075   1036    774    742    777    756    726    748    744    973  
 1265   1329    829   1410   1393   1418    184    158    171   1579   1551   1552   1567    731    712    733    734    782    764    754    739    739    794    857    832   1178   1230   1194   1206   1193   1113   1093   1143   1114   1163    825    818    792   1256   1245   1207    934    909    911    907   1317   1311   1316   1284    631    607    627    622    804    827    836    852    817    883    882    904    883    903     40     27      0     31     38   1098   1059    800    768    803    782    752    774    771   1000  
 1254   1318    807   1382   1366   1390    170    139    148   1550   1521   1522   1537    710    689    711    712    780    763    754    737    739    769    832    807   1150   1202   1166   1178   1165   1114   1093   1143   1114   1163    812    803    779   1227   1216   1178    914    889    891    887   1288   1282   1288   1256    606    581    602    599    788    810    820    835    800    853    852    874    853    873     19     17     31      0     31   1067   1029    779    747    781    761    730    753    749    972  
 1284   1348    832   1401   1384   1409    199    168    175   1562   1534   1535   1550    736    714    736    738    810    793    783    766    768    792    855    829   1168   1220   1184   1195   1182   1143   1123   1173   1143   1192    841    832    808   1227   1215   1176    941    916    917    914   1304   1299   1304   1272    595    572    591    585    817    838    848    864    829    863    861    882    861    883     49     44     38     31      0   1075   1037    804    773    806    788    756    779    775    991  
 1308   1364    712    586    565    594   1005    994    964    522    505    506    522    763    714    732    725   1284   1302   1300   1254   1285    612    590    597    417    452    418    423    410   1551   1502   1560   1528   1572   1001    967   1012    327    348    353    818    813    796    797    424    423    435    415    670    667    677    732    921    885    917    902    918    225    219    195    217    216   1061   1075   1098   1067   1075      0     42    733    741    710    766    741    743    744    424  
 1277   1334    676    587    566    595    964    953    924    551    531    532    548    725    675    694    687   1244   1262   1260   1214   1245    575    554    561    405    443    407    413    399   1514   1465   1523   1491   1535    964    930    974    356    375    376    785    779    762    763    427    426    437    414    646    641    653    708    884    848    881    866    881    184    179    155    177    174   1022   1036   1059   1029   1037     42      0    696    703    673    729    703    705    706    395  
  636    701     35    702    692    709    623    643    631   1009    971    972    984     75     93     68     68    574    599    600    553    587    123    151    137    519    556    536    546    540    819    770    828    796    840    269    235    284   1044   1056   1045    152    130    124    121    676    669    669    641    886    860    889    935    189    153    186    173    186    554    577    603    587    544    762    774    800    779    804    733    696      0     33     23     39     49     28     32    359  
  648    714     67    731    721    738    591    611    599   1032    994    995   1007     43     67     38     40    556    580    580    533    567    130    170    152    544    582    561    571    564    811    762    821    789    833    262    228    272   1048   1060   1047    177    154    151    147    701    694    694    666    868    842    871    916    182    152    184    176    181    556    578    605    588    547    731    742    768    747    773    741    703     33      0     46     30     17      7      4    379  
  654    718     26    686    675    693    628    646    633    989    951    952    964     88     92     73     70    596    621    621    575    608    101    129    115    499    537    516    526    520    842    792    850    819    862    292    258    306   1021   1034   1023    163    142    134    132    656    650    649    622    873    847    876    923    212    175    208    195    209    532    555    581    566    522    765    777    803    781    806    710    673     23     46      0     60     59     43     46    337  
