141

    0     57     27     15     38     49     81     31     38     78     27     66     65     32     43     63     64     22     58     69     78     90     48     15     15     65     68     43      4     70     44     22     63     61     62     70     22    816    805    829    763    784    841    766    832    766    777    776    786    806    801    830    838    795    824    820    811    794    745    806    787    715    792    757    746    775    730    831    798    818    745    834    819    807    755    788    783    727    718    764    775    771    822    811    724    709    732    772    752    797    830    769    791    745   1233   1204   1202   1219   1199   1167   1256   1201   1208   1253   1189   1227   1224   1255   1290   1219   1282   1227   1220   1245   1217   1214   1227    754    720    682    727    731    701    768    726    709    696    739    770    739    770    704    705    662    689    730    714    763    727    721    710  
   57      0     75     70     87     99    138     87     94    134     83     77    120     84    100    116     40     75     84    126    135    146     39     70     65     96     70     79     59     79     20     65    118    115     83     49     77    762    752    774    709    730    789    713    779    711    724    722    732    753    748    776    786    741    771    766    757    740    693    752    734    746    829    791    783    808    767    865    833    852    777    865    852    842    789    820    817    759    750    799    810    804    854    847    759    741    763    805    785    829    862    800    825    780   1186   1158   1157   1175   1154   1125   1214   1156   1162   1208   1143   1182   1180   1213   1246   1174   1239   1181   1175   1201   1172   1169   1182    781    751    710    758    762    730    800    756    740    727    769    800    773    798    735    736    693    722    760    742    797    761    752    740  
   27     75      0     16     12     60     69     37     25     73     35     51     48     10     35     41     68     10     37     56     69     77     51     29     36     41     57     19     24     55     58     11     61     63     42     70     15    823    813    838    771    791    848    772    838    774    784    784    794    813    808    837    843    802    831    827    818    802    751    815    794    688    765    730    720    748    704    804    771    791    718    807    792    780    728    761    756    700    691    738    749    744    795    784    697    682    705    745    725    770    803    742    764    718   1232   1204   1200   1218   1198   1164   1253   1200   1207   1251   1189   1225   1222   1252   1288   1217   1279   1225   1218   1242   1215   1212   1225    727    693    655    700    704    675    741    699    682    670    712    743    713    744    678    678    635    662    703    687    736    700    694    683  
   15     70     16      0     25     48     69     26     25     68     23     62     51     18     32     49     70      8     51     57     67     78     53     14     21     56     67     34     12     67     54     16     54     55     56     74      8    825    815    839    772    793    850    775    841    775    786    785    795    815    810    839    846    804    833    829    820    803    754    816    796    702    779    743    733    762    717    818    784    805    732    821    806    794    742    775    770    714    705    751    762    758    809    798    711    696    719    759    739    784    816    756    777    731   1238   1210   1207   1224   1204   1172   1260   1207   1213   1258   1195   1232   1229   1260   1295   1223   1286   1232   1225   1249   1222   1218   1232    742    707    669    714    718    689    755    713    696    684    726    757    726    758    692    692    650    676    717    702    750    713    708    697  
   38     87     12     25      0     62     60     39     21     67     39     54     38      8     32     30     77     17     37     47     62     69     61     37     45     37     62     20     35     58     69     23     57     61     43     78     21    831    822    848    780    800    856    781    847    783    793    792    803    822    817    845    851    811    839    836    826    810    760    824    803    678    754    719    709    737    693    793    760    781    708    797    782    770    718    751    745    690    681    727    738    733    785    774    687    672    695    734    714    760    792    732    753    707   1239   1210   1205   1223   1203   1169   1258   1206   1213   1257   1195   1231   1227   1257   1293   1222   1284   1231   1224   1248   1221   1217   1230    718    683    645    690    694    665    731    689    672    660    702    733    702    734    668    668    626    652    693    678    725    689    684    673  
   49     99     60     48     62      0     58     23     44     43     25    109     58     55     36     67    113     51     96     53     50     65     97     36     36     98    114     78     51    114     90     63     28     22    102    118     45    861    850    872    807    829    887    811    878    810    822    821    830    851    846    875    884    840    869    865    856    838    791    850    832    726    796    764    751    783    735    838    804    826    754    844    827    813    763    797    790    737    728    772    782    779    831    816    730    719    742    780    760    807    838    779    798    751   1281   1252   1250   1268   1248   1216   1305   1250   1256   1301   1238   1276   1273   1304   1339   1267   1330   1275   1268   1293   1265   1262   1275    768    730    695    738    742    715    778    737    720    708    750    782    748    784    716    716    674    698    741    728    769    733    732    722  
   81    138     69     69     60     58      0     54     45     21     58    112     24     59     38     38    136     65     94     14     10      9    119     69     76     88    122     80     80    116    122     79     30     38    100    138     62    891    881    906    839    860    916    840    906    842    852    852    862    881    876    905    911    870    899    895    886    870    819    883    862    673    741    709    696    729    680    783    749    772    701    791    773    759    709    744    736    684    675    717    728    725    778    761    675    666    689    726    706    753    784    726    744    696   1298   1269   1264   1282   1262   1227   1316   1265   1272   1316   1254   1290   1285   1315   1352   1281   1342   1290   1283   1306   1280   1276   1289    718    678    644    685    689    664    725    685    667    656    698    730    694    733    664    663    622    644    689    677    715    679    679    670  
   31     87     37     26     39     23     54      0     23     47      5     87     45     33     19     50     94     28     73     45     49     62     77     17     23     75     92     56     32     91     75     41     32     30     79     99     22    847    836    860    794    815    872    797    863    797    808    807    817    837    832    861    869    826    855    851    842    825    776    837    818    710    783    749    737    768    721    823    790    812    739    828    812    799    748    782    775    722    712    757    768    764    816    803    716    703    726    765    745    791    823    763    783    737   1263   1234   1231   1249   1229   1196   1285   1231   1238   1282   1219   1257   1253   1285   1320   1248   1311   1256   1250   1274   1247   1243   1256    751    715    678    722    726    698    763    721    704    692    734    766    733    767    700    700    658    682    725    711    755    719    716    706  
   38     94     25     25     21     44     45     23      0     48     25     74     27     16     11     28     92     21     58     33     45     54     75     29     38     57     81     41     36     78     78     34     37     40     64     94     17    847    837    862    795    815    872    797    863    798    808    808    818    837    832    861    867    826    855    851    842    826    776    839    818    688    761    727    716    746    700    802    768    790    717    806    791    778    727    760    754    700    690    735    746    742    794    781    694    681    704    743    723    769    801    741    762    715   1257   1228   1224   1242   1222   1188   1277   1225   1231   1276   1213   1250   1246   1277   1312   1241   1303   1250   1243   1267   1240   1236   1250    729    692    656    700    704    676    741    699    682    670    712    743    711    745    678    678    636    661    703    688    733    697    694    684  
   78    134     73     68     67     43     21     47     48      0     51    120     38     64     38     53    138     67    103     27     12     25    121     64     69     99    129     87     77    125    121     81     16     22    110    141     62    892    882    906    840    861    918    842    908    843    854    853    863    883    878    906    914    871    901    897    887    871    821    883    864    693    760    729    715    749    700    803    769    792    721    811    794    779    729    764    756    705    695    737    748    745    798    781    695    686    710    746    726    773    804    746    764    716   1304   1276   1272   1289   1270   1236   1324   1272   1279   1323   1261   1297   1293   1324   1360   1289   1350   1297   1290   1314   1287   1283   1297    738    698    665    706    710    685    745    706    688    676    719    750    714    753    684    684    642    664    710    697    735    699    700    691  
   27     83     35     23     39     25     58      5     25     51      0     85     48     32     23     52     91     26     72     48     54     67     74     13     18     75     89     54     28     89     70     38     36     34     77     95     21    843    832    856    790    811    868    793    859    792    804    803    813    833    828    857    865    822    851    847    837    821    772    833    814    712    785    752    740    770    724    826    792    814    741    830    815    802    751    784    778    724    714    759    770    766    818    805    718    706    729    767    747    793    825    765    786    739   1259   1230   1228   1246   1226   1193   1282   1228   1234   1279   1216   1253   1250   1281   1316   1245   1308   1253   1246   1271   1243   1240   1253    753    717    680    724    728    700    765    723    706    694    736    768    735    769    702    702    660    685    727    713    758    721    718    708  
   66     77     51     62     54    109    112     87     74    120     85      0     88     58     84     76     45     59     19     99    115    120     39     75     80     30     13     34     63      5     59     47    110    113     13     40     65    784    775    802    734    753    808    733    798    737    745    745    756    775    769    798    801    764    792    789    779    764    711    778    756    669    753    715    707    732    691    789    757    775    701    788    776    766    712    743    741    682    673    722    734    728    778    771    683    665    686    729    709    753    786    724    748    704   1186   1157   1152   1170   1151   1116   1205   1154   1160   1204   1143   1178   1174   1204   1240   1169   1231   1179   1171   1195   1168   1164   1178    705    674    634    681    685    653    723    679    664    650    693    723    696    722    658    659    616    645    683    665    721    685    675    663  
   65    120     48     51     38     58     24     45     27     38     48     88      0     38     26     15    114     46     70     12     29     32     98     55     63     64     98     57     63     93    104     58     37     44     77    116     44    869    859    885    818    838    893    818    884    820    830    830    840    859    854    883    888    848    877    873    864    848    797    861    840    668    739    706    694    725    678    781    747    769    697    786    770    756    706    740    733    680    670    714    725    722    774    760    673    661    685    723    702    749    781    721    741    694   1274   1245   1240   1258   1238   1203   1292   1241   1248   1292   1230   1266   1262   1291   1328   1257   1318   1266   1259   1282   1256   1252   1265    711    673    638    680    685    658    721    680    663    651    693    724    690    727    659    658    617    640    684    670    712    676    674    665  
   32     84     10     18      8     55     59     33     16     64     32     58     38      0     27     32     77     11     42     46     60     67     61     30     38     43     65     25     29     63     67     21     53     55     48     79     13    832    823    848    781    801    857    782    848    784    794    793    803    823    818    846    852    812    840    837    827    811    761    825    804    685    761    726    715    744    699    800    767    788    714    803    788    776    724    757    752    697    687    733    744    740    792    780    693    679    701    741    721    767    799    738    760    714   1241   1213   1209   1226   1207   1173   1261   1209   1216   1260   1198   1234   1230   1261   1297   1225   1287   1234   1227   1251   1224   1220   1234    725    689    652    696    701    672    738    696    679    666    709    740    709    741    674    674    632    658    700    684    732    695    691    680  
   43    100     35     32     32     36     38     19     11     38     23     84     26     27      0     32    101     29     68     27     36     47     84     31     39     67     92     51     42     89     85     44     26     30     74    104     25    856    846    870    804    824    881    806    872    806    817    816    826    846    841    870    876    835    864    860    851    834    785    847    827    692    764    731    719    750    703    805    771    793    721    810    794    781    730    764    757    704    694    739    749    746    798    784    698    685    708    747    727    773    805    745    765    718   1267   1238   1235   1252   1233   1199   1288   1235   1242   1286   1224   1260   1256   1287   1323   1252   1314   1260   1253   1277   1250   1246   1260    734    697    661    704    708    681    744    704    686    674    717    748    714    750    682    682    640    664    707    693    737    701    698    688  
   63    116     41     49     30     67     38     50     28     53     52     76     15     32     32      0    106     42     57     27     44     45     90     56     65     50     87     46     61     80     98     52     50     56     64    106     42    858    849    875    808    827    882    808    873    810    820    820    830    849    844    872    877    838    866    863    853    838    786    852    830    661    734    700    688    719    672    774    741    762    690    779    763    750    699    733    726    672    663    708    719    715    767    753    667    654    677    716    696    742    774    714    734    687   1261   1232   1227   1245   1225   1190   1278   1228   1235   1279   1218   1253   1248   1278   1315   1244   1305   1253   1246   1269   1243   1239   1252    702    665    629    673    677    649    713    672    655    643    685    716    683    718    651    650    609    633    676    662    706    670    667    657  
   64     40     68     70     77    113    136     94     92    138     91     45    114     77    101    106      0     72     58    123    136    144     17     78     77     71     34     61     63     45     29     58    124    124     55     10     77    756    746    771    704    724    781    705    771    707    717    717    727    746    741    770    776    735    764    760    751    734    684    748    727    711    797    757    750    774    734    832    799    817    743    830    818    809    755    785    783    724    715    765    776    770    820    814    726    707    728    771    751    795    828    765    791    747   1169   1140   1138   1156   1136   1104   1193   1138   1144   1189   1126   1163   1160   1192   1226   1155   1218   1163   1156   1181   1153   1150   1163    745    716    674    722    727    693    765    720    705    692    734    764    739    762    699    700    657    688    725    706    764    728    717    704  
   22     75     10      8     17     51     65     28     21     67     26     59     46     11     29     42     72      0     46     53     65     74     55     20     28     50     65     28     19     64     58     15     54     55     51     75      6    827    817    842    775    796    852    777    843    778    788    788    798    817    812    841    848    806    835    831    822    806    756    819    798    695    771    736    725    754    710    810    777    798    725    814    799    786    735    768    762    707    698    744    755    750    802    790    703    689    712    751    731    777    809    749    770    724   1239   1210   1206   1224   1204   1171   1260   1207   1213   1258   1195   1232   1228   1259   1295   1223   1286   1232   1225   1249   1222   1218   1232    735    700    662    707    711    682    748    706    689    676    719    750    719    751    685    685    642    668    710    694    742    706    701    690  
   58     84     37     51     37     96     94     73     58    103     72     19     70     42     68     57     58     46      0     81     97    101     47     65     71     14     31     18     55     23     65     37     94     97      7     55     52    803    794    821    753    772    826    752    817    755    764    764    775    793    788    817    820    782    810    807    797    782    730    797    774    664    746    708    700    726    684    783    750    769    695    783    770    759    706    738    734    677    668    716    727    722    772    764    677    659    681    723    703    747    780    719    742    697   1205   1176   1171   1188   1169   1134   1223   1172   1179   1222   1161   1196   1192   1222   1258   1187   1249   1197   1189   1213   1186   1182   1196    701    669    630    676    680    649    718    675    659    646    688    719    691    718    653    654    611    640    679    662    715    678    670    659  
   69    126     56     57     47     53     14     45     33     27     48     99     12     46     27     27    123     53     81      0     18     22    106     58     65     75    109     67     68    103    110     66     29     36     87    125     49    878    868    893    826    847    903    827    893    829    839    839    849    868    863    892    897    857    886    882    873    857    806    870    849    674    743    711    698    730    682    785    751    774    702    792    775    761    711    745    737    685    676    719    730    726    779    764    677    667    690    727    707    754    786    727    745    698   1285   1256   1251   1269   1249   1214   1303   1252   1259   1303   1241   1277   1272   1302   1339   1268   1329   1277   1270   1293   1267   1263   1276    717    678    644    686    690    664    726    686    668    656    699    730    695    733    664    664    622    645    690    676    717    681    680    670  
   78    135     69     67     62     50     10     49     45     12     54    115     29     60     36     44    136     65     97     18      0     15    119     65     72     92    124     82     77    120    121     79     22     30    104    139     60    891    881    906    839    860    916    841    907    842    853    852    862    882    877    905    912    870    899    896    886    870    820    883    863    683    750    719    705    738    689    792    759    782    710    800    783    768    719    753    745    694    684    727    737    734    787    770    685    675    699    735    715    763    794    735    753    706   1301   1272   1267   1285   1265   1231   1319   1268   1275   1319   1257   1293   1289   1319   1355   1284   1345   1293   1286   1309   1283   1279   1292    727    687    654    695    699    674    734    695    677    665    708    739    703    742    674    673    632    654    699    686    724    688    689    680  
   90    146     77     78     69     65      9     62     54     25     67    120     32     67     47     45    144     74    101     22     15      0    128     77     84     94    129     88     88    124    131     87     37     44    108    146     70    899    890    915    848    868    924    849    915    851    861    860    870    890    885    913    919    879    907    904    894    878    828    892    871    669    735    705    691    724    675    779    745    768    697    787    769    754    705    740    731    680    671    713    723    721    773    756    671    662    685    721    701    749    780    722    739    692   1305   1276   1271   1289   1269   1234   1323   1272   1279   1323   1261   1297   1292   1322   1359   1288   1349   1297   1290   1313   1287   1283   1296    715    674    641    681    686    661    721    682    664    652    694    726    689    729    660    659    618    640    685    673    710    674    675    667  
   48     39     51     53     61     97    119     77     75    121     74     39     98     61     84     90     17     55     47    106    119    128      0     62     61     60     32     47     47     41     21     41    107    107     46     22     60    772    763    788    721    741    797    722    788    723    734    733    743    763    758    786    793    752    781    777    767    751    701    764    744    708    791    753    745    770    729    827    795    814    739    827    814    804    751    782    779    721    712    761    772    766    816    809    722    703    725    767    747    791    824    762    786    742   1186   1157   1154   1172   1152   1120   1209   1154   1161   1206   1142   1180   1177   1208   1243   1171   1234   1180   1173   1198   1170   1166   1180    743    713    672    719    724    691    762    717    702    689    731    762    735    760    696    697    655    684    722    704    759    723    714    702  
   15     70     29     14     37     36     69     17     29     64     13     75     55     30     31     56     78     20     65     58     65     77     62      0      9     69     79     47     15     80     58     29     49     47     69     83     17    830    820    843    777    798    856    780    846    780    791    790    800    820    815    844    852    809    838    834    825    808    759    820    801    713    789    754    743    772    727    828    795    816    743    832    817    804    753    786    780    726    716    762    773    768    820    808    721    707    730    770    749    795    827    767    788    742   1247   1218   1216   1233   1213   1181   1270   1215   1222   1267   1203   1241   1238   1269   1304   1232   1295   1241   1234   1259   1231   1227   1241    754    718    681    725    730    701    766    725    708    695    738    769    737    770    703    703    661    687    729    713    760    724    720    709  
   15     65     36     21     45     36     76     23     38     69     18     80     63     38     39     65     77     28     71     65     72     84     61      9      0     76     82     54     17     84     55     34     53     50     75     83     25    826    816    839    773    795    852    777    843    776    788    787    796    817    812    840    849    805    835    831    821    804    756    816    798    722    797    763    752    781    736    837    804    825    752    841    826    813    762    795    789    734    725    771    782    777    829    817    730    716    739    778    758    804    836    776    797    751   1245   1217   1215   1233   1212   1181   1270   1214   1220   1266   1202   1240   1237   1269   1303   1232   1295   1240   1233   1258   1230   1227   1240    762    727    690    734    738    709    775    733    716    704    746    777    746    778    712    712    670    695    737    722    769    733    728    718  
   65     96     41     56     37     98     88     75     57     99     75     30     64     43     67     50     71     50     14     75     92     94     60     69     76      0     42     23     62     33     77     44     92     96     18     68     55    813    804    832    763    782    837    762    827    766    774    775    785    804    798    827    830    793    821    818    808    793    740    808    785    653    734    697    688    715    672    771    738    758    684    772    759    748    695    727    723    666    657    705    716    710    761    753    665    648    670    712    691    736    769    708    731    685   1212   1183   1177   1195   1176   1140   1229   1179   1186   1229   1168   1203   1199   1228   1265   1194   1255   1204   1196   1219   1194   1189   1203    691    658    619    665    669    639    707    664    648    635    677    708    679    708    643    643    600    628    668    651    703    667    659    648  
   68     70     57     67     62    114    122     92     81    129     89     13     98     65     92     87     34     65     31    109    124    129     32     79     82     42      0     42     65     12     53     51    117    119     25     28     71    773    764    791    722    742    797    722    787    725    734    734    745    763    758    787    791    752    781    777    767    752    700    767    744    678    763    724    717    741    701    798    766    784    709    797    784    775    721    752    750    691    682    731    743    736    786    781    693    673    695    738    718    761    794    732    757    713   1177   1148   1144   1161   1142   1108   1196   1144   1151   1195   1133   1169   1165   1196   1232   1161   1222   1170   1162   1186   1159   1155   1169    712    683    642    689    693    661    732    687    672    658    701    731    705    730    666    667    624    654    692    673    730    694    684    671  
   43     79     19     34     20     78     80     56     41     87     54     34     57     25     51     46     61     28     18     67     82     88     47     47     54     23     42      0     39     38     60     21     77     80     24     61     34    813    804    830    762    782    837    762    828    765    774    774    785    804    798    827    832    793    821    818    808    792    741    806    785    675    754    718    708    736    693    792    759    779    705    794    780    769    716    748    744    687    678    726    737    731    783    773    686    670    692    733    713    758    790    729    752    706   1219   1190   1185   1203   1184   1149   1238   1186   1193   1237   1175   1211   1207   1237   1273   1202   1264   1211   1204   1228   1201   1197   1211    713    680    641    687    691    661    729    685    669    656    699    730    700    730    664    665    622    649    690    673    724    688    681    670  
    4     59     24     12     35     51     80     32     36     77     28     63     63     29     42     61     63     19     55     68     77     88     47     15     17     62     65     39      0     67     44     18     62     61     59     68     19    816    806    829    763    784    841    766    832    766    777    776    786    806    801    830    838    795    824    820    811    794    745    807    787    711    789    753    743    771    727    827    794    815    741    830    816    804    752    784    779    724    714    761    772    767    819    808    721    706    728    768    748    794    826    765    787    741   1232   1203   1201   1218   1198   1166   1255   1200   1207   1252   1188   1226   1223   1254   1289   1217   1281   1226   1219   1244   1216   1213   1226    750    716    678    723    728    698    765    722    706    693    736    766    736    767    701    701    659    685    726    710    759    723    717    707  
   70     79     55     67     58    114    116     91     78    125     89      5     93     63     89     80     45     64     23    103    120    124     41     80     84     33     12     38     67      0     62     52    115    117     17     40     70    781    772    799    731    750    804    730    795    734    742    742    753    771    766    795    798    760    788    785    775    761    708    775    752    667    752    713    706    730    690    787    755    773    699    786    774    764    710    742    739    680    671    721    732    726    776    770    682    663    684    727    707    751    784    722    746    702   1182   1153   1148   1166   1146   1112   1200   1149   1156   1200   1138   1174   1170   1200   1236   1165   1226   1174   1167   1190   1164   1160   1173    702    672    631    679    683    651    721    677    661    648    690    721    695    719    656    657    614    643    681    663    719    683    673    661  
   44     20     58     54     69     90    122     75     78    121     70     59    104     67     85     98     29     58     65    110    121    131     21     58     55     77     53     60     44     62      0     47    106    104     64     37     61    773    762    786    720    741    798    723    789    723    734    733    743    763    758    787    795    752    781    777    768    751    702    763    744    728    810    772    764    790    748    846    814    833    759    847    833    823    770    801    798    740    731    780    791    785    836    828    740    723    745    787    766    811    844    782    806    761   1192   1163   1162   1179   1159   1128   1217   1161   1167   1212   1148   1187   1184   1216   1250   1179   1242   1186   1180   1205   1177   1174   1187    763    732    692    739    743    711    781    737    722    708    751    781    754    780    716    717    674    703    742    724    779    742    733    721  
   22     65     11     16     23     63     79     41     34     81     38     47     58     21     44     52     58     15     37     66     79     87     41     29     34     44     51     21     18     52     47      0     68     69     41     61     20    813    803    828    761    782    838    763    829    764    774    774    784    803    798    827    833    792    821    817    808    792    742    805    785    695    773    737    727    755    712    812    779    799    725    814    800    788    736    768    763    707    698    745    756    751    802    792    705    689    712    752    732    777    810    749    771    726   1224   1196   1192   1210   1190   1157   1246   1193   1199   1243   1181   1218   1214   1245   1280   1209   1272   1218   1211   1235   1208   1204   1217    733    700    661    707    711    681    748    706    689    676    719    750    720    750    684    685    642    669    710    694    744    707    701    690  
   63    118     61     54     57     28     30     32     37     16     36    110     37     53     26     50    124     54     94     29     22     37    107     49     53     92    117     77     62    115    106     68      0      8    100    128     48    878    868    891    825    846    903    828    894    828    839    838    848    868    863    892    900    857    886    882    873    856    807    868    849    701    770    738    725    757    709    812    778    801    729    819    802    788    738    773    765    713    703    746    757    754    806    791    705    694    718    755    735    782    813    754    773    725   1292   1263   1260   1278   1258   1224   1313   1260   1267   1311   1248   1285   1282   1312   1348   1277   1339   1285   1278   1302   1275   1272   1285    745    706    672    714    718    692    753    714    696    684    726    758    723    761    692    691    650    673    717    704    744    708    708    698  
   61    115     63     55     61     22     38     30     40     22     34    113     44     55     30     56    124     55     97     36     30     44    107     47     50     96    119     80     61    117    104     69      8      0    103    128     49    876    866    889    823    844    902    826    893    826    838    837    846    866    862    890    898    855    884    880    871    854    806    866    847    709    778    746    733    765    717    820    786    809    737    827    810    796    746    780    773    721    711    754    765    762    814    798    713    702    726    763    743    790    821    762    781    733   1292   1264   1261   1278   1258   1225   1314   1261   1267   1312   1249   1286   1283   1314   1349   1277   1340   1286   1279   1303   1276   1272   1286    753    714    680    721    726    700    761    721    704    692    734    766    731    769    700    699    658    681    725    712    752    716    716    706  
   62     83     42     56     43    102    100     79     64    110     77     13     77     48     74     64     55     51      7     87    104    108     46     69     75     18     25     24     59     17     64     41    100    103      0     51     57    797    788    815    747    766    820    746    811    750    758    758    769    787    782    811    814    776    805    801    791    776    724    791    768    664    747    708    700    726    685    783    750    769    695    783    770    760    706    738    735    677    668    716    728    722    772    765    677    659    681    723    703    747    780    718    742    697   1198   1169   1164   1182   1162   1127   1216   1165   1172   1216   1154   1190   1186   1215   1252   1181   1242   1190   1183   1206   1180   1176   1189    700    669    629    676    680    649    718    674    658    645    688    718    691    717    653    654    611    640    678    661    715    679    670    658  
   70     49     70     74     78    118    138     99     94    141     95     40    116     79    104    106     10     75     55    125    139    146     22     83     83     68     28     61     68     40     37     61    128    128     51      0     80    754    744    770    703    723    778    703    769    705    715    715    725    744    739    768    773    733    762    758    749    733    682    746    725    703    790    750    743    767    727    824    792    810    735    822    810    801    747    778    776    716    707    758    769    762    812    807    719    699    721    764    744    787    820    758    783    739   1165   1136   1133   1151   1131   1098   1187   1133   1139   1184   1121   1159   1155   1187   1221   1150   1213   1158   1151   1176   1148   1145   1158    737    708    667    715    719    686    758    712    697    684    726    756    731    754    692    693    650    680    717    698    757    720    709    696  
   22     77     15      8     21     45     62     22     17     62     21     65     44     13     25     42     77      6     52     49     60     70     60     17     25     55     71     34     19     70     61     20     48     49     57     80      0    831    822    846    779    800    857    781    847    782    793    792    802    822    817    845    852    811    840    836    826    810    760    823    803    697    773    738    727    757    712    812    779    800    727    816    801    789    737    770    764    710    700    746    757    753    804    792    705    691    714    754    733    779    811    751    772    726   1244   1215   1212   1230   1210   1177   1265   1212   1219   1263   1200   1237   1234   1265   1300   1229   1291   1237   1230   1255   1227   1224   1237    738    702    665    709    714    685    751    708    692    679    722    753    721    754    687    687    645    671    713    697    744    708    704    693  
  816    762    823    825    831    861    891    847    847    892    843    784    869    832    856    858    756    827    803    878    891    899    772    830    826    813    773    813    816    781    773    813    878    876    797    754    831      0     24     72     63     34     38     54     31     63     39     42     40     11     16     14     73     23     11      8      6     31     77     49     29   1196   1321   1262   1279   1269   1265   1324   1303   1301   1233   1292   1299   1310   1252   1264   1282   1211   1205   1268   1280   1263   1293   1325   1247   1203   1212   1265   1249   1271   1305   1243   1286   1262    495    472    503    518    492    509    583    484    483    540    460    521    533    583    585    518    597    509    512    554    507    517    523   1184   1200   1145   1202   1205   1154   1245   1192   1190   1174   1205   1224   1239   1205   1178   1185   1149   1195   1198   1164   1271   1242   1199   1178  
  805    752    813    815    822    850    881    836    837    882    832    775    859    823    846    849    746    817    794    868    881    890    763    820    816    804    764    804    806    772    762    803    868    866    788    744    822     24      0     54     45     24     60     56     55     44     38     31     21     18     26     33     96     17     34     21     24     12     78     27     25   1199   1324   1266   1281   1273   1268   1328   1307   1305   1236   1297   1304   1314   1255   1268   1286   1215   1209   1271   1284   1267   1297   1329   1250   1206   1215   1269   1253   1275   1309   1247   1290   1265    517    494    526    541    514    532    606    507    505    563    483    543    556    606    607    541    620    531    534    576    529    540    546   1189   1203   1149   1206   1209   1159   1249   1196   1194   1178   1210   1229   1243   1210   1182   1189   1152   1198   1202   1168   1274   1245   1202   1182  
  829    774    838    839    848    872    906    860    862    906    856    802    885    848    870    875    771    842    821    893    906    915    788    843    839    832    791    830    829    799    786    828    891    889    815    770    846     72     54      0     75     74    100    108     98     71     90     77     61     70     79     72    141     71     78     65     74     60    129     32     78   1246   1370   1312   1327   1320   1313   1375   1354   1353   1283   1345   1351   1360   1302   1316   1332   1261   1256   1318   1330   1314   1345   1375   1296   1253   1262   1316   1300   1323   1357   1294   1337   1311    537    516    553    567    541    565    635    532    529    586    506    569    583    636    631    568    647    555    560    604    555    567    572   1237   1250   1196   1253   1256   1206   1296   1244   1241   1225   1257   1277   1289   1259   1229   1236   1198   1244   1250   1215   1321   1291   1249   1229  
