147

    0     43     57     20     25     34     33     25     17    802    803    772    795    787    831    812    821    795    790    797   1823   1815   1790    432    443    432    427    467    401    940    949    930    961    929    929    952    930    936    917    929    901    912    906    930    923    927    940    230    272    446    422    431    436    418    427    445    430    437    865    841    812    822    812   1417   1395   1435   1409   1428   1420   1403   1415   1376    539    523    493    501    530    516    503    508     73     71     60     62     88    726    685    724    721    716    716    721    721    724    822    874    883    896    870    882    883    860    873    882    845    445    461    461    457    459    451    454    465    455    469    461    475    487    425    455   1143   1161   1164   1161   1178   1145   1133   1161   1203   1167   1182   1160   1128   1159   1157   1170    768    766    783    801    775    766    794    741    804    780    822  
   43      0     15     31     18     34     11     19     27    777    778    748    768    763    805    787    795    770    764    772   1807   1799   1773    430    437    429    421    466    397    937    947    927    957    926    926    949    926    932    914    925    898    908    902    926    920    924    937    273    315    419    395    405    412    389    401    415    405    410    857    834    804    815    805   1383   1361   1401   1375   1394   1387   1369   1381   1343    568    548    517    528    555    542    529    533     69     85     77     61     77    744    702    741    740    735    735    738    739    741    812    865    873    887    862    875    874    853    863    871    834    428    442    446    441    444    436    436    446    440    452    442    457    469    408    438   1167   1186   1189   1186   1203   1171   1157   1186   1228   1192   1207   1186   1154   1185   1182   1195    759    756    774    792    766    756    785    732    794    771    813  
   57     15      0     43     32     43     25     33     41    767    768    738    758    754    795    777    785    760    754    762   1800   1792   1766    428    433    426    417    464    394    934    944    924    954    923    923    945    923    928    912    922    895    905    899    923    917    921    934    287    329    409    385    395    403    378    390    404    395    400    853    829    799    811    800   1370   1348   1389   1363   1382   1374   1356   1369   1330    576    555    523    535    562    549    536    540     76     95     88     70     81    748    705    745    745    739    739    742    742    744    807    859    868    882    857    870    869    848    857    865    828    421    434    439    434    437    429    428    438    433    444    434    449    462    401    431   1174   1193   1195   1192   1209   1177   1163   1192   1235   1199   1213   1193   1161   1191   1189   1202    754    750    769    786    761    751    780    726    789    765    807  
   20     31     43      0     15     16     21     16     14    783    784    754    776    769    813    794    802    777    771    779   1807   1799   1773    419    429    418    413    454    387    927    936    917    948    916    916    939    917    922    904    916    888    899    893    917    910    914    927    244    286    427    404    413    417    399    409    426    411    418    850    827    797    808    797   1398   1376   1416   1390   1408   1401   1384   1396   1357    540    522    492    501    529    516    502    507     80     85     75     70     93    721    680    719    717    712    712    716    716    719    807    859    868    881    856    868    868    846    858    866    830    428    444    444    440    442    434    437    447    438    452    444    458    470    408    438   1142   1160   1163   1160   1177   1144   1131   1160   1202   1166   1181   1160   1128   1159   1156   1169    753    750    768    786    760    751    779    726    789    765    807  
   25     18     32     15      0     26      8      2      9    786    788    757    779    773    815    797    805    780    774    782   1813   1805   1780    430    439    429    422    465    398    937    947    928    958    927    926    949    927    932    915    926    899    909    903    927    920    924    937    255    297    429    406    415    421    400    411    427    414    421    860    836    806    817    807   1397   1375   1415   1389   1408   1400   1383   1395   1356    555    537    506    516    544    531    517    522     68     77     68     59     80    735    694    733    732    726    726    730    730    733    816    868    876    890    864    877    877    855    866    875    838    434    449    451    447    449    441    443    453    445    458    449    464    476    414    444   1156   1175   1178   1175   1192   1159   1146   1175   1217   1181   1196   1174   1143   1173   1171   1184    761    759    777    795    769    760    788    735    798    774    816  
   34     34     43     16     26      0     29     28     28    768    769    739    761    754    798    778    787    761    756    763   1791   1783   1757    405    414    404    398    440    372    912    921    902    933    901    901    924    902    907    889    901    873    884    878    902    895    899    912    250    293    412    389    398    402    384    394    412    396    403    835    811    782    793    782   1384   1362   1402   1376   1395   1387   1370   1382   1344    534    515    483    494    522    508    495    499     94    100     90     84    105    711    669    708    707    702    702    705    706    708    792    844    852    866    840    853    853    830    842    851    814    412    428    428    425    427    418    421    432    423    436    428    442    454    393    422   1134   1152   1155   1152   1169   1137   1123   1152   1195   1159   1173   1152   1120   1151   1148   1161    737    735    753    771    745    736    764    711    774    750    792  
   33     11     25     21      8     29      0      8     16    783    784    754    775    769    812    794    802    776    771    778   1811   1803   1778    431    438    429    422    466    398    937    947    928    958    927    927    950    927    933    915    926    899    909    903    927    921    925    938    262    304    426    402    412    418    396    407    423    411    417    859    835    806    817    806   1391   1370   1410   1384   1403   1395   1377   1390   1351    561    542    511    521    549    536    522    527     68     79     70     59     78    739    697    737    736    730    730    734    734    736    815    867    876    889    864    877    876    854    865    874    837    432    447    449    445    448    439    440    450    443    456    447    461    474    412    442   1161   1180   1183   1180   1197   1164   1151   1180   1222   1186   1200   1179   1148   1178   1176   1189    761    758    776    794    768    759    787    734    797    773    815  
   25     19     33     16      2     28      8      0      8    788    789    759    780    774    817    799    807    782    776    783   1815   1807   1781    431    440    430    424    467    399    938    948    929    959    928    928    951    928    934    916    927    900    910    904    928    922    926    939    254    296    431    407    417    423    402    413    429    416    422    861    837    808    819    808   1398   1376   1416   1390   1409   1402   1384   1396   1358    556    538    507    517    544    531    518    522     67     76     66     57     78    736    695    734    733    727    727    731    731    734    817    869    878    891    866    879    878    856    868    876    839    435    451    452    448    451    443    444    454    447    460    451    465    477    416    446   1157   1176   1179   1175   1193   1160   1147   1176   1218   1182   1196   1175   1143   1174   1172   1185    763    760    779    796    770    761    790    736    799    775    817  
   17     27     41     14      9     28     16      8      0    793    794    764    785    779    822    803    812    786    780    788   1818   1810   1784    432    442    431    425    467    400    940    949    930    961    929    929    952    929    935    917    929    901    911    905    930    923    927    940    247    289    436    412    422    427    407    418    434    421    427    863    839    810    820    810   1404   1382   1423   1396   1415   1407   1390   1402   1364    551    534    504    513    540    527    514    519     67     73     63     57     80    734    693    731    730    724    724    729    729    731    819    871    880    893    868    880    880    858    870    879    842    439    455    456    451    454    446    448    458    450    463    455    469    481    419    449   1153   1172   1175   1172   1189   1156   1143   1172   1214   1178   1192   1171   1139   1170   1168   1181    765    763    781    798    773    763    792    738    801    777    820  
  802    777    767    783    786    768    783    788    793      0      8     30     45     21     46     11     38      9     26     16   1062   1056   1026    488    441    477    453    480    486    487    513    478    476    477    472    487    476    460    487    463    467    454    460    466    471    491    478    941    976    359    384    372    366    393    378    370    373    368    364    359    345    359    352    691    664    704    676    689    675    675    683    645    852    806    767    808    812    808    803    796    842    861    853    836    842    761    722    757    779    766    770    749    753    745    309    330    338    352    346    370    339    360    315    311    289    376    349    371    365    370    380    358    346    374    349    351    342    333    390    367   1161   1185   1172   1185   1180   1190   1146   1183   1221   1185   1201   1204   1174   1184   1186   1194    310    290    308    304    307    297    315    298    300    306    309  
  803    778    768    784    788    769    784    789    794      8      0     32     38     28     39     13     31      9     21     10   1064   1058   1028    493    445    482    457    485    490    495    521    485    484    485    480    494    483    468    495    471    475    462    468    474    479    499    486    944    979    360    384    373    368    393    379    370    374    369    372    367    353    367    360    685    659    698    671    684    670    669    677    639    858    812    773    814    818    813    808    802    843    862    854    837    843    769    729    764    786    773    777    756    761    752    317    337    346    360    354    378    347    368    323    318    296    379    352    374    369    374    384    361    349    378    352    354    345    337    393    370   1168   1193   1180   1193   1188   1198   1154   1191   1229   1193   1209   1212   1182   1192   1194   1202    318    298    316    312    315    305    323    306    308    314    317  
  772    748    738    754    757    739    754    759    764     30     32      0     49     22     68     40     58     24     28     29   1089   1083   1053    463    415    451    426    456    460    489    515    479    480    479    473    489    477    463    487    465    466    455    460    468    473    492    480    913    948    330    355    343    337    364    349    341    343    339    365    358    341    357    349    714    688    728    700    713    699    698    707    668    829    784    745    786    790    785    780    773    813    832    824    807    813    746    705    742    763    750    753    733    738    729    308    332    342    356    348    372    342    360    318    315    290    347    321    343    337    343    352    330    318    347    320    322    313    305    362    339   1151   1175   1163   1176   1171   1179   1137   1174   1212   1176   1191   1194   1164   1174   1176   1185    303    283    303    301    301    291    311    289    297    301    308  
  795    768    758    776    779    761    775    780    785     45     38     49      0     60     39     49     30     39     22     30   1088   1082   1052    503    454    491    465    498    498    531    557    521    520    521    516    531    520    504    530    507    510    497    504    510    515    535    522    943    980    350    373    364    361    381    368    356    365    359    408    402    387    402    394    672    647    686    659    673    660    657    665    627    873    828    788    829    834    829    823    817    832    852    844    826    831    793    753    789    810    797    801    781    785    777    352    374    383    397    390    414    383    403    359    355    332    380    352    378    371    378    387    361    349    381    354    354    346    340    393    373   1199   1223   1210   1223   1219   1227   1184   1222   1259   1223   1239   1242   1212   1222   1224   1233    350    330    349    346    348    337    357    337    342    347    352  
  787    763    754    769    773    754    769    774    779     21     28     22     60      0     66     29     59     22     39     32   1069   1063   1034    469    421    457    433    460    467    472    498    462    462    462    457    472    461    446    471    448    451    438    444    451    456    475    463    924    959    346    371    359    352    382    365    359    359    355    349    343    327    342    335    711    685    724    697    710    695    696    703    665    831    785    747    788    791    787    782    775    829    848    839    823    830    741    701    736    758    745    749    728    733    724    292    315    324    338    331    355    325    344    301    297    273    358    333    353    348    353    362    342    330    356    331    334    324    316    373    350   1141   1166   1152   1166   1161   1170   1127   1164   1202   1166   1182   1185   1155   1165   1166   1175    291    271    290    287    289    279    297    279    283    288    292  
  831    805    795    813    815    798    812    817    822     46     39     68     39     66      0     40     11     46     43     39   1051   1044   1014    530    482    519    493    523    527    522    549    513    509    513    507    521    511    495    523    498    504    490    497    501    507    527    513    977   1013    387    411    401    397    418    405    394    402    395    401    397    385    399    392    647    621    660    633    646    632    631    639    601    896    850    811    852    856    852    846    840    869    890    881    863    869    806    767    802    824    810    814    794    798    790    348    365    373    386    382    405    374    397    349    344    325    413    385    409    403    409    418    394    382    413    386    387    378    371    426    404   1203   1228   1214   1228   1222   1233   1189   1226   1263   1228   1244   1247   1218   1227   1229   1237    352    332    349    344    349    339    356    341    340    348    348  
  812    787    777    794    797    778    794    799    803     11     13     40     49     29     40      0     34     18     33     22   1053   1046   1016    497    450    486    462    489    496    487    513    477    475    477    472    486    475    460    487    462    467    454    460    466    471    491    477    951    986    369    394    383    377    403    388    380    383    378    365    360    346    361    354    683    656    696    668    681    666    667    675    636    860    814    775    817    820    816    811    804    852    872    863    846    853    767    728    763    784    771    775    755    759    750    310    329    338    351    346    370    338    360    314    309    288    386    360    380    376    380    390    368    357    384    359    361    352    343    400    377   1164   1189   1175   1189   1183   1194   1150   1187   1224   1188   1204   1208   1178   1187   1189   1198    313    293    310    306    310    300    317    302    301    309    310  
  821    795    785    802    805    787    802    807    812     38     31     58     30     59     11     34      0     38     33     30   1059   1053   1022    520    472    509    483    513    517    520    546    510    507    510    505    519    508    493    520    495    500    487    494    499    504    524    510    967   1003    376    400    390    387    408    395    384    392    385    398    394    380    395    388    656    630    670    642    656    642    641    649    611    887    841    802    843    847    842    837    831    859    879    871    853    859    799    759    795    816    803    807    786    791    782    344    362    371    384    379    403    371    394    347    342    322    402    375    399    393    399    408    384    372    402    375    376    368    361    416    394   1198   1222   1209   1222   1217   1227   1183   1221   1258   1222   1238   1242   1212   1221   1223   1231    347    327    344    340    344    334    351    335    335    343    344  
  795    770    760    777    780    761    776    782    786      9      9     24     39     22     46     18     38      0     19     10   1070   1064   1034    485    437    474    449    477    482    492    519    483    482    482    477    492    481    466    492    468    471    459    465    471    477    496    483    936    971    352    377    365    360    386    371    363    366    361    369    364    349    364    356    693    667    706    678    692    678    677    685    647    850    804    765    806    810    806    801    794    835    855    846    829    836    762    722    758    779    766    770    750    754    746    314    335    344    358    352    375    345    365    320    316    294    371    344    366    361    366    375    353    341    370    344    345    336    328    385    362   1163   1188   1174   1188   1183   1192   1149   1186   1223   1188   1203   1207   1177   1186   1188   1197    313    293    312    308    311    300    319    301    304    310    313  
  790    764    754    771    774    756    771    776    780     26     21     28     22     39     43     33     33     19      0     11   1083   1076   1047    489    440    477    451    482    484    510    536    500    500    500    495    510    499    484    509    486    489    476    483    489    494    513    501    934    970    345    370    359    355    378    364    354    360    354    387    381    365    380    373    687    661    701    673    687    674    672    680    642    856    811    772    812    817    812    807    801    828    849    840    823    829    773    733    769    790    777    781    761    766    757    331    353    362    376    369    393    363    382    338    334    311    370    342    367    360    366    376    351    339    370    343    344    336    328    383    362   1177   1202   1189   1202   1198   1206   1163   1200   1238   1202   1218   1221   1191   1201   1203   1211    328    309    328    325    326    316    335    315    321    326    330  
  797    772    762    779    782    763    778    783    788     16     10     29     30     32     39     22     30     10     11      0   1073   1066   1036    491    443    480    455    484    488    502    528    492    491    492    487    502    491    475    502    478    481    469    475    481    486    506    493    940    975    353    378    367    362    386    372    363    368    362    379    373    359    374    366    686    660    699    671    685    671    670    678    640    857    812    773    814    818    813    808    802    836    856    848    830    837    771    731    767    788    775    779    759    763    755    324    345    354    368    361    385    354    375    330    326    303    375    348    371    365    371    380    357    345    374    348    349    341    333    389    367   1173   1197   1184   1198   1193   1202   1159   1196   1233   1197   1213   1216   1186   1196   1198   1207    323    303    322    318    321    310    329    310    314    320    323  
 1823   1807   1800   1807   1813   1791   1811   1815   1818   1062   1064   1089   1088   1069   1051   1053   1059   1070   1083   1073      0     11     39   1418   1391   1414   1407   1390   1439    969    977    974    936    975    972    955    974    957    996    966   1001    981    991    967    978    987    963   1905   1930   1406   1432   1416   1404   1445   1425   1425   1415   1415    989   1013   1038   1033   1041    941    929    926    921    904    883    936    924    926   1644   1607   1586   1622   1608   1612   1615   1606   1876   1890   1880   1868   1879   1417   1410   1414   1438   1429   1433   1408   1413   1402   1017    968    961    951    977    972    961    993    965    954    988   1380   1366   1363   1367   1365   1373   1372   1363   1369   1356   1366   1351   1338   1400   1370   1539   1557   1533   1558   1531   1582   1528   1554   1568   1550   1560   1588   1575   1557   1563   1562   1072   1069   1056   1037   1064   1070   1047   1095   1033   1059   1016  
 1815   1799   1792   1799   1805   1783   1803   1807   1810   1056   1058   1083   1082   1063   1044   1046   1053   1064   1076   1066     11      0     36   1410   1383   1405   1399   1382   1430    960    967    964    927    965    962    945    964    947    986    957    991    971    982    958    969    977    953   1896   1921   1398   1424   1409   1396   1437   1418   1418   1407   1408    980   1004   1029   1024   1032    941    929    927    921    904    883    936    924    925   1634   1597   1577   1612   1599   1603   1606   1596   1868   1882   1872   1860   1872   1407   1400   1404   1428   1419   1423   1398   1403   1392   1008    959    952    942    968    963    952    984    956    945    979   1372   1359   1355   1359   1357   1365   1364   1355   1361   1348   1358   1343   1330   1392   1362   1528   1547   1522   1547   1520   1571   1517   1544   1557   1539   1549   1577   1564   1546   1552   1551   1063   1060   1047   1028   1055   1062   1038   1086   1024   1050   1007  
 1790   1773   1766   1773   1780   1757   1778   1781   1784   1026   1028   1053   1052   1034   1014   1016   1022   1034   1047   1036     39     36      0   1387   1359   1382   1375   1359   1407    943    951    947    909    948    945    928    947    930    969    939    973    953    964    940    951    960    936   1873   1899   1370   1396   1381   1369   1409   1390   1389   1380   1380    960    983   1008   1003   1011    906    894    891    886    869    848    901    889    890   1617   1580   1558   1595   1581   1585   1588   1578   1842   1856   1847   1834   1845   1392   1385   1390   1414   1404   1408   1384   1388   1377    986    937    930    921    947    943    930    963    934    923    956   1346   1332   1330   1334   1331   1340   1338   1328   1335   1322   1332   1317   1304   1366   1336   1524   1543   1518   1543   1517   1567   1513   1540   1554   1536   1546   1573   1560   1542   1548   1548   1041   1037   1025   1006   1033   1039   1016   1063   1001   1028    985  
  432    430    428    419    430    405    431    431    432    488    493    463    503    469    530    497    520    485    489    491   1418   1410   1387      0     52     14     49     37     40    508    517    499    530    498    498    521    498    505    485    498    470    481    474    499    492    495    509    488    517    266    271    255    233    289    268    305    248    268    439    415    386    395    386   1175   1149   1189   1161   1175   1162   1159   1168   1129    382    338    296    335    345    338    330    325    498    503    492    488    507    401    352    397    408    397    400    391    393    390    403    454    461    473    447    457    462    435    455    465    431    156    189    141    156    143    137    180    189    142    174    185    180    180    160    157    854    877    872    877    885    870    842    876    919    881    896    886    853    876    875    887    348    350    364    382    356    349    373    324    386    361    403  
  443    437    433    429    439    414    438    440    442    441    445    415    454    421    482    450    472    437    440    443   1391   1383   1359     52      0     39     17     67     49    502    513    492    521    491    490    513    491    496    480    489    463    472    467    491    485    490    501    521    552    220    227    210    187    246    224    261    203    223    422    398    369    379    369   1125   1100   1140   1112   1127   1113   1110   1119   1080    434    390    348    386    397    389    382    377    505    513    503    496    513    441    393    437    450    439    441    431    434    430    380    432    440    453    428    440    441    417    432    441    405    107    139     90    106     93     86    131    139     91    123    135    129    128    114    107    894    917    911    917    923    911    881    916    958    920    936    927    894    915    915    927    325    325    341    360    333    325    352    300    363    338    381  
  432    429    426    418    429    404    429    430    431    477    482    451    491    457    519    486    509    474    477    480   1414   1405   1382     14     39      0     35     43     33    509    519    499    530    498    498    521    499    505    486    498    470    481    475    499    492    496    509    494    523    253    258    242    220    276    254    292    234    255    437    413    384    393    383   1163   1137   1177   1149   1164   1150   1147   1156   1117    396    352    310    348    359    351    343    339    496    502    491    487    505    413    365    409    420    410    412    403    405    402    399    450    458    470    444    454    458    432    451    461    426    142    175    128    143    130    123    166    175    128    160    171    167    166    146    143    867    889    884    889    896    883    854    888    931    893    909    898    866    888    887    899    344    345    360    379    352    344    370    319    382    357    400  
  427    421    417    413    422    398    422    424    425    453    457    426    465    433    493    462    483    449    451    455   1407   1399   1375     49     17     35      0     72     35    517    529    508    537    507    506    529    507    511    496    505    479    488    483    506    500    506    517    506    537    219    224    208    185    242    220    258    200    220    438    414    385    395    385   1136   1110   1150   1123   1137   1124   1120   1129   1091    429    385    342    381    392    384    376    372    489    497    486    480    497    446    397    442    454    443    445    435    438    435    397    448    457    470    444    456    457    434    448    458    422    108    141     95    109     97     89    132    141     95    127    137    133    134    112    109    899    922    917    922    929    915    886    921    963    925    941    931    899    920    920    931    342    341    358    376    350    341    368    316    379    354    397  
  467    466    464    454    465    440    466    467    467    480    485    456    498    460    523    489    513    477    482    484   1390   1382   1359     37     67     43     72      0     75    474    482    464    496    463    464    486    464    471    450    464    435    447    440    465    457    460    475    515    542    287    293    277    253    312    290    327    269    289    408    384    356    364    355   1169   1143   1183   1155   1169   1154   1154   1162   1123    379    334    292    333    340    334    327    322    533    538    527    523    543    375    327    371    384    372    375    365    367    364    374    424    431    443    417    425    432    404    426    437    403    172    204    154    170    156    151    196    203    156    186    200    192    189    180    172    828    851    846    851    858    845    815    850    892    854    870    861    828    849    849    861    319    322    335    354    327    321    344    296    358    332    375  
  401    397    394    387    398    372    398    399    400    486    490    460    498    467    527    496    517    482    484    488   1439   1430   1407     40     49     33     35     75      0    540    550    531    561    530    529    552    530    535    518    529    502    512    506    530    523    528    540    473    503    237    238    224    204    256    236    274    217    237    466    442    413    422    412   1168   1143   1183   1155   1170   1157   1153   1162   1123    403    360    317    355    367    359    350    347    465    471    461    456    474    438    389    434    444    434    436    428    430    428    426    478    486    498    472    483    486    461    478    488    452    132    167    124    136    125    117    157    167    122    155    163    161    164    132    136    891    914    909    914    922    906    879    913    955    917    933    922    889    912    912    923    371    371    387    405    379    371    397    346    409    384    427  
  940    937    934    927    937    912    937    938    940    487    495    489    531    472    522    487    520    492    510    502    969    960    943    508    502    509    517    474    540      0     28     11     35     12     16     15     13     30     27     25     39     36     36     21     19     18     12    967    986    629    652    631    609    672    645    667    626    638    125    137    163    147    158   1054   1027   1060   1034   1039   1018   1039   1041   1008    675    638    619    654    640    644    648    638   1005   1010    999    995   1013    458    445    455    479    469    473    448    453    442    185    158    150    137    141    118    149    130    173    179    199    545    551    520    533    523    527    551    547    526    532    548    530    517    565    536    732    756    738    756    743    768    718    754    785    753    768    780    755    755    758    764    214    229    205    198    211    224    194    241    200    208    185  
  949    947    944    936    947    921    947    948    949    513    521    515    557    498    549    513    546    519    536    528    977    967    951    517    513    519    529    482    550     28      0     36     55     37     42     35     38     56     35     52     55     61     57     48     43     26     38    970    988    648    670    649    626    690    663    686    644    656    150    161    185    169    180   1080   1053   1086   1060   1064   1043   1065   1067   1034    668    632    615    649    634    638    642    633   1014   1019   1008   1005   1024    445    434    442    466    456    460    435    440    429    210    185    177    164    168    144    176    155    200    206    226    560    568    536    549    538    543    568    564    542    549    565    547    534    580    552    707    731    712    731    718    743    693    729    760    728    743    756    730    730    733    739    236    252    228    222    233    246    217    262    224    231    210  
  930    927    924    917    928    902    928    929    930    478    485    479    521    462    513    477    510    483    500    492    974    964    947    499    492    499    508    464    531     11     36      0     38      2      6     22      2     24     24     17     30     25     26     14      8     18     12    959    979    619    641    621    598    661    635    656    615    627    115    127    152    136    147   1049   1022   1055   1029   1034   1013   1034   1036   1003    671    633    614    649    635    639    642    633    995   1001    990    986   1004    456    442    453    478    467    471    446    451    440    175    149    141    129    132    108    140    120    164    171    190    534    540    510    522    512    517    541    537    516    521    537    520    507    554    525    736    761    743    761    748    772    722    758    790    758    773    785    759    760    763    769    203    218    194    188    200    213    183    231    190    198    175  
  961    957    954    948    958    933    958    959    961    476    484    480    520    462    509    475    507    482    500    491    936    927    909    530    521    530    537    496    561     35     55     38      0     39     36     22     38     26     60     33     66     50     58     33     43     53     27    995   1014    639    662    641    619    681    655    675    636    648    122    140    168    153    164   1027   1000   1032   1007   1011    990   1012   1013    981    708    671    651    687    672    676    680    670   1025   1032   1021   1016   1034    492    479    490    514    503    508    483    487    476    184    148    139    124    134    111    138    128    162    166    191    558    563    534    546    537    542    564    559    540    544    560    542    529    579    549    761    785    766    785    771    798    747    783    814    782    797    810    785    784    788    793    220    233    209    199    216    229    197    248    200    213    184  
  929    926    923    916    927    901    927    928    929    477    485    479    521    462    513    477    510    482    500    492    975    965    948    498    491    498    507    463    530     12     37      2     39      0      7     23      3     25     23     17     29     25     25     14      7     18     13    958    978    618    640    620    597    660    634    656    614    627    114    126    151    135    146   1049   1022   1055   1029   1034   1013   1034   1036   1003    670    632    613    648    634    638    641    632    994   1000    989    985   1003    455    441    452    477    466    470    445    450    439    175    149    141    129    131    108    140    120    164    171    189    533    539    509    521    511    516    540    536    515    521    537    519    506    553    524    736    760    742    760    748    772    722    758    790    758    773    784    759    759    763    768    203    218    194    187    200    212    182    230    189    197    175  
  929    926    923    916    926    901    927    928    929    472    480    473    516    457    507    472    505    477    495    487    972    962    945    498    490    498    506    464    529     16     42      6     36      7      0     24      5     19     28     11     30     21     24      8      7     24     12    960    979    615    638    617    595    658    631    653    612    624    109    122    148    132    143   1043   1016   1049   1023   1028   1007   1028   1030    997    673    636    616    651    637    641    644    635    994   1000    989    985   1003    460    445    457    481    470    475    450    454    443    170    143    135    123    126    102    134    115    158    165    184    531    537    507    520    510    515    538    534    513    518    534    517    504    552    522    742    766    748    767    754    778    728    764    796    764    779    791    765    765    769    775    199    214    190    183    196    209    179    227    185    193    170  
  952    949    945    939    949    924    950    951    952    487    494    489    531    472    521    486    519    492    510    502    955    945    928    521    513    521    529    486    552     15     35     22     22     23     24      0     23     27     42     27     52     43     47     25     29     33     13    981   1000    638    660    640    617    680    654    675    634    646    127    142    169    153    164   1046   1019   1052   1026   1030   1009   1031   1033   1000    690    653    634    669    655    659    662    653   1017   1023   1012   1007   1025    472    459    469    494    483    487    463    467    456    189    158    149    135    142    118    148    133    172    178    200    554    560    530    542    533    538    560    556    536    541    557    539    526    575    545    741    765    747    765    752    778    727    763    794    762    777    790    764    764    767    773    221    235    211    203    217    230    199    248    204    214    189  
  930    926    923    917    927    902    927    928    929    476    483    477    520    461    511    475    508    481    499    491    974    964    947    498    491    499    507    464    530     13     38      2     38      3      5     23      0     23     25     15     30     24     25     12      7     20     12    959    979    617    640    619    597    660    633    655    614    626    113    125    151    134    145   1047   1020   1053   1027   1032   1011   1032   1034   1001    671    634    614    649    635    639    643    633    994   1000    989    985   1003    457    442    454    478    468    472    447    451    441    173    147    139    127    130    106    138    118    162    169    188    533    539    509    521    511    516    540    535    515    520    536    519    505    553    524    738    762    744    763    750    774    724    760    792    760    775    787    761    761    765    771    202    217    193    186    199    212    181    229    188    196    173  
  936    932    928    922    932    907    933    934    935    460    468    463    504    446    495    460    493    466    484    475    957    947    930    505    496    505    511    471    535     30     56     24     26     25     19     27     23      0     46     10     44     25     35     12     24     42     19    970    990    614    637    617    595    657    631    651    611    623    101    117    144    129    140   1026    998   1031   1006   1010    989   1010   1012    980    688    650    630    666    652    656    659    649   1000   1006    995    991   1008    477    462    474    499    488    492    467    472    461    163    131    123    109    115     92    122    107    146    152    173    533    538    509    521    511    517    539    534    515    519    535    517    504    553    524    760    784    766    784    772    796    746    782    814    782    796    809    783    783    787    792    196    210    186    177    192    205    174    224    178    189    162  
