81

    0     68     23     15      6     19     60     58     29     68     55     23     57     59    104     81    138    129    113    504    548    563    516    510    554    508    526    494    533    510    557    543    564    561    556    570    575    545    584    560    555    341    344    314    380    384    350    309    353    365    326    358    328    324    317    349    362    355    356    282    256    289    294    269    279    275    250    253    249    243    165    171    208    237    199    184    206    221    213    207    206  
   68      0     47     53     68     55     76     18     42     35     31     80     79     37    105    117    139    137    130    438    484    497    454    446    490    442    464    430    468    445    521    506    526    525    520    532    539    506    545    525    519    408    411    381    448    451    417    377    421    433    393    426    395    391    384    416    429    422    423    231    215    274    281    255    267    256    235    237    234    175     98    103    142    171    132    117    139    154    147    139    139  
   23     47      0      9     22      9     50     35      6     46     32     34     50     48     93     82    128    121    107    481    525    540    494    487    532    485    503    472    511    487    539    525    545    543    537    552    557    526    565    542    537    362    366    335    402    406    372    332    375    387    347    380    349    345    340    371    384    377    378    261    236    276    281    256    266    260    236    240    235    222    144    149    188    217    177    163    186    199    193    185    185  
   15     53      9      0     16     10     56     43     15     54     41     31     54     48     99     84    134    127    112    489    533    548    502    495    540    493    511    480    518    495    548    534    554    551    546    560    565    535    574    551    545    356    359    329    395    399    365    324    368    380    341    373    343    339    332    364    377    370    371    270    245    283    288    263    273    268    244    247    243    228    150    156    194    223    184    169    192    206    198    192    191  
    6     68     22     16      0     16     55     57     28     65     53     18     51     62     99     75    133    124    107    503    546    561    514    508    553    507    524    493    532    508    553    539    559    556    551    566    570    541    579    556    550    341    345    314    381    384    350    310    354    365    326    358    328    324    318    350    362    355    357    279    252    284    288    264    273    269    245    248    243    243    165    170    209    238    198    184    207    221    214    207    206  
   19     55      9     10     16      0     46     42     13     49     37     26     45     56     90     75    124    117    102    487    531    546    499    493    537    492    508    477    517    493    540    526    546    544    538    553    557    527    566    543    537    355    360    328    395    399    365    325    368    380    340    372    342    338    333    365    377    370    372    264    238    274    279    254    264    259    234    238    233    229    151    156    196    225    183    170    193    207    201    193    193  
   60     76     50     56     55     46      0     58     49     47     46     45      7     94     45     44     79     71     58    478    515    533    482    479    524    483    490    464    505    480    501    487    508    505    499    514    518    490    528    504    498    359    372    334    403    407    374    336    378    387    344    378    346    346    347    378    386    380    386    237    204    230    234    210    219    216    191    194    189    234    160    159    207    236    182    176    202    209    212    199    201  
   58     18     35     43     57     42     58      0     29     21     13     66     61     46     88    100    123    121    113    446    491    505    459    453    497    451    469    437    476    453    515    501    521    519    514    527    533    501    540    519    513    396    401    369    436    440    406    366    410    421    381    414    383    380    374    406    418    411    413    231    210    263    269    243    254    245    223    226    222    188    111    115    157    186    142    129    153    165    161    152    153  
   29     42      6     15     28     13     49     29      0     40     27     39     49     46     90     84    126    120    107    475    519    534    488    481    526    480    497    466    505    481    535    521    541    539    533    547    552    522    560    538    532    367    372    341    408    411    377    337    381    392    352    385    355    351    345    377    389    382    384    255    231    273    278    253    263    257    233    236    232    216    138    143    183    212    171    157    180    194    188    180    180  
   68     35     46     54     65     49     47     21     40      0     14     69     52     66     70     90    104    103     97    441    482    498    450    445    490    445    460    430    469    446    497    483    503    501    496    509    515    483    522    500    495    398    406    372    440    444    410    371    414    424    383    416    385    383    380    411    422    416    419    216    192    243    249    223    234    225    203    206    202    190    114    115    161    190    139    131    156    165    166    154    156  
   55     31     32     41     53     37     46     13     27     14      0     58     49     56     77     88    112    109    100    451    494    509    462    456    501    456    472    441    480    457    510    496    516    514    509    522    528    497    536    514    508    389    396    362    430    434    400    360    404    415    374    407    376    373    369    401    412    405    408    229    206    254    259    234    245    236    214    217    213    197    120    122    166    195    148    137    162    173    171    160    162  
   23     80     34     31     18     26     45     66     39     69     58      0     41     79     89     58    121    111     92    509    550    567    518    513    558    514    527    498    538    514    546    532    553    550    544    559    563    535    573    549    543    331    338    304    372    376    342    303    346    357    316    349    318    315    312    343    354    348    351    278    248    273    277    253    262    260    234    238    233    253    176    180    221    250    206    194    218    230    226    217    217  
   57     79     50     54     51     45      7     61     49     52     49     41      0     95     49     39     82     73     58    484    521    540    488    485    530    489    497    471    511    487    506    493    513    510    504    520    523    495    534    509    503    353    365    327    397    401    368    330    371    380    337    372    340    340    341    371    379    374    380    243    210    234    237    214    223    220    194    198    193    240    165    165    212    241    188    181    207    214    217    204    207  
   59     37     48     48     62     56     94     46     46     66     56     79     95      0    131    130    167    163    152    463    513    524    484    474    518    467    494    458    495    473    558    543    563    562    556    569    575    542    581    561    556    393    392    366    430    433    399    358    403    416    379    410    381    375    363    395    411    404    401    267    251    308    314    288    300    290    268    271    267    194    118    128    157    185    159    138    157    176    161    160    156  
  104    105     93     99     99     90     45     88     90     70     77     89     49    131      0     58     36     33     35    461    492    514    458    457    503    466    466    444    486    460    459    446    466    462    457    473    476    449    487    462    456    380    399    356    427    431    399    362    402    410    365    400    367    370    375    405    410    405    414    206    168    186    190    166    175    171    146    150    145    236    169    163    216    243    179    181    208    208    221    202    207  
   81    117     82     84     75     75     44    100     84     90     88     58     39    130     58      0     77     63     41    515    547    568    514    513    558    520    522    499    540    515    509    497    517    513    507    524    526    501    538    512    506    324    341    300    370    374    342    305    345    353    309    344    311    313    318    348    353    348    357    263    225    227    229    208    215    217    190    194    189    277    203    202    251    279    223    218    245    251    255    241    244  
  138    139    128    134    133    124     79    123    126    104    112    121     82    167     36     77      0     16     38    464    488    513    454    456    501    469    461    444    486    460    433    420    440    436    431    447    450    424    462    435    430    387    411    365    436    440    410    375    412    418    372    408    375    379    389    418    420    416    428    198    154    153    157    133    142    141    115    119    113    255    194    185    239    266    197    203    231    227    245    223    230  
  129    137    121    127    124    117     71    121    120    103    109    111     73    163     33     63     16      0     23    477    503    527    469    470    515    483    476    458    500    474    447    434    454    450    445    461    464    439    476    449    444    372    395    350    420    425    394    359    397    403    357    393    360    364    374    402    404    401    413    213    170    165    168    145    153    154    127    131    126    264    199    192    246    273    206    210    237    235    251    231    237  
  113    130    107    112    107    102     58    113    107     97    100     92     58    152     35     41     38     23      0    493    521    544    487    487    533    498    494    475    516    491    469    457    477    473    467    484    486    461    499    472    466    352    374    329    400    404    374    338    376    383    337    373    340    343    352    381    384    380    391    232    190    187    189    167    174    176    149    153    148    270    202    197    249    277    213    214    242    242    254    236    241  
  504    438    481    489    503    487    478    446    475    441    451    509    484    463    461    515    464    477    493      0     84     66     85     52     69      7     95     40     38     36    396    382    392    401    399    390    408    364    389    402    401    837    846    811    880    884    851    811    854    864    821    856    824    823    820    852    862    856    859    277    328    436    447    435    445    418    429    426    430    274    346    336    316    294    306    326    311    288    314    306    312  
  548    484    525    533    546    531    515    491    519    482    494    550    521    513    492    547    488    503    521     84      0     47     36     43     28     86     33     62     51     52    340    327    334    344    343    331    349    308    327    345    345    871    886    847    917    921    888    850    892    900    856    891    858    859    861    892    899    894    900    292    341    434    444    436    445    419    435    431    436    334    399    386    375    358    355    379    369    342    374    362    370  
  563    497    540    548    561    546    533    505    534    498    509    567    540    524    514    568    513    527    544     66     47      0     75     59     20     65     77     70     30     54    387    374    381    390    390    377    396    354    374    392    392    892    904    867    936    940    907    868    911    920    876    911    879    879    878    909    919    913    917    320    371    469    480    471    480    453    468    464    469    338    408    397    379    359    366    388    374    350    377    368    375  
  516    454    494    502    514    499    482    459    488    450    462    518    488    484    458    514    454    469    487     85     36     75      0     34     57     89     13     49     64     49    318    304    312    322    321    310    328    285    308    323    323    837    853    813    883    888    855    817    859    867    822    857    825    826    828    859    866    861    867    257    306    399    409    401    410    384    400    396    401    308    371    357    349    333    326    351    342    315    348    334    343  
  510    446    487    495    508    493    479    453    481    445    456    513    485    474    457    513    456    470    487     52     43     59     34      0     46     56     44     20     37     16    348    334    343    352    351    341    359    316    340    353    353    836    850    812    881    885    853    814    856    865    821    856    823    824    824    855    864    858    863    262    313    412    423    413    423    395    409    406    411    293    359    347    334    316    316    339    328    302    333    321    329  
  554    490    532    540    553    537    524    497    526    490    501    558    530    518    503    558    501    515    533     69     28     20     57     46      0     69     58     61     31     46    367    354    361    371    370    358    376    335    354    372    372    881    895    857    926    930    898    859    901    910    866    901    869    869    869    900    909    903    908    306    357    453    464    455    464    437    452    449    454    334    402    390    375    356    359    382    370    344    374    363    371  
  508    442    485    493    507    492    483    451    480    445    456    514    489    467    466    520    469    483    498      7     86     65     89     56     69      0     99     46     39     40    402    388    397    406    405    396    414    370    395    407    407    841    851    816    885    889    855    816    859    869    826    860    829    828    824    856    867    861    863    283    334    442    453    441    452    424    435    432    436    278    350    340    319    297    310    330    315    291    317    309    315  
  526    464    503    511    524    508    490    469    497    460    472    527    497    494    466    522    461    476    494     95     33     77     13     44     58     99      0     61     71     59    312    298    306    315    315    303    322    279    301    317    317    845    862    821    892    896    864    826    867    875    830    865    833    834    837    868    875    869    876    264    312    402    413    406    414    388    404    401    406    320    381    368    360    345    336    362    353    325    360    345    354  
  494    430    472    480    493    477    464    437    466    430    441    498    471    458    444    499    444    458    475     40     62     70     49     20     61     46     61      0     43     17    357    342    352    361    359    350    368    324    350    362    361    822    835    798    867    871    838    799    842    851    807    842    810    810    809    841    850    844    848    252    303    406    417    406    416    388    402    398    403    275    342    330    316    298    299    322    310    284    315    303    311  
  533    468    511    518    532    517    505    476    505    469    480    538    511    495    486    540    486    500    516     38     51     30     64     37     31     39     71     43      0     27    382    368    376    385    384    374    392    349    371    387    386    863    875    838    908    911    878    839    882    891    848    883    850    850    849    880    890    884    888    294    345    447    458    447    457    430    444    440    445    308    378    367    350    330    337    358    345    320    348    339    345  
  510    445    487    495    508    493    480    453    481    446    457    514    487    473    460    515    460    474    491     36     52     54     49     16     46     40     59     17     27      0    364    350    359    368    367    357    375    332    356    369    369    838    851    814    883    887    854    815    858    867    823    858    826    826    825    856    866    860    864    268    319    421    432    421    431    404    417    414    419    289    357    345    330    311    314    337    324    299    328    318    325  
  557    521    539    548    553    540    501    515    535    497    510    546    506    558    459    509    433    447    469    396    340    387    318    348    367    402    312    357    382    364      0     17     11      5      5     20     18     33     36      6      7    788    825    772    840    845    819    791    822    822    774    810    778    788    808    834    828    826    845    303    307    291    294    308    306    296    323    318    324    472    488    470    499    502    446    476    487    457    501    474    487  
  543    506    525    534    539    526    487    501    521    483    496    532    493    543    446    497    420    434    457    382    327    374    304    334    354    388    298    342    368    350     17      0     21     22     18     28     34     21     43     22     20    779    815    762    830    835    809    780    812    812    765    800    768    778    798    823    818    816    834    287    292    280    283    297    295    284    311    306    312    456    472    454    483    485    430    460    471    441    485    458    471  
  564    526    545    554    559    546    508    521    541    503    516    553    513    563    466    517    440    454    477    392    334    381    312    343    361    397    306    352    376    359     11     21      0     12     16      9     17     29     25     14     18    797    834    781    849    854    828    799    831    831    783    819    787    797    817    842    837    835    854    306    312    299    302    316    314    304    331    326    332    474    491    473    501    504    449    479    489    460    504    477    490  
  561    525    543    551    556    544    505    519    539    501    514    550    510    562    462    513    436    450    473    401    344    390    322    352    371    406    315    361    385    368      5     22     12      0      6     20     14     37     35      2      8    791    828    775    843    848    822    793    824    825    777    812    780    791    811    836    830    829    848    307    311    294    296    311    308    299    326    321    327    477    492    474    503    506    451    481    491    462    506    479    491  
  556    520    537    546    551    538    499    514    533    496    509    544    504    556    457    507    431    445    467    399    343    390    321    351    370    405    315    359    384    367      5     18     16      6      0     24     20     36     40      5      3    785    822    769    837    842    816    788    819    819    771    807    774    785    806    831    824    823    842    302    306    288    291    305    303    293    320    316    322    472    487    469    499    502    446    476    487    457    501    474    487  
  570    532    552    560    566    553    514    527    547    509    522    559    520    569    473    524    447    461    484    390    331    377    310    341    358    396    303    350    374    357     20     28      9     20     24      0     19     30     17     22     27    805    842    789    857    862    836    807    839    839    791    827    795    805    825    850    845    843    862    311    318    307    310    324    322    311    338    334    340    478    496    478    506    507    454    484    494    464    508    481    494  
  575    539    557    565    570    557    518    533    552    515    528    563    523    575    476    526    450    464    486    408    349    396    328    359    376    414    322    368    392    375     18     34     17     14     20     19      0     45     29     15     21    803    841    788    855    860    835    806    837    837    789    825    793    803    824    849    843    842    861    320    325    307    309    324    322    312    339    335    341    489    506    487    516    519    464    494    504    475    519    492    505  
  545    506    526    535    541    527    490    501    522    483    497    535    495    542    449    501    424    439    461    364    308    354    285    316    335    370    279    324    349    332     33     21     29     37     36     30     45      0     40     38     38    788    823    771    839    844    818    788    820    822    774    809    777    786    805    831    826    825    842    283    292    288    292    304    303    290    317    313    319    448    468    449    476    478    425    455    464    435    479    452    465  
  584    545    565    574    579    566    528    540    560    522    536    573    534    581    487    538    462    476    499    389    327    374    308    340    354    395    301    350    371    356     36     43     25     35     40     17     29     40      0     37     42    821    857    805    873    878    852    823    854    855    807    843    811    821    840    866    860    859    877    322    331    323    326    340    338    326    353    349    355    486    507    489    515    516    464    494    503    473    517    491    503  
  560    525    542    551    556    543    504    519    538    500    514    549    509    561    462    512    435    449    472    402    345    392    323    353    372    407    317    362    387    369      6     22     14      2      5     22     15     38     37      0      7    789    827    774    842    846    821    792    823    824    776    811    779    789    810    835    829    828    847    307    311    293    295    310    307    298    325    320    326    477    492    474    503    506    451    480    491    462    506    479    491  
  555    519    537    545    550    537    498    513    532    495    508    543    503    556    456    506    430    444    466    401    345    392    323    353    372    407    317    361    386    369      7     20     18      8      3     27     21     38     42      7      0    783    821    768    836    840    815    786    817    818    770    805    773    783    804    829    823    822    841    302    305    287    289    304    301    292    319    315    320    473    487    469    499    502    446    476    487    458    502    474    487  
  341    408    362    356    341    355    359    396    367    398    389    331    353    393    380    324    387    372    352    837    871    892    837    836    881    841    845    822    863    838    788    779    797    791    785    805    803    788    821    789    783      0     62     29     53     58     43     58     43     35     16     22     13     29     76     71     45     50     84    584    541    500    496    485    485    500    475    479    473    583    505    510    548    577    537    524    547    561    553    547    546  
  344    411    366    359    345    360    372    401    372    406    396    338    365    392    399    341    411    395    374    846    886    904    853    850    895    851    862    835    875    851    825    815    834    828    822    842    841    823    857    827    821     62      0     58     47     48     21     37     24     44     66     52     63     43     31     11     30     19     24    604    564    535    532    519    520    533    507    511    505    585    507    514    548    576    543    527    548    565    552    549    547  
  314    381    335    329    314    328    334    369    341    372    362    304    327    366    356    300    365    350    329    811    847    867    813    812    857    816    821    798    838    814    772    762    781    775    769    789    788    771    805    774    768     29     58      0     71     75     48     39     50     54     18     45     18     17     61     68     56     55     82    561    519    483    479    467    468    482    456    461    455    556    478    483    521    549    510    497    520    534    525    520    519  
  380    448    402    395    381    395    403    436    408    440    430    372    397    430    427    370    436    420    400    880    917    936    883    881    926    885    892    867    908    883    840    830    849    843    837    857    855    839    873    842    836     53     47     71      0      6     32     74     29     18     66     31     63     58     77     51     20     30     58    631    589    552    548    537    537    552    526    530    524    622    544    550    586    614    578    564    585    601    590    586    585  
  384    451    406    399    384    399    407    440    411    444    434    376    401    433    431    374    440    425    404    884    921    940    888    885    930    889    896    871    911    887    845    835    854    848    842    862    860    844    878    846    840     58     48     75      6      0     35     76     31     23     71     36     68     62     78     51     23     32     56    636    594    557    553    541    542    556    531    535    529    626    548    554    590    618    582    567    589    604    594    590    588  
  350    417    372    365    350    365    374    406    377    410    400    342    368    399    399    342    410    394    374    851    888    907    855    853    898    855    864    838    878    854    819    809    828    822    816    836    835    818    852    821    815     43     21     48     32     35      0     42      4     24     51     31     47     32     47     30     13      8     42    604    563    530    526    514    515    529    503    507    501    591    514    520    555    583    548    533    555    571    559    556    554  
  309    377    332    324    310    325    336    366    337    371    360    303    330    358    362    305    375    359    338    811    850    868    817    814    859    816    826    799    839    815    791    780    799    793    788    807    806    788    823    792    786     58     37     39     74     76     42      0     46     62     54     62     52     30     23     44     54     46     55    568    528    500    497    484    485    498    471    476    470    551    473    479    514    542    508    493    514    530    518    515    513  
  353    421    375    368    354    368    378    410    381    414    404    346    371    403    402    345    412    397    376    854    892    911    859    856    901    859    867    842    882    858    822    812    831    824    819    839    837    820    854    823    817     43     24     50     29     31      4     46      0     21     52     29     48     34     50     31      9      7     43    607    566    532    529    517    517    531    505    510    504    595    517    523    559    587    551    537    558    574    563    559    557  
  365    433    387    380    365    380    387    421    392    424    415    357    380    416    410    353    418    403    383    864    900    920    867    865    910    869    875    851    891    867    822    812    831    825    819    839    837    822    855    824    818     35     44     54     18     23     24     62     21      0     48     14     45     42     70     51     16     26     61    614    572    534    530    519    519    534    508    512    506    607    529    535    572    600    562    549    571    586    576    571    570  
  326    393    347    341    326    340    344    381    352    383    374    316    337    379    365    309    372    357    337    821    856    876    822    821    866    826    830    807    848    823    774    765    783    777    771    791    789    774    807    776    770     16     66     18     66     71     51     54     52     48      0     37      4     26     74     76     55     58     89    568    526    486    482    471    471    486    460    465    459    568    490    495    534    562    521    509    532    546    538    532    531  
  358    426    380    373    358    372    378    414    385    416    407    349    372    410    400    344    408    393    373    856    891    911    857    856    901    860    865    842    883    858    810    800    819    812    807    827    825    809    843    811    805     22     52     45     31     36     31     62     29     14     37      0     34     36     74     60     27     36     71    604    562    522    518    507    507    522    496    501    495    600    523    528    565    594    555    542    564    579    569    564    563  
  328    395    349    343    328    342    346    383    355    385    376    318    340    381    367    311    375    360    340    824    858    879    825    823    869    829    833    810    850    826    778    768    787    780    774    795    793    777    811    779    773     13     63     18     63     68     47     52     48     45      4     34      0     24     72     73     52     54     86    571    528    489    485    474    474    489    463    468    462    570    492    497    536    564    524    511    534    548    540    534    533  
  324    391    345    339    324    338    346    380    351    383    373    315    340    375    370    313    379    364    343    823    859    879    826    824    869    828    834    810    850    826    788    778    797    791    785    805    803    786    821    789    783     29     43     17     58     62     32     30     34     42     26     36     24      0     49     53     41     39     66    574    533    499    495    483    484    498    471    476    470    566    488    494    531    559    521    507    529    544    535    530    529  
  317    384    340    332    318    333    347    374    345    380    369    312    341    363    375    318    389    374    352    820    861    878    828    824    869    824    837    809    849    825    808    798    817    811    806    825    824    805    840    810    804     76     31     61     77     78     47     23     50     70     74     74     72     49      0     33     58     47     40    581    542    518    515    501    503    515    488    493    487    557    480    487    520    547    516    499    520    537    524    522    519  
  349    416    371    364    350    365    378    406    377    411    401    343    371    395    405    348    418    402    381    852    892    909    859    855    900    856    868    841    880    856    834    823    842    836    831    850    849    831    866    835    829     71     11     68     51     51     30     44     31     51     76     60     73     53     33      0     36     25     14    610    571    543    540    527    529    541    515    519    513    589    512    519    552    579    547    531    552    569    556    554    551  
  362    429    384    377    362    377    386    418    389    422    412    354    379    411    410    353    420    404    384    862    899    919    866    864    909    867    875    850    890    866    828    818    837    830    824    845    843    826    860    829    823     45     30     56     20     23     13     54      9     16     55     27     52     41     58     36      0     11     46    615    573    538    535    523    523    538    512    516    510    603    526    532    567    595    559    545    567    582    571    568    566  
  355    422    377    370    355    370    380    411    382    416    405    348    374    404    405    348    416    401    380    856    894    913    861    858    903    861    869    844    884    860    826    816    835    829    823    843    842    825    859    828    822     50     19     55     30     32      8     46      7     26     58     36     54     39     47     25     11      0     36    610    570    537    533    521    522    536    509    514    508    596    519    525    560    588    553    538    559    575    564    561    559  
  356    423    378    371    357    372    386    413    384    419    408    351    380    401    414    357    428    413    391    859    900    917    867    863    908    863    876    848    888    864    845    834    854    848    842    862    861    842    877    847    841     84     24     82     58     56     42     55     43     61     89     71     86     66     40     14     46     36      0    620    581    555    552    538    540    552    526    530    524    595    518    525    558    585    554    538    558    576    561    560    557  
  282    231    261    270    279    264    237    231    255    216    229    278    243    267    206    263    198    213    232    277    292    320    257    262    306    283    264    252    294    268    303    287    306    307    302    311    320    283    322    307    302    584    604    561    631    636    604    568    607    614    568    604    571    574    581    610    615    610    620      0     52    169    180    163    175    148    155    152    156    179    186    167    199    207    145    174    187    159    203    174    187  
  256    215    236    245    252    238    204    210    231    192    206    248    210    251    168    225    154    170    190    328    341    371    306    313    357    334    312    303    345    319    307    292    312    311    306    318    325    292    331    311    305    541    564    519    589    594    563    528    566    572    526    562    528    533    542    571    573    570    581     52      0    121    133    113    126     99    103    101    104    205    192    174    217    230    159    185    204    181    221    192    204  
  289    274    276    283    284    274    230    263    273    243    254    273    234    308    186    227    153    165    187    436    434    469    399    412    453    442    402    406    447    421    291    280    299    294    288    307    307    288    323    293    287    500    535    483    552    557    530    500    532    534    486    522    489    499    518    543    538    537    555    169    121      0     12     21     16     23     40     38     41    319    288    273    323    341    267    288    311    293    328    300    311  
  294    281    281    288    288    279    234    269    278    249    259    277    237    314    190    229    157    168    189    447    444    480    409    423    464    453    413    417    458    432    294    283    302    296    291    310    309    292    326    295    289    496    532    479    548    553    526    497    529    530    482    518    485    495    515    540    535    533    552    180    133     12      0     27     15     35     47     45     48    330    298    283    333    352    277    298    321    303    338    310    321  
  269    255    256    263    264    254    210    243    253    223    234    253    214    288    166    208    133    145    167    435    436    471    401    413    455    441    406    406    447    421    308    297    316    311    305    324    324    304    340    310    304    485    519    467    537    541    514    484    517    519    471    507    474    483    501    527    523    521    538    163    113     21     27      0     14     18     21     19     22    306    272    257    308    327    252    272    296    279    312    285    296  
  279    267    266    273    273    264    219    254    263    234    245    262    223    300    175    215    142    153    174    445    445    480    410    423    464    452    414    416    457    431    306    295    314    308    303    322    322    303    338    307    301    485    520    468    537    542    515    485    517    519    471    507    474    484    503    529    523    522    540    175    126     16     15     14      0     28     33     32     34    320    285    271    322    341    266    286    310    293    326    299    310  
  275    256    260    268    269    259    216    245    257    225    236    260    220    290    171    217    141    154    176    418    419    453    384    395    437    424    388    388    430    404    296    284    304    299    293    311    312    290    326    298    292    500    533    482    552    556    529    498    531    534    486    522    489    498    515    541    538    536    552    148     99     23     35     18     28      0     28     23     29    296    266    251    300    318    244    265    288    270    305    277    288  
  250    235    236    244    245    234    191    223    233    203    214    234    194    268    146    190    115    127    149    429    435    468    400    409    452    435    404    402    444    417    323    311    331    326    320    338    339    317    353    325    319    475    507    456    526    531    503    471    505    508    460    496    463    471    488    515    512    509    526    155    103     40     47     21     33     28      0      5      2    289    253    238    290    310    235    254    278    262    294    267    278  
  253    237    240    247    248    238    194    226    236    206    217    238    198    271    150    194    119    131    153    426    431    464    396    406    449    432    401    398    440    414    318    306    326    321    316    334    335    313    349    320    315    479    511    461    530    535    507    476    510    512    465    501    468    476    493    519    516    514    530    152    101     38     45     19     32     23      5      0      7    289    254    239    290    310    235    255    279    262    295    268    278  
  249    234    235    243    243    233    189    222    232    202    213    233    193    267    145    189    113    126    148    430    436    469    401    411    454    436    406    403    445    419    324    312    332    327    322    340    341    319    355    326    320    473    505    455    524    529    501    470    504    506    459    495    462    470    487    513    510    508    524    156    104     41     48     22     34     29      2      7      0    290    253    238    290    310    235    254    278    262    294    267    278  
  243    175    222    228    243    229    234    188    216    190    197    253    240    194    236    277    255    264    270    274    334    338    308    293    334    278    320    275    308    289    472    456    474    477    472    478    489    448    486    477    473    583    585    556    622    626    591    551    595    607    568    600    570    566    557    589    603    596    595    179    205    319    330    306    320    296    289    289    290      0     78     76     42     30     59     60     38     29     41     37     39  
