65

    0     34     38    976   1015   1011   1002     86     69    293    287    314    319    306    519    525    473    498    969    837    841    480    461    561    545    568    741    736    729    730    715   1031   1022   1036    257    240    206   1402   1424   1406   1417    639    679    217    235    222    233    218    182    178    729    718    704    685    711    699    700    539    526    525   1129   1136   1144   1161   1130  
   34      0      4   1010   1048   1044   1036     86     72    327    320    348    352    340    553    559    500    525    982    871    875    511    492    594    578    601    768    764    756    758    742   1040   1031   1044    270    259    224   1434   1456   1438   1449    673    713    223    240    225    236    225    151    145    722    711    725    705    731    720    722    572    559    558   1162   1169   1177   1194   1162  
   38      4      0   1013   1052   1048   1039     87     73    330    322    351    356    343    556    562    502    527    983    874    878    514    495    597    581    605    772    767    759    761    745   1040   1031   1045    272    262    227   1437   1460   1441   1452    676    716    225    242    226    237    227    148    142    722    712    726    706    732    721    724    576    562    561   1165   1172   1180   1197   1165  
  976   1010   1013      0     51     43     43    989    985    688    713    679    663    684    462    467    711    722   1155    265    273    595    597    441    449    421    516    535    544    499    542   1292   1277   1303    899    861    883    543    552    528    544    370    339    960    966    978    980    954   1152   1150   1299   1286    850    874    866    845    820    457    459    465    370    389    415    396    417  
 1015   1048   1052     51      0      9     13   1025   1021    729    756    722    704    726    504    511    760    771   1204    315    323    643    644    471    481    454    518    538    547    504    547   1342   1326   1353    928    891    914    493    501    478    493    417    388    991    996   1008   1010    984   1192   1190   1313   1300    900    925    916    895    870    488    494    498    395    415    441    419    445  
 1011   1044   1048     43      9      0     12   1021   1018    724    751    717    700    721    499    506    753    764   1196    306    314    637    637    469    478    451    521    540    549    506    549   1333   1318   1345    926    889    912    501    510    486    501    411    381    988    994   1006   1008    982   1188   1185   1314   1301    892    917    908    887    862    486    491    496    388    408    434    412    438  
 1002   1036   1039     43     13     12      0   1013   1009    716    744    710    692    714    492    499    749    761   1197    307    316    632    632    459    469    442    509    528    538    494    538   1334   1319   1346    916    879    902    501    510    486    502    406    377    978    984    996    998    972   1180   1177   1303   1289    892    916    908    887    862    476    482    486    397    417    443    422    447  
   86     86     87    989   1025   1021   1013      0     17    325    333    355    350    346    543    555    541    568   1053    871    876    532    511    560    547    572    709    703    695    700    681   1116   1107   1121    189    186    150   1390   1413   1396   1406    670    710    138    155    140    151    140    213    204    644    633    782    764    789    776    777    540    532    528   1167   1176   1186   1200   1172  
   69     72     73    985   1021   1018   1009     17      0    316    322    345    342    336    536    547    526    553   1036    863    867    521    500    558    544    569    713    707    700    704    686   1099   1090   1104    200    193    158   1391   1414   1396   1407    662    702    152    170    155    166    154    206    197    660    649    766    748    773    761    761    538    528    525   1158   1167   1176   1191   1162  
  293    327    330    688    729    724    716    325    316      0     59     45     26     36    228    233    288    320    884    547    552    226    202    302    282    299    548    550    546    531    532    980    968    988    330    282    281   1143   1163   1143   1155    348    388    357    372    374    382    352    465    463    859    846    562    557    574    556    547    279    256    260    843    851    861    876    848  
  287    320    322    713    756    751    744    333    322     59      0     35     67     34    253    249    240    271    829    553    556    200    178    350    328    342    603    606    603    586    588    923    911    931    367    321    314   1184   1203   1182   1195    359    398    386    402    402    411    382    448    447    900    887    511    504    523    505    498    326    300    306    843    850    858    875    844  
  314    348    351    679    722    717    710    355    345     45     35      0     40     11    218    216    243    275    841    523    527    185    161    317    295    308    574    578    575    557    561    939    927    947    373    326    323   1149   1168   1147   1160    328    367    397    413    414    422    393    479    479    903    890    517    513    530    511    502    293    266    273    815    823    832    848    818  
  319    352    356    663    704    700    692    350    342     26     67     40      0     35    203    207    279    311    879    522    526    208    183    284    263    278    537    540    536    519    522    978    965    986    349    301    301   1123   1142   1122   1134    322    362    379    393    396    404    374    490    489    876    862    553    550    566    547    537    260    236    241    817    826    836    850    823  
  306    340    343    684    726    721    714    346    336     36     34     11     35      0    223    222    253    285    849    531    535    195    171    316    294    308    571    574    571    553    557    946    934    954    363    316    312   1151   1170   1150   1162    334    374    387    402    404    412    383    473    472    893    880    526    522    539    520    511    292    266    272    824    832    841    857    827  
  519    553    556    462    504    499    492    543    536    228    253    218    203    223      0     41    327    353    909    335    342    200    185    162    141    134    447    457    457    426    445   1026   1013   1036    496    450    463    940    957    936    950    134    174    543    554    562    567    538    692    691    988    974    569    579    585    563    545    146    112    128    635    646    659    669    648  
  525    559    562    467    511    506    499    555    547    233    249    216    207    222     41      0    294    318    870    317    323    165    153    202    181    172    486    496    497    465    485    988    975    998    520    474    484    959    976    954    968    115    156    565    576    583    588    559    694    693   1020   1007    531    540    546    524    506    186    153    169    616    626    637    649    625  
  473    500    502    711    760    753    749    541    526    288    240    243    279    253    327    294      0     33    604    482    481    130    143    483    460    459    766    773    772    745    759    711    698    720    605    560    550   1235   1248   1226   1240    348    373    618    635    632    642    614    588    593   1138   1125    275    273    288    268    259    462    428    442    728    730    732    757    715  
  498    525    527    722    771    764    761    568    553    320    271    275    311    285    353    318     33      0    573    487    484    154    170    510    487    485    793    801    801    773    787    681    668    690    636    591    581   1250   1263   1240   1255    364    386    648    665    662    672    644    607    613   1169   1156    243    241    256    236    227    489    455    469    723    724    724    751    707  
  969    982    983   1155   1204   1196   1197   1053   1036    884    829    841    879    849    909    870    604    573      0    891    882    716    737   1071   1049   1042   1355   1365   1365   1334   1353    141    126    153   1172   1132   1114   1695   1701   1677   1693    873    877   1165   1184   1176   1187   1163    991   1002   1692   1681    340    334    324    346    365   1052   1018   1033    969    959    943    981    925  
  837    871    874    265    315    306    307    871    863    547    553    523    522    531    335    317    482    487    891      0     12    387    397    412    406    378    617    634    640    596    633   1028   1013   1039    829    784    797    807    815    791    806    202    162    878    889    896    901    872    999    999   1303   1290    588    614    604    583    558    414    397    411    301    312    327    334    316  
  841    875    878    273    323    314    316    876    867    552    556    527    526    535    342    323    481    484    882     12      0    388    399    422    416    388    629    646    652    608    645   1019   1004   1031    837    791    804    815    822    799    814    209    169    885    896    903    908    879   1002   1003   1313   1299    581    608    597    576    551    424    406    420    294    305    319    328    308  
  480    511    514    595    643    637    632    532    521    226    200    185    208    195    200    165    130    154    716    387    388      0     26    358    336    332    643    651    651    622    638    830    816    839    555    508    507   1111   1125   1103   1117    227    257    582    597    598    607    577    625    627   1083   1069    378    384    393    372    356    338    304    319    660    666    671    692    656  
  461    492    495    597    644    637    632    511    500    202    178    161    183    171    185    153    143    170    737    397    399     26      0    340    318    316    624    633    632    604    619    849    836    858    531    483    482   1106   1122   1100   1114    227    260    558    573    574    583    553    609    611   1058   1044    400    404    414    393    379    320    286    300    675    681    688    707    672  
  561    594    597    441    471    469    459    560    558    302    350    317    284    316    162    202    483    510   1071    412    422    358    340      0     24     36    285    295    295    264    283   1187   1173   1197    459    420    444    845    866    847    859    247    274    520    526    538    540    514    743    738    894    881    731    740    747    725    707     25     55     45    701    716    733    735    725  
  545    578    581    449    481    478    469    547    544    282    328    295    263    294    141    181    460    487   1049    406    416    336    318     24      0     30    308    317    317    287    304   1165   1151   1174    452    412    434    864    884    865    877    234    263    512    518    529    532    505    726    722    898    885    709    718    725    703    686      9     32     23    698    712    729    732    720  
  568    601    605    421    454    451    442    572    569    299    342    308    278    308    134    172    459    485   1042    378    388    332    316     36     30      0    314    325    326    293    314   1160   1146   1169    481    440    462    845    865    846    858    212    238    540    547    558    561    534    749    745    927    913    702    712    718    696    678     38     44     45    670    684    701    703    692  
  741    768    772    516    518    521    509    709    713    548    603    574    537    571    447    486    766    793   1355    617    629    643    624    285    308    314      0     20     29     23     34   1472   1458   1481    547    529    563    712    739    726    733    507    522    617    614    632    629    611    917    909    811    798   1016   1025   1031   1009    992    305    339    325    861    879    902    892    898  
  736    764    767    535    538    540    528    703    707    550    606    578    540    574    457    496    773    801   1365    634    646    651    633    295    317    325     20      0     11     39     22   1481   1467   1490    538    522    556    726    753    740    747    521    536    608    605    622    619    602    911    904    793    780   1026   1034   1041   1019   1002    314    348    333    880    898    920    911    917  
  729    756    759    544    547    549    538    695    700    546    603    575    536    571    457    497    772    801   1365    640    652    651    632    295    317    326     29     11      0     46     15   1480   1467   1490    529    513    548    736    763    750    757    524    540    599    596    613    610    594    904    896    783    770   1026   1034   1041   1019   1002    313    347    333    887    905    928    919    924  
  730    758    761    499    504    506    494    700    704    531    586    557    519    553    426    465    745    773   1334    596    608    622    604    264    287    293     23     39     46      0     44   1451   1437   1461    541    522    556    713    739    725    733    485    499    612    609    626    624    606    907    899    821    808    995   1004   1010    988    970    284    318    304    842    860    883    873    879  
  715    742    745    542    547    549    538    681    686    532    588    561    522    557    445    485    759    787   1353    633    645    638    619    283    304    314     34     22     15     44      0   1467   1454   1477    517    500    535    745    773    759    766    514    530    587    583    601    598    581    890    882    778    766   1013   1021   1029   1007    989    301    335    320    883    901    923    915    919  
 1031   1040   1040   1292   1342   1333   1334   1116   1099    980    923    939    978    946   1026    988    711    681    141   1028   1019    830    849   1187   1165   1160   1472   1481   1480   1451   1467      0     16     13   1250   1212   1191   1834   1840   1816   1832   1000   1006   1236   1255   1245   1256   1235   1029   1041   1759   1748    462    449    445    468    489   1168   1134   1148   1110   1099   1083   1121   1065  
 1022   1031   1031   1277   1326   1318   1319   1107   1090    968    911    927    965    934   1013    975    698    668    126   1013   1004    816    836   1173   1151   1146   1458   1467   1467   1437   1454     16      0     28   1240   1202   1181   1818   1824   1801   1816    985    991   1226   1245   1235   1247   1225   1023   1034   1750   1739    447    435    431    453    474   1154   1120   1135   1095   1084   1068   1106   1050  
 1036   1044   1045   1303   1353   1345   1346   1121   1104    988    931    947    986    954   1036    998    720    690    153   1039   1031    839    858   1197   1174   1169   1481   1490   1490   1461   1477     13     28      0   1256   1219   1197   1845   1851   1827   1843   1010   1017   1242   1260   1250   1262   1241   1032   1044   1764   1753    472    458    456    478    499   1177   1143   1158   1122   1111   1095   1133   1077  
  257    270    272    899    928    926    916    189    200    330    367    373    349    363    496    520    605    636   1172    829    837    555    531    459    452    481    547    538    529    541    517   1250   1240   1256      0     48     59   1248   1273   1257   1266    630    669     71     70     86     85     65    399    389    533    520    871    860    881    865    860    444    447    438   1129   1141   1154   1163   1143  
  240    259    262    861    891    889    879    186    193    282    321    326    301    316    450    474    560    591   1132    784    791    508    483    420    412    440    529    522    513    522    500   1212   1202   1219     48      0     36   1223   1248   1231   1241    584    623    100    107    118    121     94    398    389    579    566    827    817    838    821    816    404    405    397   1084   1096   1109   1118   1097  
  206    224    227    883    914    912    902    150    158    281    314    323    301    312    463    484    550    581   1114    797    804    507    482    444    434    462    563    556    548    556    535   1191   1181   1197     59     36      0   1254   1279   1262   1272    596    636     81     93     99    105     76    362    353    588    576    814    803    824    809    804    427    425    418   1097   1108   1121   1131   1109  
 1402   1434   1437    543    493    501    501   1390   1391   1143   1184   1149   1123   1151    940    959   1235   1250   1695    807    815   1111   1106    845    864    845    712    726    736    713    745   1834   1818   1845   1248   1223   1254      0     31     37     30    887    864   1318   1317   1333   1332   1312   1584   1579   1485   1473   1392   1416   1408   1387   1362    868    888    886    804    822    848    813    860  
 1424   1456   1460    552    501    510    510   1413   1414   1163   1203   1168   1142   1170    957    976   1248   1263   1701    815    822   1125   1122    866    884    865    739    753    763    739    773   1840   1824   1851   1273   1248   1279     31      0     24      9    901    877   1343   1342   1358   1357   1336   1606   1601   1514   1503   1401   1426   1417   1396   1371    889    908    906    800    818    843    808    856  
 1406   1438   1441    528    478    486    486   1396   1396   1143   1182   1147   1122   1150    936    954   1226   1240   1677    791    799   1103   1100    847    865    846    726    740    750    725    759   1816   1801   1827   1257   1231   1262     37     24      0     17    878    854   1327   1326   1343   1341   1320   1588   1583   1506   1494   1377   1402   1394   1372   1348    870    889    887    777    795    820    785    832  
 1417   1449   1452    544    493    501    502   1406   1407   1155   1195   1160   1134   1162    950    968   1240   1255   1693    806    814   1117   1114    859    877    858    733    747    757    733    766   1832   1816   1843   1266   1241   1272     30      9     17      0    893    869   1336   1336   1352   1350   1330   1599   1594   1510   1498   1393   1417   1409   1388   1363    882    901    898    793    811    836    801    848  
  639    673    676    370    417    411    406    670    662    348    359    328    322    334    134    115    348    364    873    202    209    227    227    247    234    212    507    521    524    485    514   1000    985   1010    630    584    596    887    901    878    893      0     41    677    688    695    700    671    806    806   1117   1103    539    556    556    533    512    241    216    231    502    513    525    536    514  
  679    713    716    339    388    381    377    710    702    388    398    367    362    374    174    156    373    386    877    162    169    257    260    274    263    238    522    536    540    499    530   1006    991   1017    669    623    636    864    877    854    869     41      0    716    727    734    740    711    845    845   1152   1138    547    566    564    541    519    270    247    263    462    473    486    496    475  
  217    223    225    960    991    988    978    138    152    357    386    397    379    387    543    565    618    648   1165    878    885    582    558    520    512    540    617    608    599    612    587   1236   1226   1242     71    100     81   1318   1343   1327   1336    677    716      0     19     19     25      7    339    328    528    516    876    862    885    870    867    504    504    496   1178   1189   1201   1212   1189  
  235    240    242    966    996    994    984    155    170    372    402    413    393    402    554    576    635    665   1184    889    896    597    573    526    518    547    614    605    596    609    583   1255   1245   1260     70    107     93   1317   1342   1326   1336    688    727     19      0     19     15     21    353    341    510    498    894    880    903    888    885    510    512    503   1189   1200   1213   1223   1201  
  222    225    226    978   1008   1006    996    140    155    374    402    414    396    404    562    583    632    662   1176    896    903    598    574    538    529    558    632    622    613    626    601   1245   1235   1250     86    118     99   1333   1358   1343   1352    695    734     19     19      0     12     25    334    323    517    506    889    875    898    883    881    522    522    514   1196   1207   1219   1230   1207  
  233    236    237    980   1010   1008    998    151    166    382    411    422    404    412    567    588    642    672   1187    901    908    607    583    540    532    561    629    619    610    624    598   1256   1247   1262     85    121    105   1332   1357   1341   1350    700    740     25     15     12      0     30    344    332    506    495    899    885    908    893    891    524    525    517   1201   1212   1225   1235   1213  
  218    225    227    954    984    982    972    140    154    352    382    393    374    383    538    559    614    644   1163    872    879    577    553    514    505    534    611    602    594    606    581   1235   1225   1241     65     94     76   1312   1336   1320   1330    671    711      7     21     25     30      0    343    332    531    519    873    860    882    867    864    498    498    490   1172   1183   1196   1206   1184  
  182    151    148   1152   1192   1188   1180    213    206    465    448    479    490    473    692    694    588    607    991    999   1002    625    609    743    726    749    917    911    904    907    890   1029   1023   1032    399    398    362   1584   1606   1588   1599    806    845    339    353    334    344    343      0     14    773    764    775    750    778    771    778    721    706    706   1284   1290   1296   1315   1280  
  178    145    142   1150   1190   1185   1177    204    197    463    447    479    489    472    691    693    593    613   1002    999   1003    627    611    738    722    745    909    904    896    899    882   1041   1034   1044    389    389    353   1579   1601   1583   1594    806    845    328    341    323    332    332     14      0    760    751    783    759    787    779    786    716    702    702   1285   1291   1298   1317   1282  
  729    722    722   1299   1313   1314   1303    644    660    859    900    903    876    893    988   1020   1138   1169   1692   1303   1313   1083   1058    894    898    927    811    793    783    821    778   1759   1750   1764    533    579    588   1485   1514   1506   1510   1117   1152    528    510    517    506    531    773    760      0     14   1402   1389   1411   1396   1392    890    907    893   1595   1609   1627   1629   1618  
  718    711    712   1286   1300   1301   1289    633    649    846    887    890    862    880    974   1007   1125   1156   1681   1290   1299   1069   1044    881    885    913    798    780    770    808    766   1748   1739   1753    520    566    576   1473   1503   1494   1498   1103   1138    516    498    506    495    519    764    751     14      0   1389   1377   1399   1384   1379    876    894    880   1581   1596   1613   1615   1604  
  704    725    726    850    900    892    892    782    766    562    511    517    553    526    569    531    275    243    340    588    581    378    400    731    709    702   1016   1026   1026    995   1013    462    447    472    871    827    814   1392   1401   1377   1393    539    547    876    894    889    899    873    775    783   1402   1389      0     36     17      7     30    713    679    694    739    734    725    760    707  
  685    705    706    874    925    917    916    764    748    557    504    513    550    522    579    540    273    241    334    614    608    384    404    740    718    712   1025   1034   1034   1004   1021    449    435    458    860    817    803   1416   1426   1402   1417    556    566    862    880    875    885    860    750    759   1389   1377     36      0     30     37     61    721    687    702    772    767    759    793    740  
  711    731    732    866    916    908    908    789    773    574    523    530    566    539    585    546    288    256    324    604    597    393    414    747    725    718   1031   1041   1041   1010   1029    445    431    456    881    838    824   1408   1417   1394   1409    556    564    885    903    898    908    882    778    787   1411   1399     17     30      0     23     47    728    694    709    753    747    738    773    719  
  699    720    721    845    895    887    887    776    761    556    505    511    547    520    563    524    268    236    346    583    576    372    393    725    703    696   1009   1019   1019    988   1007    468    453    478    865    821    809   1387   1396   1372   1388    533    541    870    888    883    893    867    771    779   1396   1384      7     37     23      0     26    706    673    688    736    731    723    757    704  
  700    722    724    820    870    862    862    777    761    547    498    502    537    511    545    506    259    227    365    558    551    356    379    707    686    678    992   1002   1002    970    989    489    474    499    860    816    804   1362   1371   1348   1363    512    519    867    885    881    891    864    778    786   1392   1379     30     61     47     26      0    689    655    671    711    707    698    732    679  
  539    572    576    457    488    486    476    540    538    279    326    293    260    292    146    186    462    489   1052    414    424    338    320     25      9     38    305    314    313    284    301   1168   1154   1177    444    404    427    868    889    870    882    241    270    504    510    522    524    498    721    716    890    876    713    721    728    706    689      0     35     21    707    720    738    740    729  
  526    559    562    459    494    491    482    532    528    256    300    266    236    266    112    153    428    455   1018    397    406    304    286     55     32     44    339    348    347    318    335   1134   1120   1143    447    405    425    888    908    889    901    216    247    504    512    522    525    498    706    702    907    894    679    687    694    673    655     35      0     17    693    706    722    727    713  
  525    558    561    465    498    496    486    528    525    260    306    273    241    272    128    169    442    469   1033    411    420    319    300     45     23     45    325    333    333    304    320   1148   1135   1158    438    397    418    886    906    887    898    231    263    496    503    514    517    490    706    702    893    880    694    702    709    688    671     21     17      0    706    719    735    739    726  
 1129   1162   1165    370    395    388    397   1167   1158    843    843    815    817    824    635    616    728    723    969    301    294    660    675    701    698    670    861    880    887    842    883   1110   1095   1122   1129   1084   1097    804    800    777    793    502    462   1178   1189   1196   1201   1172   1284   1285   1595   1581    739    772    753    736    711    707    693    706      0     20     47     34     56  
 1136   1169   1172    389    415    408    417   1176   1167    851    850    823    826    832    646    626    730    724    959    312    305    666    681    716    712    684    879    898    905    860    901   1099   1084   1111   1141   1096   1108    822    818    795    811    513    473   1189   1200   1207   1212   1183   1290   1291   1609   1596    734    767    747    731    707    720    706    719     20      0     27     27     38  
 1144   1177   1180    415    441    434    443   1186   1176    861    858    832    836    841    659    637    732    724    943    327    319    671    688    733    729    701    902    920    928    883    923   1083   1068   1095   1154   1109   1121    848    843    820    836    525    486   1201   1213   1219   1225   1196   1296   1298   1627   1613    725    759    738    723    698    738    722    735     47     27      0     39     19  
 1161   1194   1197    396    419    412    422   1200   1191    876    875    848    850    857    669    649    757    751    981    334    328    692    707    735    732    703    892    911    919    873    915   1121   1106   1133   1163   1118   1131    813    808    785    801    536    496   1212   1223   1230   1235   1206   1315   1317   1629   1615    760    793    773    757    732    740    727    739     34     27     39      0     57  
 1130   1162   1165    417    445    438    447   1172   1162    848    844    818    823    827    648    625    715    707    925    316    308    656    672    725    720    692    898    917    924    879    919   1065   1050   1077   1143   1097   1109    860    856    832    848    514    475   1189   1201   1207   1213   1184   1280   1282   1618   1604    707    740    719    704    679    729    713    726     56     38     19     57      0  

    0      0    589      0      0      0      0      0  25401     56     66      1     39      0  45640    695      0     58     75      0      0  94415    881    718      0      0     13      0      0  30924   9484      2      0      0   3935      0      0      0  16252      0   7053      0      0      0      0  62772      0      7     22   7937      0  26632    383   5558     90     53      7      0    235    316  92965    250      7  16481      0  
 1037      0    895      2    264      0      3    100  84784      4  31249   2802      0   2495      1      0      0      3    109      0     15  21304      0  33884  61213     41   4215    107      0    406    341     12     31      0      0   3360  18201      3      0     54  50019      0   5197      0     32      0      0      4    189     43      0      3      0     41      0    532    140    815   3936  83821   5996      0   7543   1680     14  
    0      0      0      0      0  79319      0      4     84    447     36      9      0      0  58243   2814      0  68906      0     17   6944    172      0      0    260     84      0  11022      0    101      0      0   7842  19853   4061      0   4960     35      0  40819      0      0      0      0     23   5081  72714    215   5858     60      0     17  43000     80    847      0     97      0      0    718     73      0      0      2  15067  
    0     18   4459      0      0      0  11622      0     27    174      0      0      0      0      0  54072  36365    291     55   1071  41048    112      1      0   4628      0      0     19      2      0      0  17376      0   6653    170     37      0      0   2791      0   6237     38      0      0      0      0      0      0      0      0      0    237      0      1   8240      0      0    285   1181      0      0      0      0      0      6  
    0      7      0  43519      0    344      0    372      0    990    519     92      0    201   1802      0      0   1825   2375      0      0      1    178     91      0  40933   3376    346     87      0      0    944      0  67415   2017      0      0      0      0      0      0      0   3185      0   1021     23   5583      0      0      0     41     66      1      0      0      0   8222      0      0     78      3   3218      1      0    103  
    0      0     51      0  12008      0      0      0     13      0      0    161      1      0    465     26     39      0      0  28008      7      0     94     94      0    137  90409   2908      0      0      0   1599      0      0    394      0      0     29      0     14      0      0      0     18      0  63989   1541     27      0      0     26      0      0    655    135      1   3954      0      0      0      2      0      0      0      0  
    0      0  64091     32      0      0      0      0      0      0      0      0      0   2280      0  60514      0     15      0   1675      0      0      0      0      0      0      0      0      0   1590      0      0   7437   1207   1237      3      0      0      0  44385  94757      3     13      0      0  35584   1845      0      0      0      0     90      0      0    100    274      0      0  12481  89815  79323     12    106     61      0  
    0  34836      0     42      0     92      0      0    246      0      0  10898      0      0   8176      0      0     91      0    159      0      3    229     43      0    279      0      0      0      0      0   1400      0  18711      0  58677  14886    418    190  35895      0      0      0      0      6    171      0      0      7    134  39255      0      0      0      0    681      2      1      0      0      0      0    119      0      1  
   12    451      1      0   1349      0      0      0      0     18    181      2  32005    349    302    319     17      0      0      0      1     11      0      0     11      0      0      0     26      1   2223      0      0      1      0      0     23   1093     12     10      0     30      0      0      0      0    145      0  63009   2429  94904  37418      0    420   4034      0     13  82474      0      0      0      2      0      0   4504  
  545      0    185     81      9   8615      1  45823   9749      0  70280      0      0      0      0      5      0     61    438  16815   7162      1      0      0     81      3      0      0      0      0      4      0      0      0    105      0      0      2      0      0  10176      0     35      0      8      7     34      0      0      0    881      0      0      0      0      0      0      0      0      0      0      0     47     34      0  
    7     53      0      0      2  44290   1820      2  49037      0      0      0      0      4      0  60359      0   2068  21725      0  18866      0     19  12226      8    318   6473      0      0      1      0  23152     75  43532   3175      0      0      3  49762  21712  94486      1    105    239     72   4308   4349      0   6606  21233    192      0    134      0     79     71      0      0      0      0      2     35      0      0      0  
    0  54773      0   7231      2    592     37  12929  58617    591      0      0      0      0    310    232   1235      1  44797      0      0      0      0      5      0      0      0      0     20  50634  56756      7      0      0      0      0      0      0      0      0      1      0    786     15    118    934   1645      3    649   3190     17      0   1573      0    560   9832     26      0   1761      0      0      0      0      0      0  
    0  16624      0  22030    303  60201   6494      0      0      0      0   4230      0      0  14480   7215      0      0      0      0     15    784      0     81    168      0      2   3032      0      0      0      0      0      0      0     53      0  84754      0      0      1      6      0   4308     14      0    975      0      0      0  34229      2      0      0      0    262     89      1      8      4      0   2524      0  59092      2  
    0      0      0    915    575  85114      0     25     16      0    215    148     91      0     27      1  93359    146      0      0      0      0      0      0  15086     17      0      0      0   3519     50     10      0      0   3217      0     11      0      0     88      1     95      0     64      0     28  12075      0      0      0    368      0    177    397     26      0     59      0      0      0      0      0      0      0   1588  
   18     71   7093   2128   8680      0      0    551      2  31467  10142      0      0      4      0    119     14  65302      0      0    154      0      0     33      0  92342     68  51457      0  57696      0      0   8676      0   1786      0     69      0      0      0    112      9  95551   1389   3734     33      0  72554      0    193      0      0      0  13700      0      0     14  12294      3      0    498      0      3      3      0  
    0    136  11568      0      0    959    257      0      0      0    272      0   5984      0     54      0      0      0   4447      0      0      0      0      2     26      0      0      0     64  48309     15      0      0      0      0      0  43153   5317      0      0     31      4    940      0      0      0      0      0     12      0   2735      0      0      0    277   5217      6      0   3638      0    663      0      7  16063      0  
 9164      0    185      0    293      0      0   3109      0    283     55     82      0    746      0  10538      0   1224     25     29      0      0     20      0      8  81456      5      0      0   2941  76105      0  96022  74329      0      0      0      0      0      0      0      1      0      0      2      0      0   2640      0    256  79616    690      0     14      0      0      0      0   1210  15807      8   2469      7      0      0  
    0     73      0      0      0      0     10  24445    360      2    552      0      0      0     33    819    177      0      0      4      9   1151      0     22      0   5543      0   2501      0      0  37678     16      0      0      0  18500      0    124      0  35540      0  57862      1      0    334      7      0      4      0      0    778  13063   7872      0  10816   1505      0   8370      0      0    191      6  19758      0      0  
98007      0      0      2      0      0      0      0      0      0  36664      0      0      7      0      3   6082      0      0      0      2      0      0   9362     12      0      0   1377      9      0      0      2   5447      0      0      0    106      0      0  11393  13004      0      0      0      0  50981  10989      0   4164      0  44686  29191      0      0  13657      3  17309      1      0  11473      0      1     50    707      0  
   39   1635      0      0      0      0  25842      0     49      0     94      0  59274    416  14052      1      0      0  10349      0  27892      0      0      2      0      3      0   6087      1      1      1      0     59      3      1   3830      0      3      0      0      0      0   1927      0  42699     14     30  15849      0      0    311      0      1      0      0      0      0      0      3      0      0   1125    315      6   2500  
    0      0      0      0      0  14473      0      0      3   2323      0      2      0      0      0  50067      0      0    201      0      0     50      0      0     10     17      3      0      0      0      0      0  80512      1   6751      2     40  28391  12373      0      0     20  71635      7      0      0      0    358      0      0     10      0      0      3      0      0      0    448      0      0      0   4831      0    238      0  
    1      0      0      0      0      0      0      1     82      0    760      0      9   4331    896      1      6      0      0      0    706      0      0      0      0    672      5     10      0      1      0    844   1788    235      0    807     18     15      0      0  61135    136    320      0   4166      0     16      0   1045      0  25242      0      0    155  75379    177     11      0     20     15   5637      0    151      0  34935  
