165

    0     77     23     22     41     50     76     10     85     63     37     16    357    392    287    294    410    367    364    294    737    755    747    723    785    693    785    692    727    790    744    803   1429   1419   1415   1459   1430   1413   1398   1449   1280   1271   1269   1204    246    286    845    854    819    940    935    867    315    272    617    526    556    565    507    573    586    599   1341   1285   1390   1427   1384   1439   1406     95    125    111    186    224    166    201    235    244   1367   1404   1375    600    682    680    593    632    821    904    781    843    840    851    864    897    783    862    879    881    920    896    967    961   1042    977   1000    971   1207   1208   1174   1189   1160   1213    688    657    640    995   1003    934    992    892    896    943    954    973    907    966    939    827    851    850    861    870    853    830    836    844    720    665    666    698   1112   1183   1068   1131   1146   1134   1134   1156   1155   1137   1119   1195    469    392    478    434   1331   1306   1278    514    478    457    539    458    462  
   77      0     68     74     78     86     98     77     12     70    102     64    284    318    212    221    334    294    291    226    661    679    671    648    709    618    710    616    651    714    668    726   1361   1350   1349   1390   1361   1346   1329   1381   1267   1258   1255   1193    207    238    789    797    767    888    879    816    325    263    542    450    480    488    432    496    510    524   1267   1210   1318   1354   1312   1367   1336    130    137    145    239    265    215    213    271    269   1321   1359   1329    561    640    650    559    598    803    881    763    824    822    839    847    882    760    817    835    841    845    820    891    885    966    901    925    895   1232   1236   1202   1217   1186   1239    624    596    578    971    974    908    966    868    870    922    930    944    885    938    914    788    816    812    825    831    814    794    802    808    649    598    598    627   1073   1141   1023   1088   1102   1090   1093   1109   1113   1094   1077   1152    453    369    461    414   1283   1259   1248    447    405    385    470    392    395  
   23     68      0      7     20     69     56     15     78     40     60     11    340    376    272    278    396    351    348    276    726    745    737    715    776    685    777    683    717    780    735    792   1409   1400   1395   1440   1411   1394   1378   1430   1259   1250   1247   1183    223    263    823    833    797    918    913    844    296    250    602    514    541    553    491    560    572    585   1324   1270   1372   1410   1367   1421   1388     79    104     95    179    213    157    182    222    228   1344   1382   1353    577    659    657    570    609    800    882    759    821    818    830    842    875    761    839    856    858    905    882    953    946   1029    963    985    957   1193   1194   1160   1175   1145   1199    667    636    620    972    980    912    970    870    873    921    932    951    885    943    917    805    829    827    839    847    830    807    813    821    702    645    646    680   1089   1160   1046   1108   1123   1111   1111   1134   1132   1115   1096   1173    447    369    456    411   1308   1283   1256    495    461    440    521    439    442  
   22     74      7      0     19     70     55     13     84     43     58     15    346    382    278    284    402    356    354    281    732    751    743    721    782    691    783    689    723    786    741    798   1414   1405   1400   1445   1416   1399   1383   1435   1259   1250   1247   1183    226    267    827    837    801    922    916    848    295    250    607    520    547    559    497    566    578    591   1330   1275   1378   1415   1372   1426   1393     76    104     92    174    209    152    181    218    226   1347   1384   1356    580    662    659    572    611    800    883    760    822    819    830    842    875    762    842    859    861    911    888    959    952   1035    968    991    963   1189   1191   1157   1172   1142   1196    672    640    624    973    982    913    971    871    874    922    933    952    886    944    918    807    831    830    841    850    832    809    815    823    707    650    651    686   1092   1163   1048   1111   1126   1114   1113   1137   1135   1117   1099   1175    448    370    456    412   1311   1286   1257    500    467    446    526    444    447  
   41     78     20     19      0     88     36     31     90     28     76     31    339    376    274    277    398    349    348    272    731    751    742    721    782    693    783    689    723    786    741    797   1403   1395   1389   1435   1405   1387   1373   1424   1240   1231   1229   1164    210    252    813    823    786    906    902    832    276    232    601    517    542    557    492    564    573    585   1322   1269   1369   1407   1364   1418   1384     59     85     76    162    194    139    162    203    208   1331   1368   1339    563    645    641    555    594    781    864    741    803    800    811    824    857    743    825    842    844    905    884    954    947   1031    964    986    958   1173   1175   1141   1156   1126   1179    660    627    612    955    964    895    953    853    856    904    915    934    867    926    900    790    813    812    823    833    815    792    798    805    698    639    641    677   1074   1146   1032   1094   1109   1097   1096   1121   1118   1101   1082   1158    429    352    438    394   1295   1270   1239    490    460    438    517    433    437  
   50     86     69     70     88      0    124     59     88    106     33     58    367    400    293    305    412    377    373    311    729    744    738    711    773    679    773    681    716    780    734    795   1445   1435   1435   1474   1446   1432   1414   1466   1327   1318   1315   1251    282    318    873    882    850    971    964    899    364    318    623    523    559    561    512    570    588    602   1348   1289   1401   1436   1394   1449   1419    144    173    161    231    272    212    250    283    294   1402   1439   1410    638    719    721    633    672    867    948    826    888    885    898    909    943    827    897    914    919    923    896    967    963   1041    977   1003    972   1256   1257   1222   1238   1208   1262    710    681    663   1039   1045    978   1035    936    939    988    998   1015    951   1008    983    865    891    889    901    908    891    870    876    883    733    683    683    711   1150   1220   1103   1167   1182   1170   1171   1190   1192   1173   1156   1232    515    435    523    478   1365   1340   1320    533    487    468    554    478    480  
   76     98     56     55     36    124      0     67    110     29    111     67    331    369    271    271    395    341    340    261    732    754    744    725    786    699    787    693    727    788    744    798   1385   1377   1368   1418   1387   1368   1355   1405   1204   1196   1193   1129    183    228    788    798    759    879    876    805    241    196    593    516    535    556    485    562    568    579   1311   1260   1355   1393   1350   1403   1368     33     49     47    143    168    119    127    174    176   1301   1338   1309    532    615    607    522    562    746    830    706    768    765    775    788    821    709    796    812    813    898    879    948    940   1026    958    978    952   1141   1143   1109   1124   1094   1147    640    605    591    920    930    861    918    818    822    869    880    900    832    892    865    758    781    781    791    801    783    760    765    773    684    622    624    663   1043   1115   1002   1063   1079   1066   1065   1091   1087   1070   1051   1128    394    318    403    359   1266   1241   1205    473    450    428    502    416    421  
   10     77     15     13     31     59     67      0     86     55     46     13    353    389    284    291    408    364    361    290    736    755    747    724    785    694    786    692    727    790    745    802   1424   1414   1410   1455   1425   1408   1393   1444   1271   1262   1259   1195    238    278    838    848    812    933    928    859    306    262    614    525    553    564    504    571    584    597   1338   1282   1386   1423   1380   1435   1402     86    115    102    179    216    158    192    227    236   1359   1396   1367    592    674    671    584    624    812    895    772    834    831    842    854    888    774    854    871    873    918    894    965    959   1041    975    998    969   1199   1200   1166   1181   1151   1205    682    651    634    986    994    926    983    883    887    934    945    964    898    957    930    819    843    842    853    862    844    822    828    835    716    660    661    694   1104   1175   1060   1123   1138   1126   1126   1149   1147   1129   1111   1187    460    383    469    425   1323   1298   1270    510    474    454    535    453    457  
   85     12     78     84     90     88    110     86      0     82    108     74    280    313    206    217    328    290    286    223    652    670    662    638    700    608    701    607    642    705    659    718   1358   1347   1347   1386   1358   1344   1326   1379   1275   1266   1263   1201    212    241    789    797    769    890    880    818    335    272    537    442    474    481    426    489    504    518   1262   1204   1314   1349   1307   1362   1332    142    148    157    250    277    227    225    283    281   1323   1361   1332    565    644    656    564    603    810    888    770    831    829    847    854    889    766    820    838    845    839    813    884    879    959    894    919    889   1244   1247   1213   1228   1197   1250    623    596    577    977    979    915    972    875    876    929    936    950    892    944    920    793    821    816    830    836    818    799    807    813    645    596    596    623   1076   1144   1026   1091   1105   1093   1097   1111   1117   1097   1080   1155    461    376    468    422   1286   1261   1253    445    400    380    467    391    393  
   63     70     40     43     28    106     29     55     82      0    100     49    314    351    250    253    375    324    323    246    710    731    721    702    763    674    764    669    703    765    721    776   1376   1368   1361   1408   1378   1360   1346   1397   1221   1213   1210   1146    184    225    786    795    759    880    875    806    264    213    576    495    517    535    467    541    549    561   1297   1244   1343   1381   1337   1391   1357     61     72     75    171    196    147    150    202    202   1305   1342   1313    538    620    618    531    570    761    843    721    783    780    792    804    838    722    800    817    819    881    860    930    922   1007    940    961    934   1167   1170   1136   1150   1120   1174    633    600    585    933    941    873    931    831    834    883    893    911    846    904    878    765    789    788    799    808    790    768    774    781    672    612    614    650   1050   1121   1006   1069   1084   1072   1072   1095   1093   1075   1057   1133    409    330    417    373   1269   1244   1216    463    435    413    490    406    410  
   37    102     60     58     76     33    111     46    108    100      0     52    386    420    313    323    435    396    393    325    756    772    765    740    802    708    802    709    744    808    762    822   1461   1451   1448   1490   1462   1446   1429   1481   1314   1305   1303   1238    282    322    881    890    855    976    970    903    346    306    644    548    582    586    533    595    611    625   1369   1311   1420   1456   1414   1468   1437    125    158    140    202    245    184    233    258    272   1403   1441   1412    637    719    716    629    669    857    940    816    878    875    885    898    931    819    898    915    918    946    920    991    986   1066   1001   1026    996   1230   1231   1196   1212   1183   1236    722    691    674   1030   1039    970   1028    928    932    979    990   1009    943   1002    975    864    888    887    898    907    889    867    873    880    750    697    698    728   1149   1220   1105   1167   1183   1170   1171   1193   1192   1174   1156   1232    504    428    513    469   1367   1342   1314    547    506    486    570    491    494  
   16     64     11     15     31     58     67     13     74     49     52      0    342    377    273    279    396    352    350    279    724    743    735    712    773    682    774    680    715    778    732    790   1413   1404   1400   1444   1414   1398   1382   1434   1269   1261   1258   1194    231    270    830    839    804    925    919    852    307    260    603    513    541    552    492    559    572    585   1326   1271   1375   1412   1369   1424   1391     90    115    106    188    223    166    193    232    239   1352   1390   1361    586    668    666    579    618    810    892    769    831    828    840    852    886    771    847    864    867    906    882    953    947   1029    963    986    957   1203   1205   1171   1186   1156   1210    672    641    625    982    990    922    980    880    883    931    942    960    895    953    927    813    838    836    848    856    839    816    823    830    705    649    650    683   1098   1169   1054   1116   1131   1119   1120   1141   1141   1123   1105   1181    457    379    466    421   1316   1291   1265    499    463    442    524    443    446  
  357    284    340    346    339    367    331    353    280    314    386    342      0     41     79     63     84     11     14     74    418    448    433    427    482    411    486    392    423    477    439    482   1080   1069   1072   1107   1080   1067   1048   1101   1160   1149   1145   1093    212    175    542    548    537    653    634    589    407    319    263    201    206    242    155    244    240    250    985    931   1034   1071   1028   1083   1052    356    326    360    453    449    429    353    441    412   1097   1136   1105    399    459    514    421    450    698    753    660    716    715    756    743    784    638    611    630    650    567    550    618    610    697    628    648    622   1267   1278   1250   1260   1225   1277    359    343    317    833    817    767    823    737    733    798    794    790    760    790    776    606    645    630    652    647    631    622    635    638    366    323    322    344    876    933    808    877    888    879    892    883    906    882    870    941    409    325    410    366   1055   1032   1078    176    122    101    190    131    128  
  392    318    376    382    376    400    369    389    313    351    420    377     41      0    108     99     50     31     29    115    378    408    393    388    443    373    446    352    384    437    399    442   1052   1040   1046   1077   1052   1040   1019   1073   1174   1163   1159   1109    252    213    530    535    531    644    623    583    446    359    226    161    167    202    116    203    200    211    950    894   1002   1037    995   1050   1021    395    366    400    493    489    469    393    481    453   1089   1128   1097    412    467    530    437    465    715    767    679    732    732    776    761    802    654    610    629    653    530    511    580    572    658    589    610    583   1298   1310   1282   1291   1257   1308    343    332    304    844    824    779    833    750    745    811    806    799    774    800    788    611    652    634    658    651    635    629    643    644    336    302    300    314    875    930    803    874    884    875    890    876    903    878    867    936    439    357    439    397   1046   1023   1082    162     88     72    168    128    122  
  287    212    272    278    274    293    271    284    206    250    313    273     79    108      0     30    125     88     82     68    463    487    475    460    520    438    522    427    460    519    477    528   1158   1146   1151   1184   1158   1145   1125   1179   1208   1197   1193   1138    194    174    618    624    609    727    710    661    390    303    331    246    269    286    221    292    300    313   1056    999   1109   1144   1102   1157   1128    299    275    306    403    407    378    317    402    379   1170   1209   1178    453    519    563    468    501    741    803    703    760    759    794    787    826    685    678    698    715    634    611    681    675    758    691    714    685   1278   1287   1257   1268   1235   1287    437    419    394    886    874    821    877    788    785    847    847    847    810    846    829    668    705    692    712    710    694    682    694    697    442    402    401    420    943   1003    878    947    959    949    960    956    976    953    939   1011    429    339    431    385   1129   1105   1140    254    195    177    269    207    205  
  294    221    278    284    277    305    271    291    217    253    323    279     63     99     30      0    128     73     71     39    468    495    482    470    528    450    531    436    469    526    485    534   1142   1131   1133   1170   1142   1129   1110   1163   1178   1167   1164   1109    174    149    593    600    583    701    686    635    372    284    324    250    265    291    215    295    298    309   1047    993   1097   1133   1091   1146   1115    297    270    303    398    398    373    305    391    366   1144   1182   1152    423    490    534    439    471    712    774    673    731    730    765    758    797    656    651    670    687    628    609    678    670    756    688    709    682   1254   1263   1233   1244   1210   1262    415    395    372    857    845    791    848    758    755    818    817    818    780    816    799    639    676    663    683    681    665    653    665    668    428    382    382    406    915    975    851    920    932    922    932    930    948    925    912    984    402    313    404    358   1103   1079   1111    233    184    164    251    183    182  
  410    334    396    402    398    412    395    408    328    375    435    396     84     50    125    128      0     76     70    153    341    368    354    345    402    328    405    310    342    398    358    406   1053   1039   1051   1075   1052   1044   1019   1075   1219   1208   1204   1154    294    258    556    560    561    672    648    614    490    402    213    122    148    164    104    168    176    191    938    877    995   1028    987   1043   1017    423    397    429    525    525    501    431    518    492   1117   1156   1124    457    508    575    484    510    762    811    726    779    778    823    807    848    699    645    665    691    511    487    557    552    633    567    592    561   1347   1359   1331   1340   1306   1357    365    360    330    888    866    822    875    794    788    856    850    840    819    843    831    650    692    674    698    689    675    670    684    685    339    318    314    317    910    962    835    906    915    907    924    905    936    910    900    968    488    406    488    446   1073   1050   1120    191     98     93    187    168    159  
  367    294    351    356    349    377    341    364    290    324    396    352     11     31     88     73     76      0     10     84    409    438    424    418    473    402    477    383    414    468    429    473   1071   1059   1063   1098   1071   1058   1038   1092   1160   1149   1146   1094    221    183    536    541    532    647    628    584    416    328    253    191    195    233    144    234    230    239    974    920   1024   1061   1018   1073   1043    366    336    371    463    459    439    363    451    422   1092   1130   1099    399    457    515    421    450    699    753    662    716    716    758    745    785    639    607    626    648    557    539    608    599    686    618    637    611   1273   1284   1255   1265   1231   1282    352    336    310    833    815    767    822    737    732    798    794    789    760    789    776    603    643    627    650    644    628    621    633    636    356    315    313    334    872    929    803    873    884    875    888    878    902    878    866    936    414    330    414    372   1050   1026   1076    169    111     91    181    126    122  
  364    291    348    354    348    373    340    361    286    323    393    350     14     29     82     71     70     10      0     86    406    435    420    414    469    397    473    378    410    464    426    470   1076   1064   1069   1102   1076   1064   1043   1097   1170   1158   1155   1103    225    188    544    549    540    655    636    593    420    333    254    188    196    229    145    231    229    240    977    922   1028   1064   1022   1077   1047    366    337    371    464    461    440    365    453    425   1100   1139   1108    408    467    524    430    459    708    763    671    726    725    767    754    794    648    616    635    657    558    540    608    600    687    618    639    612   1280   1291   1263   1273   1238   1289    359    344    318    842    824    776    831    746    741    807    803    798    770    799    785    612    652    636    659    653    638    630    643    645    361    321    320    339    881    937    812    882    892    884    897    887    911    887    875    945    422    338    422    379   1058   1034   1085    176    114     95    187    135    130  
  294    226    276    281    272    311    261    290    223    246    325    279     74    115     68     39    153     84     86      0    491    520    506    498    554    479    557    463    495    550    510    556   1136   1126   1124   1166   1137   1121   1104   1157   1141   1131   1127   1072    142    112    573    580    559    678    665    610    339    251    334    273    279    315    227    317    313    323   1051   1000   1097   1135   1092   1146   1113    284    253    288    379    375    356    280    367    339   1119   1157   1127    389    458    498    403    436    675    738    636    694    692    727    720    760    619    622    641    656    638    622    690    681    769    700    718    693   1216   1225   1195   1206   1172   1224    401    376    355    821    811    756    813    722    720    781    782    783    744    782    764    608    643    632    651    650    633    620    631    635    427    373    373    405    885    947    824    892    905    895    903    905    920    898    883    956    363    274    365    319   1079   1054   1079    222    190    168    246    168    170  
  737    661    726    732    731    729    732    736    652    710    756    724    418    378    463    468    341    409    406    491      0     46     21     69     79    108     87     66     49     61     45     67    871    849    893    873    865    874    834    894   1387   1374   1369   1333    629    588    602    598    645    715    673    690    820    734    216    219    232    178    277    175    195    198    683    600    764    785    752    810    803    761    737    768    865    865    840    770    858    830   1122   1159   1128    673    687    788    714    726    971    993    943    983    985   1045   1014   1054    903    753    770    814    262    203    273    283    329    281    326    281   1623   1639   1614   1621   1585   1634    438    472    441   1050   1007    988   1031    975    963   1036   1018    988   1003    998    999    792    842    812    843    821    811    823    841    837    306    379    369    299    988   1014    890    961    962    961    993    930    994    962    962   1013    779    711    776    742   1073   1055   1218    388    325    347    348    419    407  
  755    679    745    751    751    744    754    755    670    731    772    743    448    408    487    495    368    438    435    520     46      0     25     42     36     86     43     64     30     39     11     63    896    873    922    895    890    902    859    919   1432   1419   1415   1378    659    619    647    642    690    760    717    735    852    765    259    247    270    206    313    207    233    239    697    610    783    801    770    827    825    783    761    792    889    892    865    798    885    859   1163   1200   1169    716    732    831    757    769   1015   1038    986   1027   1029   1089   1058   1099    947    798    815    859    287    223    288    303    335    296    345    297   1665   1680   1655   1662   1626   1675    483    517    486   1095   1052   1033   1077   1020   1008   1080   1063   1033   1048   1043   1044    837    887    857    888    866    856    868    886    882    351    424    415    344   1033   1058    934   1005   1006   1005   1037    973   1038   1006   1006   1056    818    747    814    780   1115   1097   1262    429    360    383    390    457    445  
  747    671    737    743    742    738    744    747    662    721    765    735    433    393    475    482    354    424    420    506     21     25      0     56     58     98     66     63     37     45     26     59    880    858    904    881    874    885    844    903   1407   1394   1390   1354    644    603    622    618    665    735    693    710    836    750    236    233    250    191    295    190    213    217    687    602    770    790    758    816    811    773    750    781    877    879    853    785    872    845   1140   1177   1145    693    708    808    734    746    992   1014    963   1004   1005   1066   1034   1075    923    773    791    834    271    209    277    290    329    285    332    286   1643   1659   1634   1641   1605   1654    458    493    462   1070   1027   1008   1052    995    983   1056   1039   1009   1024   1019   1020    813    862    832    864    841    832    844    862    857    327    400    390    320   1008   1034    909    980    982    980   1012    949   1013    982    982   1032    798    728    794    761   1091   1073   1238    408    342    365    368    438    426  
  723    648    715    721    721    711    725    724    638    702    740    712    427    388    460    470    345    418    414    498     69     42     56      0     63     45     63     36     21     79     33    105    935    912    959    935    929    940    898    958   1441   1428   1424   1386    638    600    664    661    704    779    738    751    833    746    261    228    261    188    300    192    227    236    739    652    824    842    811    868    865    755    735    764    862    867    837    775    861    836   1189   1227   1195    716    736    832    755    769   1018   1044    988   1031   1032   1090   1061   1102    950    811    829    871    326    263    329    343    377    337    385    338   1659   1673   1648   1655   1620   1669    493    525    493   1104   1063   1041   1086   1026   1015   1087   1071   1044   1054   1053   1052    847    896    867    898    877    867    877    894    891    368    434    425    359   1051   1079    953   1025   1027   1025   1056    996   1058   1027   1026   1078    807    734    804    769   1141   1122   1280    424    348    369    386    448    436  
  785    709    776    782    782    773    786    785    700    763    802    773    482    443    520    528    402    473    469    554     79     36     58     63      0    102     11     94     60     36     44     64    899    875    928    896    892    906    862    922   1463   1450   1446   1410    694    654    674    670    719    786    743    764    888    800    294    282    305    241    349    242    269    274    691    601    780    796    766    823    824    816    794    824    922    925    897    832    919    893   1184   1221   1190    751    765    866    792    804   1049   1071   1021   1061   1063   1123   1092   1132    981    828    845    889    294    226    286    304    325    292    344    296   1700   1716   1691   1698   1662   1711    514    550    519   1126   1083   1065   1108   1052   1040   1113   1095   1065   1081   1075   1076    869    918    888    920    897    888    900    918    914    381    456    447    375   1060   1083    960   1030   1031   1030   1063    997   1063   1032   1032   1081    854    783    850    816   1135   1118   1290    465    396    418    425    493    481  
  693    618    685    691    693    679    699    694    608    674    708    682    411    373    438    450    328    402    397    479    108     86     98     45    102      0     98     49     62    123     77    149    978    955   1001    978    972    982    941   1001   1455   1443   1439   1399    621    585    687    684    724    803    764    772    817    729    273    217    263    181    296    188    232    244    783    696    867    886    855    912    908    729    711    739    837    844    812    754    839    815   1219   1257   1226    720    745    838    758    774   1025   1055    994   1039   1040   1096   1069   1110    958    829    848    888    368    306    373    387    421    381    429    382   1656   1670   1643   1652   1616   1666    511    539    506   1117   1079   1054   1101   1037   1027   1099   1084   1059   1065   1067   1065    862    910    882    913    893    882    891    908    905    392    451    442    381   1073   1104    978   1050   1053   1050   1080   1024   1083   1052   1050   1104    801    725    799    761   1171   1152   1301    426    343    362    391    444    432  
  785    710    777    783    783    773    787    786    701    764    802    774    486    446    522    531    405    477    473    557     87     43     66     63     11     98      0     96     63     46     49     74    908    884    937    904    901    915    871    931   1472   1459   1455   1419    697    658    684    679    728    796    753    773    891    804    301    286    311    245    354    247    275    281    699    607    788    803    774    831    832    817    796    826    924    928    899    835    922    896   1194   1231   1200    758    773    873    799    811   1057   1079   1029   1069   1071   1131   1100   1140    989    837    854    898    303    235    295    313    332    301    353    304   1707   1722   1697   1704   1669   1717    523    558    527   1135   1092   1074   1117   1061   1049   1122   1104   1074   1089   1083   1085    878    927    897    928    906    897    909    927    922    390    465    455    384   1069   1093    969   1040   1041   1040   1073   1006   1073   1041   1042   1091    859    788    856    822   1145   1128   1300    471    402    423    432    499    487  
  692    616    683    689    689    681    693    692    607    669    709    680    392    352    427    436    310    383    378    463     66     64     63     36     94     49     96      0     35    101     53    121    936    914    957    939    930    939    899    959   1412   1399   1395   1356    603    565    640    637    678    756    716    725    798    710    230    193    227    152    265    156    194    203    748    665    830    851    818    876    869    722    701    731    829    832    804    740    827    801   1171   1209   1177    682    704    800    721    736    986   1013    955    999   1000   1058   1029   1070    918    784    802    843    327    268    338    349    392    346    392    346   1624   1638   1613   1620   1585   1634    466    495    463   1074   1035   1011   1057    995    984   1057   1041   1015   1023   1023   1022    818    866    838    869    849    838    847    865    861    344    406    396    334   1026   1057    931   1002   1005   1003   1033    976   1035   1005   1003   1056    772    698    769    733   1123   1104   1255    390    313    334    353    413    401  
  727    651    717    723    723    716    727    727    642    703    744    715    423    384    460    469    342    414    410    495     49     30     37     21     60     62     63     35      0     67     19     90    916    894    940    917    910    921    880    939   1425   1412   1408   1371    635    596    646    642    686    760    719    733    829    742    247    223    251    182    292    184    216    223    722    636    806    825    794    851    847    756    735    765    862    866    838    773    860    833   1169   1207   1175    703    721    819    743    756   1004   1029    974   1017   1018   1077   1047   1088    936    794    812    854    307    245    312    325    362    320    368    321   1648   1663   1638   1645   1609   1658    477    509    477   1088   1046   1025   1070   1011    999   1072   1055   1027   1039   1036   1037    831    880    851    882    860    850    861    879    875    350    417    408    341   1032   1060    935   1006   1008   1006   1037    977   1039   1008   1007   1059    799    726    796    760   1121   1103   1261    413    340    362    374    439    427  
  790    714    780    786    786    780    788    790    705    765    808    778    477    437    519    526    398    468    464    550     61     39     45     79     36    123     46    101     67      0     49     30    866    842    894    864    859    873    829    889   1435   1422   1417   1383    688    647    643    638    689    754    710    733    880    793    273    277    292    236    337    234    255    257    662    574    749    766    736    793    792    817    794    825    922    923    897    829    916    889   1150   1187   1155    729    741    843    771    782   1025   1044    998   1037   1038   1100   1067   1108    957    798    816    860    259    192    255    272    299    262    312    264   1682   1697   1673   1680   1644   1692    487    524    494   1099   1054   1038   1080   1026   1014   1087   1068   1036   1054   1047   1049    841    891    860    892    868    860    873    891    886    351    429    420    346   1028   1050    927    998    998    998   1031    963   1031    999   1000   1048    839    771    835    802   1101   1084   1258    447    385    407    407    479    467  
  744    668    735    741    741    734    744    745    659    721    762    732    439    399    477    485    358    429    426    510     45     11     26     33     44     77     49     53     19     49      0     73    904    881    928    903    897    909    867    927   1429   1416   1412   1375    650    610    646    642    688    760    718    734    844    757    254    238    263    197    305    198    227    233    707    620    791    810    779    836    833    773    752    782    879    882    855    789    876    849   1165   1203   1171    711    728    827    752    764   1011   1034    982   1023   1025   1085   1054   1095    943    796    814    857    294    231    297    311    345    304    353    306   1659   1674   1649   1656   1620   1669    480    514    483   1092   1050   1030   1074   1016   1005   1077   1060   1031   1044   1041   1041    835    884    855    886    864    854    865    883    879    350    421    412    343   1032   1059    934   1005   1007   1005   1037    974   1038   1007   1006   1057    811    740    807    773   1117   1099   1262    423    353    375    384    450    438  
  803    726    792    798    797    795    798    802    718    776    822    790    482    442    528    534    406    473    470    556     67     63     59    105     64    149     74    121     90     30     73      0    837    813    864    834    830    843    800    860   1417   1404   1400   1366    693    650    622    617    670    732    687    713    882    797    266    284    291    243    338    239    253    253    635    547    721    738    708    765    763    827    802    834    930    930    906    835    923    894   1124   1161   1129    719    727    831    762    771   1012   1029    985   1023   1025   1088   1054   1094    944    779    796    842    230    163    226    242    273    233    283    235   1673   1690   1666   1672   1636   1684    470    509    480   1082   1035   1021   1063   1011    998   1071   1051   1018   1039   1029   1033    824    874    843    875    850    842    856    875    870    332    414    405    329   1006   1027    904    974    975    974   1008    938   1007    975    977   1024    835    769    831    799   1075   1058   1237    441    385    408    401    476    465  
 1429   1361   1409   1414   1403   1445   1385   1424   1358   1376   1461   1413   1080   1052   1158   1142   1053   1071   1076   1136    871    896    880    935    899    978    908    936    916    866    904    837      0     34     80     71     17     43     38     24   1201   1187   1183   1196   1211   1162    644    631    704    618    587    686   1321   1267    846    975    912    955    950    939    897    877    290    392    184    221    202    182    119   1401   1362   1399   1468   1439   1450   1346   1422   1382    614    630    612    954    886    982    995    968   1057    998   1061   1050   1056   1129   1070   1093   1009    751    750    795    610    675    616    596    604    611    557    606   1722   1750   1743   1739   1704   1735    748    788    797    977    904    956    953    986    965   1014    977    913   1008    935    967    832    861    828    851    815    825    863    878    864    716    765    763    738    741    687    656    674    656    670    719    592    692    668    692    667   1162   1161   1151   1156    577    581    905    915    964    981    892    971    967  
 1419   1350   1400   1405   1395   1435   1377   1414   1347   1368   1451   1404   1069   1040   1146   1131   1039   1059   1064   1126    849    873    858    912    875    955    884    914    894    842    881    813     34      0    111     51     20     73     25     53   1223   1210   1205   1216   1205   1155    646    632    708    626    593    692   1319   1263    831    959    897    937    936    922    881    861    256    359    150    188    169    150     85   1394   1355   1392   1462   1435   1444   1341   1418   1378    641    659    640    955    889    987    997    971   1067   1011   1070   1061   1067   1140   1082   1106   1018    759    759    805    588    651    591    571    576    586    532    581   1737   1765   1758   1753   1719   1750    742    783    790    993    920    970    968    998    978   1029    991    927   1021    950    981    841    871    838    862    825    834    873    887    874    704    756    754    726    760    708    672    693    676    690    738    612    712    687    711    689   1162   1159   1152   1155    604    607    929    905    952    969    881    962    958  
