60

    0    147     87     63    126    157    100     94    861    765    795    882    811    886    763    822    801    811    811    848    772    809    812    772    793    701    804    757    763    716    798    842    775    821    784    796    191     97    132    116     59     50    125    129     94    141     61    115     98     60     81    146    180    195    215    195    219    152    215    147  
  147      0     71     97     84    101     55     68    715    619    649    737    665    741    618    676    655    666    665    702    626    663    666    626    647    625    736    673    683    639    722    757    706    737    700    718     97     65     23     34     96    103     27     58     61     76     86     45     50    111     90     38    106    119    126    120    129    136    120     72  
   87     71      0     66     48     80     17      8    779    683    715    805    731    808    687    743    721    732    730    767    694    728    732    693    714    631    738    684    691    645    728    769    708    748    711    725    107     10     51     52     60     61     45     88     11     58     38     30     29     40     21     60    149    165    179    165    182    153    175    110  
   63     97     66      0    113    145     69     72    807    712    739    824    755    829    704    766    746    755    757    794    715    755    757    716    737    695    803    748    756    710    793    832    773    812    775    790    167     74     89     63      8     15     83     67     65    122     30     81     56     73     76    109    118    133    152    133    156     99    152     84  
  126     84     48    113      0     33     49     41    761    663    699    792    715    794    676    728    704    717    711    749    680    709    716    677    698    584    690    637    644    598    681    722    661    701    664    678     67     41     63     84    107    108     62    123     51     19     85     46     67     67     46     51    182    197    208    198    210    196    202    144  
  157    101     80    145     33      0     79     73    744    646    684    780    700    781    665    714    689    703    695    733    667    692    701    663    683    551    658    605    612    566    648    689    629    668    632    646     44     72     83    109    139    140     84    148     81     27    117     72     96     97     77     63    204    219    227    219    229    224    220    167  
  100     55     17     69     49     79      0     15    764    667    699    789    715    792    671    727    705    716    714    752    678    712    716    677    698    628    736    680    688    642    725    764    706    744    707    722     99     13     34     39     64     67     29     77      7     54     45     15     18     57     36     46    138    153    166    154    169    147    162     98  
   94     68      8     72     41     73     15      0    774    677    710    801    726    803    683    738    716    727    724    762    689    722    727    688    709    624    731    677    684    638    721    762    701    741    704    718     99      4     47     53     67     68     42     90     12     51     45     25     31     45     23     54    151    167    180    167    183    157    176    112  
  861    715    779    807    761    744    764    774      0     99     77    109     64     92    157     73     69     78     50     16    117     52     61    101     81    714    798    690    715    709    750    717    773    714    702    733    701    771    731    746    808    816    737    745    771    742    800    750    764    818    794    721    724    718    697    719    694    783    690    736  
  765    619    683    712    663    646    667    677     99      0     68    172     77    163    139    100     66     93     52     90     95     50     75     70     71    639    730    622    647    636    684    658    703    652    637    667    602    674    634    651    713    720    641    651    674    644    705    653    668    721    697    624    633    628    608    629    605    693    600    643  
  795    649    715    739    699    684    699    710     77     68      0    108     17    102     87     35      9     26     42     62     43     42     18     25      5    706    798    689    715    703    752    725    771    720    704    735    641    707    666    680    740    749    672    676    706    680    734    685    698    754    731    657    653    646    625    647    621    711    618    666  
  882    737    805    824    792    780    789    801    109    172    108      0     96     20    122     74    107     84    126    103    114    128     98    122    107    809    898    789    815    806    851    821    872    817    803    834    737    797    755    767    826    835    761    760    796    774    822    776    787    845    822    749    731    723    701    723    697    788    695    748  
  811    665    731    755    715    700    715    726     64     77     17     96      0     88     95     24     12     20     39     49     54     40      5     40     19    715    806    697    723    712    759    732    779    726    712    743    657    723    682    696    757    765    688    692    722    697    751    702    714    770    747    674    669    662    641    663    637    727    634    682  
  886    741    808    829    794    781    792    803     92    163    102     20     88      0    131     69    100     79    114     88    115    116     89    119    102    798    885    776    802    793    837    806    859    802    790    820    738    800    758    771    831    839    764    765    799    776    826    779    790    847    824    752    737    729    707    730    704    795    701    754  
  763    618    687    704    676    665    671    683    157    139     87    122     95    131      0     86     95     80    129    143     46    129     99     71     83    754    852    744    769    753    807    787    823    779    761    791    623    679    637    648    706    715    643    639    677    658    703    658    668    727    704    632    609    601    579    602    575    666    573    627  
  822    676    743    766    728    714    727    738     73    100     35     74     24     69     86      0     34     11     61     59     53     62     27     51     34    739    829    721    746    735    783    756    802    750    736    766    671    735    694    707    767    775    700    702    734    710    762    714    726    782    759    686    677    670    648    670    644    735    641    692  
  801    655    721    746    704    689    705    716     69     66      9    107     12    100     95     34      0     27     35     54     51     35     12     33     13    705    796    687    713    702    749    723    769    717    702    733    646    713    672    686    747    755    678    683    712    686    741    691    704    760    737    663    660    654    632    654    629    719    625    673  
  811    666    732    755    717    703    716    727     78     93     26     84     20     79     80     11     27      0     58     63     44     59     24     41     24    731    822    714    739    728    776    749    795    744    729    759    660    724    683    696    756    765    689    691    723    699    751    703    715    771    748    675    666    659    638    660    634    725    631    681  
  811    665    730    757    711    695    714    724     50     52     42    126     39    114    129     61     35     58      0     38     84      3     35     62     46    684    772    664    689    680    725    697    746    692    678    709    652    721    681    697    758    766    687    695    721    693    751    700    714    768    745    672    675    669    648    670    645    734    641    686  
  848    702    767    794    749    733    752    762     16     90     62    103     49     88    143     59     54     63     38      0    102     41     46     87     66    713    798    690    716    708    751    719    773    715    703    734    689    759    718    734    795    803    724    731    758    730    788    738    751    806    782    709    710    704    683    705    680    769    676    723  
  772    626    694    715    680    667    678    689    117     95     43    114     54    115     46     53     51     44     84    102      0     83     57     26     39    722    817    709    734    720    772    749    789    742    726    756    624    686    644    657    716    725    650    651    684    662    711    664    676    733    710    637    625    617    596    618    592    683    589    640  
  809    663    728    755    709    692    712    722     52     50     42    128     40    116    129     62     35     59      3     41     83      0     36     61     46    682    771    662    688    678    724    695    744    690    676    707    649    719    679    695    756    764    685    693    719    690    749    698    712    766    742    669    673    667    646    668    643    732    639    684  
  812    666    732    757    716    701    716    727     61     75     18     98      5     89     99     27     12     24     35     46     57     36      0     43     21    713    803    694    720    709    756    729    776    723    709    740    658    724    683    697    758    766    689    694    723    697    752    703    715    771    748    675    671    664    643    665    639    729    636    684  
  772    626    693    716    677    663    677    688    101     70     25    122     40    119     71     51     33     41     62     87     26     61     43      0     22    701    795    687    712    699    750    726    767    719    703    733    620    685    643    657    718    726    649    653    684    659    712    663    676    732    709    636    629    622    601    623    597    688    594    643  
  793    647    714    737    698    683    698    709     81     71      5    107     19    102     83     34     13     24     46     66     39     46     21     22      0    709    800    692    717    705    754    728    773    723    707    738    640    705    664    678    739    747    670    674    704    679    733    684    697    753    729    656    651    644    623    645    619    709    616    664  
  701    625    631    695    584    551    628    624    714    639    706    809    715    798    754    739    705    731    684    713    722    682    713    701    709      0    116     71     65     19     98    149     84    127     92     97    533    622    618    649    690    691    623    683    631    574    668    617    643    642    626    595    722    731    727    732    727    761    717    695  
  804    736    738    803    690    658    736    731    798    730    798    898    806    885    852    829    796    822    772    798    817    771    803    795    800    116      0    109     84    108     50    112     33    101     97     68    642    730    728    759    797    797    732    793    739    682    775    726    752    746    732    704    834    844    841    845    841    872    831    807  
  757    673    684    748    637    605    680    677    690    622    689    789    697    776    744    721    687    714    664    690    709    662    694    687    692     71    109      0     27     53     65     85     84     64     28     51    583    675    668    699    743    744    673    731    684    627    721    669    695    698    681    644    767    775    769    776    769    809    759    742  
  763    683    691    756    644    612    688    684    715    647    715    815    723    802    769    746    713    739    689    716    734    688    720    712    717     65     84     27      0     48     43     85     58     63     30     35    592    683    677    708    750    751    681    740    691    634    729    677    703    703    687    653    778    787    782    788    782    819    772    753  
  716    639    645    710    598    566    642    638    709    636    703    806    712    793    753    735    702    728    680    708    720    678    709    699    705     19    108     53     48      0     84    131     76    109     74     81    546    637    632    663    704    705    636    696    646    589    683    631    657    657    641    608    734    743    739    744    739    774    729    708  
  798    722    728    793    681    648    725    721    750    684    752    851    759    837    807    783    749    776    725    751    772    724    756    750    754     98     50     65     43     84      0     70     41     54     48     19    629    720    715    746    787    788    719    779    728    671    765    714    740    739    723    691    817    826    822    827    822    857    812    792  
  842    757    769    832    722    689    764    762    717    658    725    821    732    806    787    756    723    749    697    719    749    695    729    726    728    149    112     85     85    131     70      0    111     22     59     58    667    760    752    783    827    829    757    814    768    711    806    753    779    782    766    728    849    857    851    858    851    892    841    825  
  775    706    708    773    661    629    706    701    773    703    771    872    779    859    823    802    769    795    746    773    789    744    776    767    773     84     33     84     58     76     41    111      0     94     79     56    612    700    698    729    767    768    702    763    709    652    745    696    722    717    703    674    803    813    809    814    810    841    800    776  
  821    737    748    812    701    668    744    741    714    652    720    817    726    802    779    750    717    744    692    715    742    690    723    719    723    127    101     64     63    109     54     22     94      0     37     39    647    739    732    763    806    808    736    794    747    690    785    732    758    761    745    708    829    837    831    838    831    872    821    805  
  784    700    711    775    664    632    707    704    702    637    704    803    712    790    761    736    702    729    678    703    726    676    709    703    707     92     97     28     30     74     48     59     79     37      0     31    610    702    695    726    770    771    700    758    711    654    748    696    722    724    708    671    794    802    796    803    796    836    786    769  
  796    718    725    790    678    646    722    718    733    667    735    834    743    820    791    766    733    759    709    734    756    707    740    733    738     97     68     51     35     81     19     58     56     39     31      0    626    717    712    742    784    785    716    775    726    669    763    711    737    737    721    688    812    821    816    822    816    853    806    787  
  191     97    107    167     67     44     99     99    701    602    641    737    657    738    623    671    646    660    652    689    624    649    658    620    640    533    642    583    592    546    629    667    612    647    610    626      0     97     87    117    162    165     90    152    104     50    143     87    113    133    111     63    201    213    217    214    219    231    209    168  
   97     65     10     74     41     72     13      4    771    674    707    797    723    800    679    735    713    724    721    759    686    719    724    685    705    622    730    675    683    637    720    760    700    739    702    717     97      0     44     51     68     69     39     89     11     49     47     22     29     48     26     51    150    165    178    166    181    157    174    110  
  132     23     51     89     63     83     34     47    731    634    666    755    682    758    637    694    672    683    681    718    644    679    683    643    664    618    728    668    677    632    715    752    698    732    695    712     87     44      0     31     86     92      7     67     41     57     72     23     35     91     69     24    122    137    146    137    148    145    140     85  
  116     34     52     63     84    109     39     53    746    651    680    767    696    771    648    707    686    696    697    734    657    695    697    657    678    649    759    699    708    663    746    783    729    763    726    742    117     51     31      0     63     70     27     40     42     83     56     39     24     88     73     55    100    115    128    115    131    115    123     60  
   59     96     60      8    107    139     64     67    808    713    740    826    757    831    706    767    747    756    758    795    716    756    758    718    739    690    797    743    750    704    787    827    767    806    770    784    162     68     86     63      0     10     80     71     60    117     23     77     52     65     69    106    123    139    158    139    162    106    157     89  
   50    103     61     15    108    140     67     68    816    720    749    835    765    839    715    775    755    765    766    803    725    764    766    726    747    691    797    744    751    705    788    829    768    808    771    785    165     69     92     70     10      0     86     80     62    118     23     81     57     61     67    111    132    147    167    148    171    113    166     98  
  125     27     45     83     62     84     29     42    737    641    672    761    688    764    643    700    678    689    687    724    650    685    689    649    670    623    732    673    681    636    719    757    702    736    700    716     90     39      7     27     80     86      0     65     35     57     66     19     29     85     64     29    122    136    147    137    149    142    141     84  
  129     58     88     67    123    148     77     90    745    651    676    760    692    765    639    702    683    691    695    731    651    693    694    653    674    683    793    731    740    696    779    814    763    794    758    775    152     89     67     40     71     80     65      0     79    122     76     78     60    118    107     91     62     77     93     78     96     79     90     22  
   94     61     11     65     51     81      7     12    771    674    706    796    722    799    677    734    712    723    721    758    684    719    723    684    704    631    739    684    691    646    728    768    709    747    711    726    104     11     41     42     60     62     35     79      0     58     39     22     20     50     31     52    140    156    169    156    172    147    165    101  
  141     76     58    122     19     27     54     51    742    644    680    774    697    776    658    710    686    699    693    730    662    690    697    659    679    574    682    627    634    589    671    711    652    690    654    669     50     49     57     83    117    118     57    122     58      0     95     46     71     84     61     39    178    193    201    193    204    197    195    141  
   61     86     38     30     85    117     45     45    800    705    734    822    751    826    703    762    741    751    751    788    711    749    752    712    733    668    775    721    729    683    765    806    745    785    748    763    143     47     72     56     23     23     66     76     39     95      0     59     38     46     46     89    135    150    168    150    171    125    166     97  
  115     45     30     81     46     72     15     25    750    653    685    776    702    779    658    714    691    703    700    738    664    698    703    663    684    617    726    669    677    631    714    753    696    732    696    711     87     22     23     39     77     81     19     78     22     46     59      0     27     69     47     31    137    152    163    153    166    152    158     99  
   98     50     29     56     67     96     18     31    764    668    698    787    714    790    668    726    704    715    714    751    676    712    715    676    697    643    752    695    703    657    740    779    722    758    722    737    113     29     35     24     52     57     29     60     20     71     38     27      0     65     49     54    121    137    151    137    154    129    147     82  
   60    111     40     73     67     97     57     45    818    721    754    845    770    847    727    782    760    771    768    806    733    766    771    732    753    642    746    698    703    657    739    782    717    761    724    737    133     48     91     88     65     61     85    118     50     84     46     69     65      0     24     97    179    194    211    195    214    171    208    140  
   81     90     21     76     46     77     36     23    794    697    731    822    747    824    704    759    737    748    745    782    710    742    748    709    729    626    732    681    687    641    723    766    703    745    708    721    111     26     69     73     69     67     64    107     31     61     46     47     49     24      0     74    169    184    199    185    202    169    195    129  
  146     38     60    109     51     63     46     54    721    624    657    749    674    752    632    686    663    675    672    709    637    669    675    636    656    595    704    644    653    608    691    728    674    708    671    688     63     51     24     55    106    111     29     91     52     39     89     31     54     97     74      0    143    157    164    158    166    169    157    108  
  180    106    149    118    182    204    138    151    724    633    653    731    669    737    609    677    660    666    675    710    625    673    671    629    651    722    834    767    778    734    817    849    803    829    794    812    201    150    122    100    123    132    122     62    140    178    135    137    121    179    169    143      0     16     36     17     39     60     38     40  
  195    119    165    133    197    219    153    167    718    628    646    723    662    729    601    670    654    659    669    704    617    667    664    622    644    731    844    775    787    743    826    857    813    837    802    821    213    165    137    115    139    147    136     77    156    193    150    152    137    194    184    157     16      0     23      1     27     66     29     56  
  215    126    179    152    208    227    166    180    697    608    625    701    641    707    579    648    632    638    648    683    596    646    643    601    623    727    841    769    782    739    822    851    809    831    796    816    217    178    146    128    158    167    147     93    169    201    168    163    151    211    199    164     36     23      0     23      4     88     11     71  
  195    120    165    133    198    219    154    167    719    629    647    723    663    730    602    670    654    660    670    705    618    668    665    623    645    732    845    776    788    744    827    858    814    838    803    822    214    166    137    115    139    148    137     78    156    193    150    153    137    195    185    158     17      1     23      0     27     65     29     56  
  219    129    182    156    210    229    169    183    694    605    621    697    637    704    575    644    629    634    645    680    592    643    639    597    619    727    841    769    782    739    822    851    810    831    796    816    219    181    148    131    162    171    149     96    172    204    171    166    154    214    202    166     39     27      4     27      0     91     11     75  
  152    136    153     99    196    224    147    157    783    693    711    788    727    795    666    735    719    725    734    769    683    732    729    688    709    761    872    809    819    774    857    892    841    872    836    853    231    157    145    115    106    113    142     79    147    197    125    152    129    171    169    169     60     66     88     65     91      0     94     68  
  215    120    175    152    202    220    162    176    690    600    618    695    634    701    573    641    625    631    641    676    589    639    636    594    616    717    831    759    772    729    812    841    800    821    786    806    209    174    140    123    157    166    141     90    165    195    166    158    147    208    195    157     38     29     11     29     11     94      0     70  
  147     72    110     84    144    167     98    112    736    643    666    748    682    754    627    692    673    681    686    723    640    684    684    643    664    695    807    742    753    708    792    825    776    805    769    787    168    110     85     60     89     98     84     22    101    141     97     99     82    140    129    108     40     56     71     56     75     68     70      0  

    0      0      0      0     39      0  10060      0      0    228      0      0      0      0      0      0      0      5      0      0      0      0  15989      0      0      0      1    699      0      2      0      0     19      0      0     33      0      0      0     30      3      0    111  32776      0      0      0      0    766      0      0      0      2      0      0      0      0      0  15137      0  
    0      0      0      0      0    319     22      0    471      0      2  26985      0   1131   2221      0      0      2  85219    373      0   2561      0      0      0      0      0  16694      0   1051      0   9949      0      0  78590      0      0    312   1535      7     92    188      0      0      0      0      0      0      0      0      0      0      0      0      0      0      0      0    125      0  
78387      0      0   8177      0      0      0      0      0      0      0   6071      0    973      0  48570      0      0  18573      0      0      0      2      0    103      0      0      0      0   5652  13533      0      0  84787    627   7123  65694      0      0      0      0      0      0      0      0     59      0      0      0      0   3468      5    311      0      0      0      1      0      0      0  
    0      0      2      0     11      0      0    306      0      0    569      2      0      0     21  51768     11      0      0      0      0      0    388      0  14013   8315  52465      0  45010      0    592   3400  24745      0   5755  10216      0      0      0      0   1443      0      0      0   3256      0  45581     21      0      8    163   7754      0      0      0  53745    563      1      0      0  
48627   1084  17767      0      0      1     54      7    274      0  11352   9193      0    138   1002      0      0      0      7      0      0   3750      0      0      0      5      1      0      0  17547     62  20739      0      0      0      0     41      0      0  38401      0    535      0      0      0   1419     33  21626      0      0      0      0      0      0  63308      3      0      0      0      0  
28122      0    973      0    979      0      0      0      0      0      0      0      0      0      0      0    173   2411      0      4      0   2313      3  28096      0     86      0      0      0      0      0    269      0    412      0      0      0      0      0     29      0     12      0      0      0      0  24505      0      0      1      0      1      0      0      0      0   1751      0      5      0  
    0   1011   7111      0      0    297      0    242      3      0      0      0      0      0      0      0      0      0      0     12      0     99      1      0   3167    156      1      0   1561      0      0      0  51481  48821      0      0      0      0      1      0      0  18668    176     71      0      0  20349  60042      0      0      0      0   3986      0     68      0      0     34      0      0  
    1      3      0      0      0      0      0      0      0      0      0      0      0    920      2      0      0  89441     98      0      0      0  41816    140      0      0   1331    572      0     14     70      1      0      0      0      0      0      0      0      0      0      0    396      0      0  21415     25      0      0  24520      0  97658      0      0      0     50      0      5      0      8  
    0      0      0      0     24      0      0      0      0      0      0      0      0   1262      0      0  17608  28690    143      0      2      0     90      0      1      0      0      0      0      0      0     14      9      0      0      0  94625  20965  32021   4940    420   3392      0     77   5677      0   6497      4    242      0  15178      0      0      0    311      0      0      0      0      0  
    0      0      0      0      0      0      0      0  25279      0      0      0      0      0    342  83789   8637   3687      0  10626      6      0      0      4    129      0   7681   1222      1      0      0      0   1700      0      0   3723      0     30      0      0     23      8    726   1299      0    151      0    210    365      0     38      0     17      0      0      0    305      0      0    275  
 2157      0     99      0      0    387     20      0      0      3      0     12      0      0      0      0      0  23612    724      2      0      1      0      0      0      1     46      0      1      0      0      0      0      0      0      0  31912      0   4598      0      1      0      0    190      0  42271      0     19      0     10      0      0      0      0      0      0    488   8068     13      0  
  345      0      0      0      0      0      0  34664      0  72234      6      0   1510      0  20462      0   1017      0      0      0      0  19842      0     49  11477      0      0    868    106      0      0   9327   6440      0    793   1756      0      0      0     35   2617     15      0      0      0      0      0  71789      0  35335      0      0      0      0      0      0   2031      0      0      0  
    0      1      0      0    697      0      0      0      6      0      0      0      0      0      3   2705      0      0    109      0      2  63107      0      0  85866      0      0      0      0      0      0      7      0      1      0      0      0      0      0     31      1      0      0      0   3023     18      0      0      0     54      0      0    131     46   6134      0      0      0      0      0  
    0      0      0      0     11      0      2      0      0   2953      0      0  85523      0      5    170      0   1719      0   5752      0      0      0      0      0   6330      0      0   2474      0      0    185      0      0      0      0      5      3    548     10      0   5751      0      0      0      0      0      0      0      0      0      2      0      0      0      0      0  58947      0    231  
    0    420  31235    181      0      0      2      0      0      6      0      0  43282      4      0      0      0      1    364      0      0      0   3795     40      0      0   1480      0      2      0      0  47338   9519      0   1652   5396    101  44924      0  42992   7810      0     71      0     99      0   1334      0      0      0      0    445  84594      0      3      0   2706      0      0      0  
  587      0    189      0      0     51      0      0      6      0      3  36201     13      0      0      0      1      0      5     14      0  63158    128      1      0   6784  18183      0   2431      0   4334      5   1534      0      0      6      0      0   1102  35512      0  32114      0      0      0    814      0   9908  75537      0      0     13      0      0   1873      0   4279      0      0      0  
    0  13014      0      0   2454  83776  82019      4      0   4178      0      0      0      0     20      0      0      1      0      0      0      0      0      0      1      9      0   1401      8      0      0    191      0      0  28416     24      0      0      4   3936      0    365      0      0     13    575      0      0      0    201    597      0      0      0   5079      0      0      0    181   1276  
    0      0      0      0      0      0    764      1      0      0      0   6393      5  92407      0      0      1      0      0      0      0      0    188      0    151     31      0    165   2441  12166      0  18302      0      0      0      0      0      0      0   6301   3124      0  15918      0      0  19317      0      0      0      0      0     57    940      0      0     57      3      0      0      0  
    0      0      0      0      0  17620      0      0      4      0      0    847   6949      0      0      1  26942      1      0      0      0      0     20      0      0      0      0      0    606  97978      0      0      0      0      0      0      2      0      0      0    914      0      0      0      0      0      0      0   5323      0      0  48198      4      0      0     16      0      0      0     28  
    0      0      0      0      0      0      0      0      0      0      0      0      0    160      0      0      4      0      5      0      0   1166      0      0      0  14184  12951  66494      0    571  25295      0      1      2    349      0      0      0      0      0      0     55     25      0      0   1208      0   4155   3994      0      0      0      9     37     64      0      0      0      0     78  
    0      0   1853      7      0      0      0      0      0      0      0      0      0     59     37     26   1525      2      0  71932      0      0      0      4      6      4      0    115      0      0    128      0     12      0     38      0  39872      0      0   8855      0      6      0      0      0     14   4796     17      8      0    345      0      5     93      0    713   3214      0      0   5070  
15121      0     11  58133   2490   3064      0      0      0      0      0      0      0      0      0      0   8903      4      0      5  30930      0      0      0      0      0  42078      0    747      0     30      1      0      0   2605      0      0      0      0      0    562      0   5434      0      1      0      0      0      0  65374     26   1036      2      0      0      1     39      0      0      0  
    0      0      0      0      0      0     19      2      0   2157      0      0      0      0      0  77386      0      0      0   5240      0      0      0   4765      0      0     76     20      0      0    407  20768      4      8      0      0      0      0   1473    320      0      1      0     20      0      0      0      0      0      0  12098      0      0      0      0  61519      0     42      0     17  
    0      0    195  41996      0      2      0      0      0      0      0      0      0      0      0      0      0      0    336   1193      0      0    582      0      0      0      0      0      0      0      0      5      0    100      0      0      6      0      0    393      0      0      2   1768      4      0   3381   4594      0      0      0  16915     34      0     14      0      0      1      0      0  
    0      0    135      0    134      0  98710      0      0      0      0      0      0      0    544      1      0      0      0      0  47388   5481      0    108      0      0      0  17700      0   1360   3515      2      0      0      0      0      0      0   1468      0      0   9249  23813      0      0    129      1      4      0      0  95344      0      0   5275      0      0  15292      0      0  41599  
    0      0      0     72      0      0      0      0     15   1495  19929    960     10      0      0      0      0      0      0    480     10      0     12      0    404      0      0      1   3591    237    178      0      0  18617      0      0      0      0      0      0   9421      0      1   5011      0      0      0     13      0      0      0    659     44      0     10      0      0      0  10662      0  
11755      0      0      0      0      0      0      0      0      0   3107   1208      0      0      0      0      1  10372    203      1   2112    226  77464      0      0   7250      0  17101      0     21      7      0      0      0      0      0      0   3501  48956      0     98      8  63967      0      0      0  57435     15    151      0      0      0      0     10      0      0      0      0      0  40588  
    0      0      0   3303   1195      8     49      0      0      0      0      0      0  12759      0      0      0    124      0      1      0      0      0      0      0      0      0      0      0      0      0      0    232      2      0      0      7     29  18959      0      0      0      1      0    359      1   1210      0    261      0      0      0    299      0  33178      0      0      0      1      0  
    0      0      0   1202      0      0      0   7404      0   2550      0    930      0  72572  51744      0      0   6510      0      0      0      0      0   1219    506      0    106      0      0     12      0      5     16   1414      0  10432      0      0     30      0      0      0      0    253      0      0      0      5     55     68      0      0   1875      0      0     25      0    616   9214    305  
    0      0     11      0      0      1      0      6      0   9319      0      0      1    423      0     80    504      0     66  11830  48392      0     16     32     90   7035     17      0   9641      0      5      0      0      0  20050      0      0      0      0      0   1297      0   3509      0      0      0      0  84331      0     34  15817      0      0      0      0    122     12    160      0      2  
    0      0      0      0      0      0      0      0      1      0      0      0      0      0   4277      0      0     91      0      0      0      0     35    132     10    343      0  63508      0  67214      0      0      0      0     69  15508      0  21607      0      6      0      0      1      0      0      5      0      0      0    317    247    307      0      1      0      0   3320      0      0     10  
  626      0      0      0      2      0      0      0      0      0    169      0      0      0  77125      0      6      0  32801  20547    261      0      0      0      0   4898   4578      0    370      0      0      0      4      0      0   1418      0    160  13604     23   3205   6070      0     47      0    163      0      0    183      0      0      0  81833      0    192      0     12      3     77     41  
    0      0      0      0      0      5      0      0      0      0      0      0      0      0      0      0   4534      0      0      0  10542      0   3391  47468      0      0   8459      0    109      0      0      0      0      0      0      0      0      0      0      0      0   2947  22971      0   2853      0      0      0  14210      0      0      0      0      0     25      0  16591      0      0   4757  
    0      0      0      0      1      0      0    532      2      0      2     11    147      0      0      0      3  30303    142  74417      0   1237     76   1001     21      1      0      0      0      0      0      0      0      0      0      0      0     42      0      0    146      0    597    162      0      0      0      0    159  11244   8976    119      3      0  63585      0      0      0      0      0  
 3589      0      0    563     38      0   2302      0    108      0      0      0      2      0      0  28930      0      0   6524   7267      0      8      0      5      0      1      0      0      0      0      0      0      0      0      0  25929   2105      0      0      0    323      0    282      0      0      0      0      0      0      0      0      0      0      0      0      0      0    333      0      0  
