119

    0     69     27     61    280    312    308    317    336    275    316    271    340    506    508    841    883    806    843    868    866    816    845    810    823    831    537    492    539    537    514    486    525    513    499    528    367    378    348    362    353    362    356    364    301    293    296    317    319    258    277    300    251    286    305    327    314    304    298    304    304    300    298    462    505    478    477    497    470    460    466    464    488    504    317    353    298    291    320    293    330   1240   1244   1240   1252   1229   1278   1232   1231   1231   1228   1234   1271   1216    228    231    224    234    222    242    198    188    194    208    444    428    424   1217   1290   1263   1233   1238   1290   1237   1233   1281    418   1007    958  
   69      0     50     31    218    249    247    254    272    210    255    210    277    438    440    837    879    805    839    864    861    810    840    806    822    828    489    437    485    483    464    438    476    462    447    460    305    314    291    300    292    300    290    302    234    225    230    251    251    192    210    232    183    218    237    259    246    237    231    238    236    232    233    396    441    413    412    434    405    395    401    398    421    439    249    285    230    223    252    225    262   1183   1188   1183   1194   1171   1221   1174   1174   1174   1171   1176   1209   1154    296    298    291    302    290    310    266    256    261    274    378    361    359   1151   1224   1197   1167   1172   1225   1172   1167   1216    351    954    904  
   27     50      0     35    266    298    296    303    321    259    303    258    325    484    486    824    866    790    825    851    848    798    828    793    807    814    511    466    512    510    488    460    499    487    473    506    341    353    321    336    327    337    332    339    283    274    279    300    298    241    259    278    230    267    284    307    295    285    280    288    284    279    282    445    490    462    462    483    454    444    450    447    470    488    297    332    276    269    299    272    309   1230   1235   1230   1242   1219   1268   1222   1221   1221   1219   1224   1258   1203    252    250    242    255    245    266    220    209    219    233    428    410    408   1192   1265   1238   1208   1213   1265   1212   1208   1256    400   1000    950  
   61     31     35      0    244    275    274    279    296    233    281    236    301    451    454    810    852    777    811    837    834    783    813    779    794    801    479    432    479    477    455    428    467    454    440    473    306    318    287    302    292    302    297    304    254    244    252    274    268    214    231    246    200    238    254    276    265    255    250    261    255    248    257    418    465    436    435    459    428    418    424    419    442    461    266    300    243    237    269    240    278   1210   1216   1210   1221   1199   1248   1200   1202   1201   1199   1203   1234   1178    286    282    273    289    279    300    254    243    254    267    401    382    383   1157   1230   1204   1173   1179   1231   1177   1173   1222    371    982    933  
  280    218    266    244      0     33     31     38     59     34     39     12     61    274    271    956    994    930    956    982    977    923    955    925    947    949    484    401    454    449    451    440    465    445    423    300    254    238    282    252    251    242    200    250     61     84     46     50    100     52     61    119     94     70    101    106     85     82     73     45     80    107     32    189    226    200    200    217    193    182    189    194    218    227     98    139    134    113    102    109    123    967    975    968    978    956   1005    957    959    958    956    960    992    937    490    507    503    506    489    507    470    462    455    464    168    158    146   1006   1081   1051   1024   1028   1081   1029   1021   1073    154    743    693  
  312    249    298    275     33      0     18      5     27     49     19     43     28    251    246    970   1007    945    970    996    991    936    968    939    962    963    484    397    450    445    450    441    464    444    421    276    254    234    287    252    253    241    196    249     58     85     44     31     94     71     70    120    109     74     99     97     77     79     72     37     76    107     28    157    193    167    167    185    160    150    156    162    186    194     92    127    137    116     95    112    115    937    945    938    948    926    975    927    930    928    926    930    960    905    523    540    535    539    521    539    503    494    487    496    136    127    114    981   1055   1026    999   1002   1056   1004    996   1048    125    715    665  
  308    247    296    274     31     18      0     20     41     58      8     38     39    267    262    982   1019    956    982   1008   1003    949    981    951    973    975    500    414    467    461    467    457    481    460    438    293    270    251    302    268    268    258    213    265     73    100     59     49    110     79     82    135    119     88    115    114     94     95     87     52     92    122     42    167    199    175    175    189    168    158    165    174    197    202    108    144    152    131    112    127    132    937    944    937    948    925    975    927    929    928    926    930    963    908    515    534    530    533    514    532    496    488    480    488    146    140    122    996   1071   1041   1014   1017   1071   1019   1011   1064    139    712    662  
  317    254    303    279     38      5     20      0     23     52     19     48     24    247    243    972   1009    947    972    998    993    938    970    941    964    965    484    397    450    444    450    441    465    444    421    273    254    234    288    252    253    242    196    249     59     86     46     31     94     74     72    121    112     76     99     97     77     79     73     38     77    108     30    152    189    163    163    180    156    145    152    158    182    190     92    126    138    118     95    113    115    933    941    934    944    921    970    923    925    924    922    925    956    901    527    544    540    544    526    544    507    499    492    501    132    123    109    977   1052   1022    995    999   1052   1001    992   1045    121    711    661  
  336    272    321    296     59     27     41     23      0     65     37     69      9    227    222    973   1009    948    972    998    993    939    971    942    966    966    475    386    439    434    442    434    456    435    412    253    247    225    284    245    247    234    187    242     59     86     51     28     87     86     78    118    119     79     96     88     72     77     72     41     74    105     41    131    170    143    142    163    135    125    131    136    160    169     85    113    135    116     88    111    106    918    928    919    929    907    956    907    911    909    907    910    938    883    548    564    559    564    547    565    528    519    513    522    110    101     89    956   1030   1001    974    977   1031    979    970   1023     99    699    649  
  275    210    259    233     34     49     58     52     65      0     63     40     71    256    254    925    962    899    924    950    946    892    924    894    916    917    451    368    421    416    418    406    432    412    390    281    221    206    249    219    218    209    168    216     34     51     23     42     71     23     28     86     62     37     69     78     57     52     43     29     50     74     24    187    233    204    203    227    196    186    191    190    214    229     69    112    101     80     73     76     93    982    991    983    993    971   1020    971    975    973    971    974   1001    946    493    505    499    506    490    509    470    461    457    467    169    153    150    988   1062   1033   1005   1009   1062   1010   1003   1054    145    762    712  
  316    255    303    281     39     19      8     19     37     63      0     46     34    263    258    987   1024    961    986   1012   1007    953    985    956    978    979    502    415    468    463    469    459    483    462    439    289    272    252    305    270    271    260    214    267     76    103     62     49    112     85     86    138    125     92    117    115     95     97     90     55     95    125     45    161    191    168    169    182    162    151    158    168    191    195    110    144    155    134    113    130    133    929    937    930    941    918    967    920    921    920    918    922    956    901    522    542    538    540    521    539    504    496    487    495    140    134    116    992   1066   1037   1010   1013   1067   1015   1006   1059    134    705    655  
  271    210    258    236     12     43     38     48     69     40     46      0     71    285    282    957    995    930    957    983    978    924    956    926    948    949    490    408    461    456    458    445    472    452    430    311    261    246    287    258    257    249    208    256     70     91     55     61    109     54     67    126     96     77    108    116     94     91     81     55     88    114     43    199    235    210    210    226    203    192    199    204    228    237    107    148    140    119    111    116    132    974    981    975    985    963   1012    965    966    965    963    967   1000    945    480    498    493    497    479    497    460    452    445    454    179    169    156   1017   1092   1062   1035   1039   1092   1040   1032   1084    165    748    699  
  340    277    325    301     61     28     39     24      9     71     34     71      0    231    226    982   1018    957    981   1007   1002    948    980    951    974    975    484    395    447    442    450    443    464    444    420    257    256    233    293    254    256    243    196    251     68     95     59     36     96     93     86    127    127     87    105     97     81     85     81     49     83    114     47    130    165    140    140    158    132    122    128    136    159    166     94    122    144    125     96    120    115    912    921    913    923    900    949    901    905    903    901    904    933    878    551    568    563    567    549    567    530    522    515    524    109    102     86    959   1033   1004    977    980   1034    982    974   1027    101    691    642  
  506    438    484    451    274    251    267    247    227    256    263    285    231      0     13    921    950    904    918    943    936    882    914    891    921    916    359    265    304    298    327    338    339    318    295     26    205    173    259    208    218    198    169    203    223    219    234    225    193    264    241    207    257    230    204    184    202    210    219    231    212    208    243    144    195    172    167    211    168    170    166    130    123    164    195    154    209    216    191    214    177    874    898    879    880    862    908    854    874    865    867    862    851    795    733    733    724    739    727    748    704    693    698    710    159    143    180    733    807    778    750    754    807    755    747    800    134    699    653  
  508    440    486    454    271    246    262    243    222    254    258    282    226     13      0    932    962    916    930    955    948    894    926    903    933    928    371    277    316    310    339    350    351    330    307     33    214    182    269    217    227    206    176    212    221    219    232    222    193    263    240    208    258    230    205    184    201    210    218    229    211    209    240    134    183    161    157    200    157    160    156    120    112    152    195    156    212    218    191    215    178    864    887    868    870    851    897    844    863    854    856    851    841    785    734    736    727    741    729    749    706    695    699    711    150    135    171    736    810    781    753    757    810    758    750    803    127    687    641  
  841    837    824    810    956    970    982    972    973    925    987    957    982    921    932      0     44     42      8     27     27     41     19     32     34     13    571    659    631    637    599    584    589    608    629    918    744    776    696    744    738    756    804    748    915    888    927    946    889    905    901    856    864    897    878    891    903    897    902    936    899    869    943   1017   1083   1050   1046   1091   1042   1036   1038   1007   1017   1058    890    879    839    857    889    862    875   1787   1814   1793   1791   1774   1818   1763   1789   1778   1780   1773   1737   1683    923    857    838    885    905    921    880    869    918    932   1016    988   1017   1210   1258   1249   1215   1226   1259   1215   1227   1246    968   1618   1572  
  883    879    866    852    994   1007   1019   1009   1009    962   1024    995   1018    950    962     44      0     85     41     20     18     71     39     73     73     56    598    688    657    663    626    613    616    636    657    947    778    809    730    778    772    790    838    782    952    924    963    983    925    943    938    892    901    933    914    926    939    933    938    972    935    905    979   1050   1116   1083   1079   1124   1075   1070   1071   1040   1049   1090    926    914    875    893    925    898    910   1813   1842   1820   1817   1801   1844   1789   1816   1804   1807   1799   1760   1706    967    900    882    929    949    965    924    912    961    976   1050   1021   1051   1214   1260   1252   1219   1230   1261   1218   1231   1249   1002   1649   1602  
  806    805    790    777    930    945    956    947    948    899    961    930    957    904    916     42     85      0     48     66     68     54     57     30     18     30    560    645    620    626    586    569    576    595    615    903    723    755    674    723    716    735    783    727    890    863    901    921    866    879    875    832    837    871    854    867    878    873    877    910    874    844    917    996   1062   1029   1025   1070   1021   1015   1017    987    998   1038    866    857    815    832    865    838    852   1774   1800   1780   1778   1761   1805   1751   1775   1764   1767   1760   1728   1673    884    817    799    845    866    881    841    830    879    894    995    967    995   1220   1269   1259   1226   1236   1270   1226   1237   1258    947   1601   1554  
  843    839    825    811    956    970    982    972    972    924    986    957    981    918    930      8     41     48      0     26     24     36     12     33     41     19    568    656    627    634    596    581    585    605    626    915    742    774    694    742    736    755    803    747    914    887    926    946    888    905    900    855    863    896    877    890    902    896    901    935    898    868    942   1015   1081   1048   1044   1089   1040   1035   1036   1005   1015   1056    889    878    838    856    888    861    874   1784   1811   1790   1788   1771   1815   1760   1786   1774   1777   1770   1733   1679    927    860    842    889    909    925    884    872    921    936   1015    986   1016   1204   1251   1242   1208   1219   1252   1208   1221   1240    967   1616   1569  
  868    864    851    837    982    996   1008    998    998    950   1012    983   1007    943    955     27     20     66     26      0     11     61     30     58     54     38    592    681    651    658    620    606    610    630    651    940    768    799    720    768    762    780    829    772    940    913    952    971    914    931    926    881    889    922    903    916    928    922    927    961    924    894    968   1041   1106   1074   1070   1115   1065   1060   1061   1031   1040   1082    915    904    864    882    914    887    900   1808   1836   1814   1812   1795   1839   1784   1810   1798   1802   1794   1756   1702    949    882    864    911    931    947    906    895    944    959   1040   1012   1041   1219   1266   1257   1224   1235   1267   1223   1236   1254    993   1641   1595  
  866    861    848    834    977    991   1003    993    993    946   1007    978   1002    936    948     27     18     68     24     11      0     55     23     56     58     39    584    674    644    650    613    599    602    622    643    933    762    793    714    762    756    774    823    766    935    908    947    966    909    926    922    876    884    917    898    910    922    917    922    956    919    889    963   1035   1100   1068   1064   1108   1059   1054   1055   1024   1034   1075    910    898    859    877    909    882    894   1800   1828   1807   1804   1788   1831   1776   1803   1791   1794   1786   1748   1694    950    883    865    911    932    947    907    895    944    959   1034   1006   1036   1209   1255   1247   1214   1225   1256   1213   1226   1244    987   1634   1588  
  816    810    798    783    923    936    949    938    939    892    953    924    948    882    894     41     71     54     36     61     55      0     33     24     59     41    532    621    591    598    560    545    549    569    590    879    708    739    660    708    702    720    768    712    881    854    893    912    855    872    867    821    830    863    844    856    868    863    868    902    865    834    909    980   1046   1013   1009   1054   1005   1000   1001    970    980   1021    856    844    804    823    854    828    840   1748   1775   1754   1752   1735   1779   1724   1750   1738   1741   1734   1697   1643    906    841    822    869    889    905    863    851    899    914    980    952    981   1172   1221   1211   1178   1189   1222   1178   1190   1209    932   1580   1534  
  845    840    828    813    955    968    981    970    971    924    985    956    980    914    926     19     39     57     12     30     23     33      0     37     52     29    563    652    622    629    591    577    581    601    622    911    740    771    692    740    734    752    801    744    913    886    925    944    887    904    899    853    862    895    876    888    900    895    900    934    897    866    941   1012   1078   1045   1042   1086   1037   1032   1033   1002   1012   1053    888    876    836    855    886    860    872   1779   1807   1785   1783   1766   1810   1755   1781   1769   1773   1765   1727   1673    932    866    847    894    914    930    888    877    925    940   1012    984   1013   1194   1241   1233   1199   1210   1242   1199   1211   1230    964   1612   1566  
  810    806    793    779    925    939    951    941    942    894    956    926    951    891    903     32     73     30     33     58     56     24     37      0     38     25    543    630    603    609    570    554    560    580    600    889    713    745    665    713    707    726    774    718    884    857    895    915    858    874    870    825    832    865    847    860    871    866    871    904    868    838    911    986   1052   1019   1015   1060   1011   1006   1007    976    987   1028    859    848    808    826    858    831    844   1758   1786   1765   1763   1746   1790   1735   1760   1749   1752   1745   1710   1656    895    829    811    857    878    893    852    841    889    904    986    957    986   1193   1242   1232   1199   1209   1243   1198   1210   1231    938   1589   1542  
  823    822    807    794    947    962    973    964    966    916    978    948    974    921    933     34     73     18     41     54     58     59     52     38      0     23    575    662    635    641    602    585    592    612    632    919    740    772    691    740    734    752    800    745    907    880    919    939    883    896    893    849    855    889    871    885    896    890    894    928    892    862    934   1014   1079   1046   1043   1087   1038   1033   1034   1004   1015   1055    884    874    832    850    882    855    869   1790   1816   1796   1794   1778   1822   1767   1792   1781   1783   1776   1743   1689    899    832    814    860    881    896    856    845    894    909   1012    984   1012   1230   1279   1269   1236   1246   1280   1236   1248   1268    964   1618   1571  
  831    828    814    801    949    963    975    965    966    917    979    949    975    916    928     13     56     30     19     38     39     41     29     25     23      0    568    655    628    634    595    579    585    605    625    914    738    770    689    738    732    750    798    742    908    881    919    939    882    898    894    849    856    889    871    884    896    890    895    928    892    862    935   1011   1077   1044   1040   1085   1036   1030   1032   1001   1011   1052    883    873    832    850    882    855    868   1783   1810   1790   1787   1771   1815   1760   1785   1774   1777   1770   1735   1680    912    845    827    873    894    909    869    857    906    921   1010    982   1011   1213   1261   1252   1218   1229   1262   1218   1230   1250    962   1613   1567  
  537    489    511    479    484    484    500    484    475    451    502    490    484    359    371    571    598    560    568    592    584    532    563    543    575    568      0     96     61     67     34     52     21     42     66    352    230    251    210    233    234    243    289    235    427    402    442    454    391    439    424    366    400    415    386    388    407    406    414    448    408    379    459    476    539    509    505    551    502    499    499    464    469    511    392    364    350    372    390    376    370   1216   1245   1223   1220   1204   1248   1193   1219   1207   1210   1203   1169   1115    738    703    688    722    725    747    695    682    711    727    481    454    489    778    844    824    790    799    845    793    796    834    436   1055   1010  
  492    437    466    432    401    397    414    397    386    368    415    408    395    265    277    659    688    645    656    681    674    621    652    630    662    655     96      0     54     49     63     78     76     54     31    260    149    163    146    152    156    160    201    153    341    318    357    366    304    358    341    282    322    331    301    300    320    320    329    362    323    294    373    381    444    414    410    456    407    404    404    369    373    416    306    274    268    289    303    293    282   1129   1156   1135   1134   1117   1161   1106   1131   1120   1122   1116   1089   1033    706    680    666    696    695    717    666    653    677    692    387    360    395    763    832    810    777    784    833    780    781    823    341    962    917  
  539    485    512    479    454    450    467    450    439    421    468    461    447    304    316    631    657    620    627    651    644    591    622    603    635    628     61     54      0      7     43     76     46     36     40    296    202    216    196    205    209    213    255    207    395    371    410    419    357    412    395    336    375    385    354    353    373    373    382    415    376    348    427    428    489    460    456    502    454    452    451    415    418    460    359    326    322    343    356    346    335   1157   1186   1164   1161   1145   1188   1133   1160   1148   1151   1143   1109   1055    748    719    704    736    736    758    708    694    720    736    435    408    445    738    806    784    751    759    807    754    756    796    391    998    953  
  537    483    510    477    449    445    461    444    434    416    463    456    442    298    310    637    663    626    634    658    650    598    629    609    641    634     67     49      7      0     46     79     51     39     39    289    198    211    193    201    205    208    249    202    390    366    405    414    352    407    390    331    371    380    349    348    368    368    377    410    371    343    422    421    483    454    450    496    447    446    444    409    411    454    354    321    317    338    350    341    330   1151   1179   1157   1155   1138   1182   1127   1153   1141   1145   1137   1103   1049    747    719    704    735    735    757    706    693    719    734    428    402    439    737    804    783    749    757    805    752    754    794    384    992    947  
  514    464    488    455    451    450    467    450    442    418    469    458    450    327    339    599    626    586    596    620    613    560    591    570    602    595     34     63     43     46      0     35     15     10     33    321    198    218    180    200    202    210    255    202    394    369    409    420    357    406    391    333    368    382    353    355    374    373    381    415    375    346    426    443    506    476    472    518    469    466    465    431    436    478    359    330    318    339    356    343    337   1189   1216   1195   1193   1176   1220   1165   1191   1179   1182   1175   1145   1090    719    687    672    705    706    728    677    664    692    707    448    421    456    779    846    825    791    799    846    794    796    836    402   1024    979  
  486    438    460    428    440    441    457    441    434    406    459    445    443    338    350    584    613    569    581    606    599    545    577    554    585    579     52     78     76     79     35      0     41     41     51    335    188    212    161    190    189    201    248    193    384    358    399    412    349    393    379    322    353    371    343    347    365    363    370    405    365    335    416    445    510    479    475    521    471    468    468    434    441    483    350    325    306    327    348    331    329   1206   1232   1212   1211   1193   1238   1183   1207   1196   1199   1193   1166   1111    688    655    639    673    675    697    646    632    661    677    449    421    455    813    880    859    826    834    881    829    831    870    402   1036    990  
  525    476    499    467    465    464    481    465    456    432    483    472    464    339    351    589    616    576    585    610    602    549    581    560    592    585     21     76     46     51     15     41      0     22     46    333    212    232    193    214    216    224    269    216    408    383    423    434    371    420    405    347    382    396    367    369    388    387    395    429    389    360    440    456    519    489    485    531    482    479    479    444    449    491    373    344    332    353    370    357    351   1199   1227   1205   1203   1186   1230   1175   1201   1189   1192   1185   1153   1098    728    696    680    714    716    738    687    673    702    717    461    434    469    776    843    822    788    796    843    791    794    832    416   1036    991  
  513    462    487    454    445    444    460    444    435    412    462    452    444    318    330    608    636    595    605    630    622    569    601    580    612    605     42     54     36     39     10     41     22      0     24    312    192    211    176    194    196    204    248    196    388    363    403    414    351    401    385    327    363    376    347    348    367    366    374    408    369    340    420    434    497    467    463    509    460    457    457    422    427    469    353    323    312    333    350    337    330   1179   1207   1185   1183   1167   1211   1156   1181   1170   1173   1165   1135   1080    720    689    674    706    707    729    678    665    692    708    439    412    448    773    841    819    786    794    841    789    791    831    394   1015    970  
  499    447    473    440    423    421    438    421    412    390    439    430    420    295    307    629    657    615    626    651    643    590    622    600    632    625     66     31     40     39     33     51     46     24      0    290    170    188    158    172    175    181    226    174    365    340    380    391    328    379    363    305    342    354    324    325    344    344    352    386    346    317    397    410    474    443    439    485    436    434    433    398    403    446    330    300    290    311    327    315    307   1159   1186   1165   1163   1146   1191   1136   1161   1150   1152   1145   1117   1062    709    680    665    697    697    719    668    655    681    696    416    389    424    773    841    819    786    794    842    789    790    831    370    993    947  
  528    460    506    473    300    276    293    273    253    281    289    311    257     26     33    918    947    903    915    940    933    879    911    889    919    914    352    260    296    289    321    335    333    312    290      0    216    185    269    218    230    209    185    214    248    243    260    251    217    288    266    229    281    255    228    208    227    235    243    257    236    231    269    166    213    193    188    231    189    192    188    153    144    182    219    178    231    239    216    237    201    873    898    879    879    861    906    852    874    864    866    860    844    788    755    754    745    761    749    770    726    715    721    733    183    168    204    707    781    752    724    728    782    730    722    774    159    704    658  
  367    305    341    306    254    254    270    254    247    221    272    261    256    205    214    744    778    723    742    768    762    708    740    713    740    738    230    149    202    198    198    188    212    192    170    216      0     34     55      5     16     13     62      5    197    172    212    224    161    210    194    136    174    185    156    160    177    176    184    218    178    149    229    274    340    307    303    347    298    293    294    264    277    316    163    140    121    142    161    146    142   1073   1093   1077   1079   1060   1107   1054   1071   1063   1064   1061   1055    999    590    575    563    587    581    603    554    542    558    572    273    244    275    855    927    901    870    876    928    874    871    918    225    882    835  
  378    314    353    318    238    234    251    234    225    206    252    246    233    173    182    776    809    755    774    799    793    739    771    745    772    770    251    163    216    211    218    212    232    211    188    185     34      0     88     36     46     25     39     31    179    156    194    204    141    198    180    121    166    169    138    138    158    158    166    199    160    133    211    242    308    275    271    316    267    262    263    232    244    284    143    114    108    129    140    132    120   1039   1059   1043   1046   1027   1073   1021   1037   1030   1030   1028   1022    966    604    593    581    603    596    617    569    558    572    585    242    214    245    839    912    886    855    861    913    859    856    904    194    849    802  
  348    291    321    287    282    287    302    288    284    249    305    287    293    259    269    696    730    674    694    720    714    660    692    665    691    689    210    146    196    193    180    161    193    176    158    269     55     88      0     53     44     65    110     58    230    203    243    259    198    234    222    168    193    214    190    198    213    209    216    251    212    181    260    325    390    357    353    397    348    342    344    316    329    368    200    184    151    171    198    176    182   1127   1146   1131   1134   1114   1161   1108   1125   1117   1118   1115   1109   1053    565    545    531    558    555    577    527    514    535    550    322    294    322    887    958    933    901    908    959    905    904    949    274    935    887  
  362    300    336    302    252    252    268    252    245    219    270    258    254    208    217    744    778    723    742    768    762    708    740    713    740    738    233    152    205    201    200    190    214    194    172    218      5     36     53      0     12     13     62      5    195    169    210    222    159    207    192    133    170    182    154    158    175    174    181    216    176    146    227    274    340    307    303    347    298    293    294    265    277    317    161    139    118    139    159    143    140   1074   1094   1078   1081   1062   1109   1056   1072   1065   1066   1063   1057   1001    586    571    559    583    577    598    550    537    554    568    273    244    274    859    931    906    874    880    932    878    876    922    225    883    835  
  353    292    327    292    251    253    268    253    247    218    271    257    256    218    227    738    772    716    736    762    756    702    734    707    734    732    234    156    209    205    202    189    216    196    175    230     16     46     44     12      0     22     67     16    195    169    210    224    161    205    190    133    167    182    154    160    177    174    182    216    177    146    227    281    347    313    310    354    305    299    301    272    285    324    163    143    117    139    160    143    143   1083   1103   1087   1090   1071   1118   1065   1081   1074   1075   1072   1068   1012    576    560    548    572    566    588    539    527    544    558    279    251    280    870    942    916    885    891    942    889    886    933    231    891    843  
  362    300    337    302    242    241    258    242    234    209    260    249    243    198    206    756    790    735    755    780    774    720    752    726    752    750    243    160    213    208    210    201    224    204    181    209     13     25     65     13     22      0     50      9    185    160    200    212    149    199    182    124    163    173    144    147    165    163    171    206    166    136    217    262    328    294    291    335    286    281    282    252    265    304    151    127    109    130    148    134    129   1062   1082   1066   1069   1050   1097   1044   1060   1053   1054   1051   1046    990    587    574    562    585    578    600    552    539    555    569    260    232    262    857    929    903    872    878    930    877    873    921    213    871    823  
  356    290    332    297    200    196    213    196    187    168    214    208    196    169    176    804    838    783    803    829    823    768    801    774    800    798    289    201    255    249    255    248    269    248    226    185     62     39    110     62     67     50      0     58    141    118    156    166    103    161    142     84    131    132    100    100    119    119    128    161    122     95    173    215    281    247    244    287    239    233    234    206    221    259    105     78     72     92    102     94     82   1021   1040   1025   1029   1009   1056   1004   1019   1012   1013   1011   1011    955    583    576    565    585    576    597    550    539    550    563    213    184    213    862    935    908    878    883    936    882    878    927    165    826    778  
  364    302    339    304    250    249    265    249    242    216    267    256    251    203    212    748    782    727    747    772    766    712    744    718    745    742    235    153    207    202    202    193    216    196    174    214      5     31     58      5     16      9     58      0    192    167    207    220    157    206    189    131    169    180    151    155    173    171    179    213    173    144    224    270    335    302    299    343    294    289    290    260    273    312    158    135    116    137    156    141    137   1069   1089   1073   1076   1057   1104   1051   1067   1060   1061   1058   1052    996    588    574    562    585    579    601    552    540    556    570    268    240    270    856    929    903    872    878    929    876    873    920    221    879    831  
  301    234    283    254     61     58     73     59     59     34     76     70     68    223    221    915    952    890    914    940    935    881    913    884    907    908    427    341    395    390    394    384    408    388    365    248    197    179    230    195    195    185    141    192      0     28     16     32     40     44     24     63     63     21     42     46     24     22     14     22     19     49     33    164    215    184    183    212    176    166    171    165    188    208     37     79     80     59     41     54     62    970    981    971    980    958   1007    957    963    960    959    961    983    928    521    531    524    533    518    537    497    487    486    496    148    128    132    954   1028    999    971    975   1029    976    969   1021    118    754    704  
  293    225    274    244     84     85    100     86     86     51    103     91     95    219    219    888    924    863    887    913    908    854    886    857    880    881    402    318    371    366    369    358    383    363    340    243    172    156    203    169    169    160    118    167     28      0     41     59     27     48     26     36     45     15     19     35     23     13     14     49     14     24     58    179    234    202    200    233    194    184    189    178    200    224     25     67     53     32     28     27     45    990   1002    992   1000    978   1027    977    984    981    980    981   1000    944    517    523    515    527    513    533    491    481    482    493    165    142    152    947   1021    993    964    969   1022    969    963   1014    129    777    727  
  296    230    279    252     46     44     59     46     51     23     62     55     59    234    232    927    963    901    926    952    947    893    925    895    919    919    442    357    410    405    409    399    423    403    380    260    212    194    243    210    210    200    156    207     16     41      0     24     55     39     28     77     68     31     57     61     39     37     29     11     35     64     18    167    215    185    184    210    177    167    172    169    193    210     53     94     94     73     56     68     77    967    977    968    977    955   1004    955    960    958    956    959    984    928    514    526    519    527    511    530    491    482    479    489    149    132    132    966   1041   1012    984    988   1041    989    981   1033    124    749    699  
