152

    0     24     38     41     12     79   1030   1019   1021   1005    978   1021   1032   1030   1035   1005    995    948    957   1002   1045   1055   1021   1036   1001    995   1035    827    843    778    773    839    840    708    671    674    642    627    642    690    605    830    811    788    841    760    839   1257   1261    962    952    987    959    983    974    935    956    973    951    990    928    272    263    302    286    340    267    252    272    262    276    232    251    906    860    871    912   1479   1453   1457   1519    610    666    964    868    875    819    829    876    853    738    783    838    840    794    858    798    798    814    853    794    807   1162   1291   1246   1258   1172   1182   1196   1253   1224   1223    830    855    879    410    582    468    541    507   1435   1382   1431   1437   1349   1394    637    663   1334   1344    871    842    852    828   1084   1130   1076   1146   1072    893    881    908    893    836    840    899    919    897    828    877    788    856  
   24      0     32     35     23     75   1009    998   1000    983    957   1000   1012   1009   1014    990    980    934    944    988   1030   1041   1007   1023    987    981   1021    807    824    759    755    820    821    691    654    658    624    610    626    673    588    810    791    768    821    741    820   1234   1238    940    929    966    937    961    952    913    934    951    929    968    906    249    239    279    264    317    245    228    250    239    255    211    229    886    839    850    892   1465   1439   1442   1505    587    643    944    850    857    800    811    857    834    721    766    821    822    777    841    780    781    797    836    777    791   1152   1281   1236   1247   1162   1171   1184   1242   1214   1213    810    835    857    386    561    446    519    486   1417   1364   1413   1420   1331   1377    635    660   1311   1321    850    821    831    807   1069   1113   1059   1131   1056    872    861    888    872    815    819    878    898    875    808    856    780    850  
   38     32      0     66     28     44   1026   1014   1017    998    972   1015   1028   1026   1032   1017   1006    961    971   1015   1056   1067   1034   1051   1014   1008   1048    826    844    779    776    840    841    671    634    636    606    590    604    654    568    830    812    787    841    761    841   1241   1245    953    942    982    950    974    965    928    950    966    943    983    921    253    247    291    277    328    261    236    265    246    271    229    244    905    857    867    911   1492   1466   1469   1532    582    640    962    874    879    821    832    878    857    743    790    845    845    800    865    803    806    820    860    801    816   1181   1310   1266   1277   1192   1201   1214   1271   1244   1242    829    854    873    391    577    458    532    501   1440   1386   1435   1442   1354   1400    667    692   1310   1320    867    838    847    825   1095   1138   1084   1157   1081    888    878    907    889    833    836    894    915    891    826    873    810    881  
   41     35     66      0     49    109    996    986    987    972    945    988    998    995   1001    965    955    908    917    962   1005   1015    980    995    961    955    995    791    807    742    736    802    803    716    679    684    648    635    653    697    614    793    774    753    804    724    802   1231   1235    932    921    954    928    953    943    903    922    940    919    959    895    253    240    275    257    313    237    229    242    240    244    200    221    871    825    836    877   1439   1413   1417   1479    599    652    929    829    837    782    792    840    815    700    745    799    802    755    819    760    759    776    814    755    768   1122   1251   1206   1218   1132   1142   1155   1213   1184   1183    795    819    846    389    550    439    511    475   1396   1344   1393   1399   1311   1356    601    626   1317   1327    837    808    818    793   1044   1090   1037   1107   1032    859    847    873    859    801    806    865    885    863    793    842    748    817  
   12     23     28     49      0     67   1032   1021   1023   1006    980   1022   1034   1032   1037   1011   1001    955    964   1009   1051   1062   1027   1043   1008   1002   1042    830    847    781    777    842    843    698    661    664    632    617    631    681    595    833    814    791    844    764    843   1255   1259    963    952    989    959    984    974    936    957    974    952    991    929    269    260    301    286    339    268    250    273    260    277    234    251    909    862    873    915   1485   1460   1463   1526    604    661    967    873    879    823    833    880    857    743    788    843    845    799    863    802    803    819    858    799    813   1170   1299   1255   1266   1180   1190   1204   1261   1233   1231    833    858    880    407    584    468    541    508   1439   1386   1435   1442   1353   1399    648    673   1329   1339    873    844    853    830   1090   1135   1081   1152   1078    895    883    911    895    838    842    900    921    898    831    879    797    866  
   79     75     44    109     67      0   1046   1033   1036   1016    991   1033   1048   1046   1052   1051   1040    995   1006   1050   1090   1101   1069   1087   1049   1042   1082    849    869    804    803    865    867    643    605    606    579    562    573    627    538    855    837    810    866    785    867   1248   1253    968    956   1000    965    988    980    946    968    984    960    999    939    261    259    306    296    343    283    249    286    258    294    254    265    928    878    888    934   1526   1501   1503   1567    573    634    984    903    906    847    859    903    884    772    820    875    873    830    896    831    836    850    890    831    847   1220   1349   1305   1315   1231   1240   1251   1308   1283   1281    852    877    891    396    597    473    547    521   1468   1414   1463   1470   1382   1428    710    735   1305   1316    887    859    867    846   1127   1169   1115   1189   1114    908    898    929    909    855    857    914    935    910    848    894    851    922  
 1030   1009   1026    996   1032   1046      0     43     16     73     75     57      6      6     10    436    419    441    464    452    420    443    470    521    458    452    449    212    218    272    296    225    225   1010   1007   1046    966    988   1042    984   1007    228    250    249    218    284    235    434    421    158    175     63    155    168    141    123     90     91    129    115    125    796    792    741    751    706    766    801    761    793    756    798    783    137    172    160    133    720    701    682    757    702    642     74    295    243    250    252    198    259    352    348    324    279    338    322    310    353    319    312    342    364    692    787    756    740    733    714    677    694    760    739    207    189    164    683    449    578    504    526    506    439    482    495    423    469    869    861    733    735    160    188    179    203    404    356    334    421    379    140    149    133    138    197    190    133    112    141    204    154    692    768  
 1019    998   1014    986   1021   1033     43      0     30     31     44     15     40     48     52    474    456    475    498    489    459    482    508    558    495    489    488    216    231    278    307    238    239    975    973   1012    933    955   1010    949    975    239    260    250    230    287    250    401    389    117    135     33    115    125    100     93     65     56     92     73     98    779    777    727    738    691    754    786    749    778    744    788    771    150    170    157    147    762    743    725    799    670    608     93    321    267    263    268    216    280    363    366    347    300    357    348    327    374    339    337    362    386    731    829    796    781    772    754    718    735    800    779    209    197    143    663    437    562    488    513    543    477    518    531    461    507    886    880    694    696    153    182    170    198    445    398    375    463    420    128    143    144    129    197    184    123    106    124    202    151    717    796  
 1021   1000   1017    987   1023   1036     16     30      0     58     60     45     15     20     25    446    429    448    472    461    430    453    480    530    468    461    459    207    216    267    294    223    224    995    993   1032    952    974   1028    970    993    226    247    243    216    278    234    426    414    143    160     48    140    154    126    109     76     76    114    100    111    785    781    731    741    696    756    790    752    783    746    789    773    135    164    152    131    735    715    697    772    688    627     73    299    245    248    251    198    260    350    349    326    280    338    326    310    355    320    315    343    366    702    799    767    752    744    725    688    706    771    750    201    185    151    671    440    568    493    516    520    454    497    510    438    484    869    862    722    725    151    180    170    195    416    369    346    434    391    129    140    130    128    191    182    123    102    129    197    146    695    773  
 1005    983    998    972   1006   1016     73     31     58      0     30     21     70     78     82    495    478    494    518    510    482    506    530    581    517    510    511    215    236    277    309    244    245    946    945    984    905    927    982    921    948    243    263    246    235    284    257    385    375     87    104     29     84     96     69     71     52     33     65     43     78    761    759    710    722    674    739    769    734    760    729    773    755    157    166    153    156    792    773    755    829    643    580    108    334    279    267    274    225    290    366    374    359    310    365    361    334    383    348    350    370    396    755    855    822    807    796    778    743    762    825    804    208    199    127    642    423    544    470    498    573    506    547    561    491    537    891    885    671    674    147    175    161    191    471    426    401    491    445    119    138    151    121    194    176    115    103    110    198    148    728    809  
  978    957    972    945    980    991     75     44     60     30      0     43     74     78     84    477    459    473    497    491    466    490    511    562    498    491    493    185    207    247    280    215    216    936    934    972    892    914    969    910    934    214    234    216    206    255    229    411    401     89    105     13     85    105     74     50     23     18     55     54     54    737    734    685    696    649    712    744    708    735    703    746    729    130    136    123    129    790    770    753    828    629    568     87    309    253    238    246    198    264    337    346    332    283    337    336    306    355    321    324    342    369    739    841    807    793    779    762    728    749    809    789    178    170    100    619    396    520    445    472    580    514    556    569    497    544    862    857    690    694    117    145    132    161    457    417    388    480    431     90    108    123     92    164    147     85     74     82    168    118    701    783  
 1021   1000   1015    988   1022   1033     57     15     45     21     43      0     54     63     66    488    471    489    513    503    473    497    522    573    510    503    503    223    241    286    316    248    249    966    965   1004    925    947   1002    941    968    249    270    256    240    294    261    387    375    106    123     36    104    112     88     90     66     51     85     61     96    779    777    727    739    691    755    786    750    778    746    789    772    161    176    163    158    776    756    738    813    663    600    106    334    279    273    279    228    292    373    378    360    312    368    361    338    385    351    350    373    398    746    843    811    796    787    769    732    750    815    794    217    206    143    661    439    562    487    515    553    487    528    541    472    518    896    890    679    682    159    187    174    203    460    413    390    478    435    132    149    154    133    204    188    127    112    125    209    158    729    809  
 1032   1012   1028    998   1034   1048      6     40     15     70     74     54      0     11     13    441    424    446    469    457    424    448    475    526    463    457    454    216    222    276    300    229    230   1009   1007   1046    966    988   1042    983   1007    232    254    252    222    287    239    429    416    155    173     62    153    165    138    123     90     90    128    112    125    798    794    744    753    708    768    803    764    795    758    801    785    142    175    163    137    723    704    685    760    702    641     79    300    248    254    256    202    263    356    353    329    284    342    327    315    358    323    317    347    368    696    792    760    744    738    719    681    698    764    743    210    193    165    685    452    580    506    528    507    441    483    496    424    471    873    866    729    731    162    191    182    206    409    360    338    425    384    142    152    137    140    201    193    135    114    143    207    157    697    773  
 1030   1009   1026    995   1032   1046      6     48     20     78     78     63     11      0      7    431    414    436    459    447    414    438    465    516    453    447    444    210    215    270    294    222    223   1013   1011   1049    969    991   1045    987   1010    226    247    247    215    282    232    439    426    162    180     66    159    173    146    126     92     95    133    120    128    796    792    742    751    707    766    801    761    794    755    798    783    135    171    160    131    715    696    678    753    705    645     72    291    239    247    249    194    255    349    345    320    275    334    318    307    350    315    308    339    360    686    782    750    735    728    709    672    689    754    734    205    187    165    684    449    579    505    526    502    436    479    492    419    466    865    857    739    741    159    188    179    202    399    351    328    416    374    140    149    131    138    196    190    134    112    143    203    154    687    763  
 1035   1014   1032   1001   1037   1052     10     52     25     82     84     66     13      7      0    430    414    436    459    446    413    436    464    515    453    447    443    215    219    274    298    226    227   1019   1016   1055    975    997   1051    993   1016    230    251    253    219    287    236    439    426    167    184     72    164    177    150    132     98    101    138    124    134    802    798    747    757    713    771    807    767    799    761    804    789    140    176    165    135    711    692    673    748    711    651     76    293    241    251    252    198    258    353    348    322    278    337    320    310    352    318    310    342    362    685    780    748    732    726    707    670    686    753    732    210    192    171    690    455    585    511    532    496    430    473    486    414    460    868    860    740    742    165    194    185    208    397    348    326    413    372    146    155    135    144    202    196    140    118    149    209    159    689    765  
 1005    990   1017    965   1011   1051    436    474    446    495    477    488    441    431    430      0     19     58     58     17     48     51     36     86     24     21     32    378    329    361    329    324    322   1258   1243   1277   1198   1212   1263   1230   1221    335    334    392    333    379    309    868    854    559    571    470    554    580    548    495    470    492    519    530    488    861    845    794    789    772    789    849    789    847    776    807    807    365    408    413    362    476    450    452    516    943    907    390    210    255    319    300    310    262    320    262    217    255    257    197    277    241    248    210    254    224    267    384    344    337    305    291    266    304    341    323    383    362    479    806    557    684    635    613    482    452    496    495    413    447    579    560   1166   1169    425    426    438    421     95    174    141    155    100    443    424    371    436    398    427    440    427    464    404    412    347    388  
  995    980   1006    955   1001   1040    419    456    429    478    459    471    424    414    414     19      0     53     61     33     52     62     54    104     39     33     47    359    310    343    312    306    303   1241   1226   1260   1181   1195   1246   1213   1204    317    315    373    314    361    290    852    838    541    552    453    535    562    530    477    452    474    501    512    470    847    831    780    775    758    777    836    776    833    764    794    794    347    389    394    344    488    462    463    528    925    889    372    192    236    301    282    291    244    304    246    200    237    241    179    259    224    231    192    237    208    286    402    363    355    324    310    285    322    359    342    364    343    460    790    541    669    618    598    483    450    495    495    412    447    580    562   1148   1151    406    407    419    402     97    171    133    159     96    425    406    353    418    380    409    421    409    445    385    394    350    395  
  948    934    961    908    955    995    441    475    448    494    473    489    446    436    436     58     53      0     25     55    103    109     76    111     55     48     88    354    305    329    294    300    298   1217   1201   1234   1156   1169   1219   1189   1176    310    305    362    309    345    284    874    861    551    561    468    545    573    541    485    463    487    511    526    478    808    792    741    735    721    735    796    736    794    722    752    753    353    389    396    351    532    506    509    572    904    871    387    182    234    291    272    292    236    277    219    181    226    216    164    240    197    211    178    212    179    292    417    375    372    326    317    300    344    367    353    360    342    463    758    513    637    591    566    536    502    547    548    464    499    528    510   1162   1166    408    405    418    398    150    223    181    211    149    429    409    360    422    376    406    426    417    450    381    396    300    351  
  957    944    971    917    964   1006    464    498    472    518    497    513    469    459    459     58     61     25      0     49    105    105     64     90     46     41     83    378    330    352    316    324    322   1238   1222   1254   1176   1189   1239   1210   1196    334    329    386    334    368    308    897    884    575    585    492    570    598    566    510    488    511    535    550    502    823    807    756    750    737    749    811    749    809    736    764    766    378    414    420    376    522    496    501    562    925    894    411    207    259    315    296    316    261    298    241    204    250    238    187    263    218    233    201    234    200    269    395    353    350    303    294    279    325    344    330    384    366    487    776    533    655    611    584    540    509    553    553    471    505    521    503   1186   1190    433    430    443    422    153    231    193    212    156    454    433    384    447    401    431    451    441    474    405    420    290    335  
 1002    988   1015    962   1009   1050    452    489    461    510    491    503    457    447    446     17     33     55     49      0     60     57     24     72      7      8     35    389    340    370    337    335    333   1265   1250   1283   1205   1218   1269   1237   1226    346    344    402    344    388    319    884    870    573    585    485    568    594    562    509    484    507    533    545    502    862    846    795    790    775    790    850    790    848    777    806    807    378    420    425    376    477    451    455    517    950    916    405    220    267    329    310    322    273    326    268    225    265    264    205    285    246    255    219    260    228    255    374    333    327    292    279    256    296    329    312    394    374    492    810    563    688    640    617    493    464    508    507    425    458    567    548   1181   1184    438    438    450    432    107    188    156    164    114    456    437    385    449    410    439    453    441    477    415    425    334    373  
 1045   1030   1056   1005   1051   1090    420    459    430    482    466    473    424    414    413     48     52    103    105     60      0     24     63    108     66     66     35    385    336    376    347    333    330   1277   1264   1298   1219   1233   1285   1249   1243    344    346    403    340    395    318    848    833    551    564    459    546    570    539    488    461    482    511    519    483    893    878    827    823    804    825    883    824    880    812    843    842    362    410    414    359    439    414    414    480    960    922    380    225    263    331    312    313    273    346    288    239    270    282    217    297    267    269    229    279    252    273    380    343    332    314    296    264    293    344    324    390    366    478    833    581    711    659    640    435    405    449    448    366    400    626    607   1152   1154    426    430    440    426     48    129    102    108     56    441    424    368    434    404    431    437    422    461    410    412    393    431  
 1055   1041   1067   1015   1062   1101    443    482    453    506    490    497    448    438    436     51     62    109    105     57     24      0     51     89     61     65     23    408    359    397    368    355    353   1298   1284   1318   1239   1253   1304   1270   1262    367    367    425    363    416    340    871    856    575    587    482    570    594    562    512    485    506    535    543    506    908    893    841    837    820    838    898    838    895    825    856    856    386    433    437    382    426    401    402    467    981    944    404    246    285    353    333    336    295    364    306    258    291    300    237    317    285    288    249    297    269    250    356    319    308    291    272    240    270    320    300    412    389    502    851    600    729    678    658    438    411    454    453    373    404    623    603   1175   1178    449    453    463    449     58    141    122    109     73    465    447    392    458    426    454    461    446    485    433    436    388    421  
 1021   1007   1034    980   1027   1069    470    508    480    530    511    522    475    465    464     36     54     76     64     24     63     51      0     51     21     29     29    412    363    394    361    359    356   1289   1273   1307   1228   1241   1292   1261   1250    369    367    425    367    412    343    902    887    594    606    505    589    615    583    530    505    527    554    565    523    884    867    816    811    796    811    871    811    869    797    826    828    400    443    448    397    459    433    437    499    974    940    425    243    290    353    334    344    296    349    291    248    288    287    229    308    269    279    242    283    252    232    350    310    303    270    256    232    272    306    289    418    397    514    833    586    711    664    640    488    461    504    502    423    454    574    554   1200   1203    460    461    472    455    107    190    164    158    118    478    459    406    471    433    462    475    462    499    439    447    338    371  
 1036   1023   1051    995   1043   1087    521    558    530    581    562    573    526    516    515     86    104    111     90     72    108     89     51      0     66     74     74    459    410    438    404    406    403   1327   1311   1344   1266   1278   1329   1300   1286    416    413    471    414    455    389    952    938    644    656    556    639    665    633    580    555    578    604    616    573    910    893    843    836    824    834    896    835    895    821    848    851    450    492    497    447    448    422    431    487   1014    982    476    289    337    398    379    393    342    387    330    291    333    327    272    350    308    321    286    322    289    184    307    265    261    221    208    190    235    259    243    465    445    563    865    623    745    700    674    510    489    529    526    450    478    559    538   1251   1254    509    509    521    503    145    228    209    185    161    528    509    456    521    481    510    524    512    549    486    496    321    342  
 1001    987   1014    961   1008   1049    458    495    468    517    498    510    463    453    453     24     39     55     46      7     66     61     21     66      0      9     38    394    345    374    341    340    338   1268   1253   1286   1208   1221   1271   1240   1229    351    348    406    349    392    324    891    877    579    591    491    574    601    568    515    490    513    539    551    508    863    847    796    790    776    790    851    790    849    777    806    807    384    426    431    382    478    452    456    518    954    920    411    224    272    334    315    327    277    329    270    228    269    266    209    288    249    259    223    263    231    250    369    329    323    287    274    252    293    324    307    399    379    497    812    566    690    643    619    498    469    513    512    431    463    563    543   1187   1190    443    443    455    437    113    194    163    169    120    462    443    391    455    415    444    459    447    483    420    430    329    367  
  995    981   1008    955   1002   1042    452    489    461    510    491    503    457    447    447     21     33     48     41      8     66     65     29     74      9      0     42    386    337    366    333    332    330   1260   1244   1278   1199   1212   1263   1232   1221    343    340    398    341    383    316    885    871    572    583    485    567    593    561    507    483    506    532    544    501    855    839    788    783    768    783    843    783    841    770    799    800    377    418    423    374    484    459    462    525    945    911    404    216    264    326    306    319    269    320    262    220    261    258    201    280    240    250    214    254    223    258    378    337    331    294    282    260    301    332    316    391    371    490    804    557    682    635    611    500    471    514    514    432    465    561    542   1180   1183    435    435    447    429    114    194    161    172    120    455    435    383    447    407    436    451    440    475    412    423    328    368  
 1035   1021   1048    995   1042   1082    449    488    459    511    493    503    454    444    443     32     47     88     83     35     35     23     29     74     38     42      0    403    354    389    358    350    347   1287   1273   1307   1228   1242   1293   1260   1251    361    360    418    358    407    334    879    865    577    589    486    572    597    565    514    488    509    537    547    508    892    876    825    820    804    821    881    821    878    808    838    838    386    431    435    382    445    419    422    485    972    935    407    238    280    346    327    333    288    351    293    246    283    287    226    306    271    277    239    284    254    246    358    320    311    286    270    241    276    319    300    408    386    501    837    588    715    665    644    461    434    477    475    395    427    600    580   1181   1184    447    450    461    445     78    162    137    132     90    464    446    392    457    423    451    460    447    485    429    434    365    399  
  827    807    826    791    830    849    212    216    207    215    185    223    216    210    215    378    359    354    378    389    385    408    412    459    394    386    403      0     50     63     97     54     57    906    896    932    852    869    923    879    883     45     57     39     46     72     71    584    577    229    233    189    223    256    227    167    164    190    193    225    157    607    600    548    554    515    567    608    563    602    556    597    584     80     51     63     86    784    761    751    825    588    543    141    172    123     67     84     76    118    154    175    181    130    168    193    135    190    158    179    174    207    643    761    721    713    679    667    643    677    717    701      8     30    122    510    257    394    325    333    641    580    628    637    553    601    680    676    834    839     72     56     71     45    395    390    343    439    371    102     80     82     97     26     56    103    112    120     28     68    534    621  
  843    824    844    807    847    869    218    231    216    236    207    241    222    215    219    329    310    305    330    340    336    359    363    410    345    337    354     50      0     66     80      8     10    951    940    976    896    913    966    924    926     14     34     72      5     85     24    615    606    265    271    208    259    290    260    199    189    216    226    253    190    634    625    573    577    542    587    633    584    627    576    616    605     82     88     97     85    740    716    707    781    633    590    144    124     74     33     41     35     70    134    139    136     84    131    146     99    151    117    132    136    166    594    711    672    664    630    618    594    628    668    651     55     41    163    543    286    425    358    360    609    550    598    607    521    568    656    650    875    879    109    101    115     93    347    346    298    393    323    135    113     87    129     71    102    135    135    156     76     99    498    583  
  778    759    779    742    781    804    272    278    267    277    247    286    276    270    274    361    343    329    352    370    376    397    394    438    374    366    389     63     66      0     41     62     64    903    890    926    846    861    914    875    873     52     36     41     63     21     68    644    637    288    290    251    282    315    287    227    227    252    254    287    218    569    560    507    512    477    522    568    519    562    510    551    540    136    113    125    141    793    769    761    834    586    547    199    152    120     49     67    100    104     94    126    148    107    123    166     92    145    120    152    128    164    621    743    702    697    654    645    626    664    695    680     70     83    179    482    224    362    298    296    673    614    663    671    585    632    619    615    885    891    133    112    128     97    393    401    351    444    371    163    141    140    159     85    111    165    174    180     83    130    480    570  
  773    755    776    736    777    803    296    307    294    309    280    316    300    294    298    329    312    294    316    337    347    368    361    404    341    333    358     97     80     41      0     73     73    930    917    951    872    886    938    903    897     68     47     82     79     53     68    681    674    326    329    282    320    352    324    263    260    286    290    322    254    576    565    512    514    484    523    572    520    567    511    549    541    159    148    160    164    772    748    742    814    614    579    222    123    105     49     57    107     85     58     86    113     80     83    133     54    105     83    120     88    124    585    710    668    664    618    610    592    632    660    646    105    110    217    496    239    375    315    306    668    612    661    668    580    627    584    579    926    931    169    150    166    136    369    384    332    422    347    199    176    164    194    122    150    200    206    216    121    164    440    529  
  839    820    840    802    842    865    225    238    223    244    215    248    229    222    226    324    306    300    324    335    333    355    359    406    340    332    350     54      8     62     73      0      3    952    941    977    897    914    967    925    926     13     29     73     10     82     17    623    614    272    278    216    266    298    268    207    197    223    234    261    198    631    622    569    574    539    584    629    581    624    572    612    602     89     95    104     93    739    715    707    780    635    592    151    118     70     25     33     38     64    127    132    129     78    123    140     91    143    110    126    129    159    589    707    668    660    625    613    590    625    663    647     60     48    170    542    284    423    357    357    611    553    601    610    523    571    649    643    882    886    116    107    121     98    345    345    297    392    321    143    120     95    137     77    108    142    143    163     82    107    490    575  
  840    821    841    803    843    867    225    239    224    245    216    249    230    223    227    322    303    298    322    333    330    353    356    403    338    330    347     57     10     64     73      3      0    955    944    980    899    916    969    927    929     15     30     75     13     84     15    624    615    274    280    217    268    300    269    208    199    225    236    263    200    633    624    571    575    540    585    631    582    625    573    613    603     90     97    106     93    737    713    704    778    637    594    151    116     68     25     31     37     62    127    130    127     76    122    138     90    142    108    124    127    157    587    705    665    658    623    611    587    622    661    644     63     50    172    544    286    425    359    359    609    551    600    608    522    569    648    642    884    888    118    109    123    101    342    343    295    389    319    145    122     96    138     79    110    144    145    165     84    109    488    574  
  708    691    671    716    698    643   1010    975    995    946    936    966   1009   1013   1019   1258   1241   1217   1238   1265   1277   1298   1289   1327   1268   1260   1287    906    951    903    930    952    955      0     39     61     72     81     88     28    108    940    935    880    947    883    965    963    977    864    846    948    865    867    882    888    922    920    883    909    887    537    562    584    606    576    627    567    620    560    635    647    621    959    899    902    965   1689   1666   1656   1730    318    369    984   1052   1020    949    968    981   1006    941    998   1042   1008   1002   1062    982   1020   1011   1049   1006   1039   1503   1632   1589   1588   1530   1527   1516   1560   1577   1566    903    931    859    494    706    599    630    665   1514   1449   1492   1504   1430   1477   1195   1212    858    870    893    876    873    873   1295   1295   1248   1344   1272    894    901    956    900    894    874    901    924    882    886    906   1228   1322  
  671    654    634    679    661    605   1007    973    993    945    934    965   1007   1011   1016   1243   1226   1201   1222   1250   1264   1284   1273   1311   1253   1244   1273    896    940    890    917    941    944     39      0     41     46     45     55     37     69    929    923    869    936    871    953    976    991    864    846    946    864    868    882    885    919    918    882    909    883    505    530    554    576    548    596    535    590    528    605    615    590    951    892    895    958   1679   1656   1646   1720    309    366    979   1039   1009    937    956    971    994    925    983   1027    995    987   1048    968   1005    996   1035    991   1023   1485   1615   1572   1571   1512   1509   1500   1545   1559   1548    894    922    854    469    689    577    612    645   1511   1445   1489   1501   1426   1473   1166   1184    883    895    886    868    866    865   1283   1285   1238   1332   1261    889    894    949    894    885    866    895    918    877    877    899   1204   1298  
  674    658    636    684    664    606   1046   1012   1032    984    972   1004   1046   1049   1055   1277   1260   1234   1254   1283   1298   1318   1307   1344   1286   1278   1307    932    976    926    951    977    980     61     41      0     81     66     33     73     72    965    958    905    972    906    989   1016   1030    903    886    985    904    908    921    924    957    957    921    948    922    523    548    575    596    571    614    552    609    546    624    631    607    989    929    932    995   1715   1692   1682   1756    347    405   1017   1074   1044    973    991   1007   1029    958   1016   1061   1030   1020   1082   1002   1038   1030   1070   1024   1056   1517   1647   1603   1603   1543   1541   1532   1578   1591   1580    930    958    892    495    721    607    644    675   1549   1484   1528   1540   1464   1511   1186   1204    918    930    924    905    903    901   1318   1321   1274   1368   1296    926    932    986    932    922    903    933    956    915    914    937   1231   1323  
  642    624    606    648    632    579    966    933    952    905    892    925    966    969    975   1198   1181   1156   1176   1205   1219   1239   1228   1266   1208   1199   1228    852    896    846    872    897    899     72     46     81      0     31     80     49     64    885    878    824    892    826    909    947    961    824    806    905    824    829    842    843    877    877    841    868    842    466    490    513    535    505    555    496    549    488    564    575    550    908    848    852    914   1635   1612   1602   1676    266    325    936    994    964    893    911    927    949    880    938    982    950    942   1003    923    960    951    990    946    978   1440   1570   1526   1526   1467   1464   1455   1499   1514   1503    850    878    811    425    643    532    567    600   1469   1403   1447   1460   1383   1431   1124   1142    868    880    843    825    822    821   1238   1241   1193   1288   1216    846    851    905    851    841    823    853    876    835    833    856   1160   1253  
