177

    0     80     72     43     61     56     74     11     91     33     62     46     16    101     52     28     10    492    171    130     99    103    131    114    123    111    194    215    147    182    144    208    177    138    364    357    356    346    414    362    330    344    609    558    542    510    589    569    541    556    582    581    545    555    149    179    170    521    502    504    498    547    568    527    515    519    525    526    518    215    231    263    278    256    291    245    309    208    239    237    256    257    241    258    297    262    259    197    169    147    170    206    241    204    218    196    173    213    173    243    181    209    660    682    641    668    685    644    662    357    367    360    380    369    615    591    630    606    592    550    559    560    617    623    595    581    628    601    614    595    596    674    713    718    680    648    682    672    657    685    679    705    669    724    489    490    479    476    466    462    480    856    830    890    844    909    866    892    771    778    797    756    781    782    767    790    767    750    759    740    755    951    927    951    917    955    917  
   80      0     17     55     23     31     13     72     15     59     53     39     64     22     31     55     80    531    203    175    119    125    162    160    172    146    234    243    186    218    191    255    205    165    437    431    426    415    489    434    402    418    585    533    524    482    567    546    519    532    555    557    613    623    201    204    199    479    454    461    463    506    527    485    471    481    482    482    473    143    172    192    211    184    223    168    241    142    169    162    186    180    167    189    231    193    193    276    249    226    249    286    321    283    297    275    253    292    253    322    260    289    607    627    589    620    633    591    610    360    352    348    363    365    551    527    565    540    528    490    493    496    556    559    531    519    562    538    548    536    532    740    775    782    745    710    747    736    719    752    745    770    736    790    548    518    504    502    492    485    512    909    884    945    901    965    919    947    809    822    838    797    819    823    806    831    807    790    794    780    794    874    850    874    839    878    840  
   72     17      0     56     11     17      5     65     32     46     36     39     57     36     31     50     74    515    186    159    103    108    146    144    156    130    218    227    170    202    175    239    189    149    434    427    424    413    484    431    399    414    575    522    512    472    556    535    508    521    544    547    598    608    185    188    182    472    448    454    455    498    519    477    464    473    475    475    466    159    188    207    227    200    239    182    256    158    185    177    202    193    182    204    247    208    209    268    239    216    241    276    311    275    285    267    244    283    244    313    252    279    603    623    585    614    628    587    606    345    339    335    351    351    567    543    581    556    544    506    509    512    572    575    547    535    578    554    564    553    548    725    760    766    729    694    731    720    703    737    730    755    721    775    550    502    488    486    476    469    496    893    868    929    885    949    903    931    793    805    821    780    803    807    790    815    791    773    778    764    777    880    856    880    845    884    845  
   43     55     56      0     48     49     55     32     61     49     69     18     32     72     25     20     37    531    206    169    127    132    165    152    162    145    232    249    184    219    183    248    211    170    383    378    372    360    436    380    348    365    624    572    560    523    605    584    557    571    595    596    587    597    190    212    204    526    503    509    507    552    574    532    519    526    529    530    521    176    189    223    237    217    250    208    268    167    199    198    216    220    203    218    256    221    217    226    206    183    201    241    276    234    256    226    206    247    206    276    214    244    658    679    640    670    684    642    661    383    386    380    398    393    573    549    588    564    550    508    517    518    574    581    553    539    586    559    573    553    554    716    755    760    723    690    725    715    699    727    721    747    712    767    494    526    514    511    501    496    517    898    872    932    886    951    907    934    810    818    837    795    820    822    806    829    807    789    797    779    794    926    903    926    891    931    893  
   61     23     11     48      0      8     13     55     38     36     32     30     46     44     24     39     63    511    182    153     99    105    142    138    150    125    213    224    165    198    169    233    186    145    423    416    413    402    473    421    388    403    580    527    517    478    561    540    513    527    550    552    590    600    179    185    179    479    456    462    461    506    527    485    472    480    482    483    474    166    193    215    234    207    246    191    264    164    192    185    209    202    190    212    253    215    215    257    228    206    230    266    301    264    275    256    233    272    234    303    241    269    612    632    593    623    637    595    614    346    343    338    355    353    574    550    588    563    551    512    516    518    578    582    554    541    585    560    571    558    554    717    753    759    722    687    724    713    696    730    722    747    713    767    540    500    487    484    474    467    493    887    862    923    879    943    897    925    790    801    818    776    799    803    786    811    787    770    775    760    774    891    866    891    856    895    856  
   56     31     17     49      8      0     20     51     45     30     26     32     42     51     27     37     59    504    175    146     92     98    135    130    142    118    206    217    158    190    161    226    179    138    419    413    410    400    469    417    385    400    577    525    513    475    558    537    510    524    547    549    582    593    171    178    172    478    456    461    459    505    526    484    471    478    481    482    474    174    201    222    241    215    253    198    271    172    199    192    216    209    197    219    261    223    223    253    222    200    225    260    295    259    269    251    228    267    228    297    236    263    612    633    593    622    637    596    614    341    339    334    351    349    581    557    595    570    558    520    523    526    585    589    561    548    592    568    578    566    562    710    745    752    715    679    717    706    689    722    715    740    706    760    539    493    480    478    467    461    486    880    855    916    871    936    890    918    783    794    811    769    792    796    779    804    780    763    768    753    767    895    871    896    861    900    861  
   74     13      5     55     13     20      0     67     27     49     41     38     58     32     30     50     75    519    190    163    107    113    150    148    160    134    222    231    174    206    179    243    193    153    434    428    424    413    485    432    399    415    578    525    516    475    559    538    511    524    547    550    602    612    189    192    187    474    450    456    457    501    522    479    466    475    477    478    468    155    184    203    223    196    235    179    252    154    180    173    198    190    178    200    242    204    205    270    241    218    243    278    314    277    288    269    246    285    246    316    254    282    604    624    586    616    630    588    607    349    343    339    354    355    563    539    577    552    540    502    505    507    567    571    543    530    573    550    560    548    544    729    764    770    733    698    735    724    707    741    734    759    725    779    549    506    492    490    480    473    500    897    872    933    889    953    907    935    797    809    826    784    807    811    794    819    795    778    782    768    782    878    854    879    844    883    844  
   11     72     65     32     55     51     67      0     82     33     61     36     10     92     43     18      9    501    180    140    105    110    139    123    132    119    203    223    156    191    153    218    185    145    369    362    360    349    419    367    335    349    612    561    546    512    593    572    545    559    585    584    555    565    159    187    178    522    502    504    500    548    569    527    515    520    525    526    518    205    220    253    267    246    280    235    299    198    229    227    246    247    231    248    287    251    248    204    178    156    178    215    250    211    228    203    181    221    181    251    189    218    659    680    640    668    684    643    661    363    371    364    384    374    604    580    619    595    581    539    548    550    606    612    585    570    617    591    604    584    585    684    724    729    691    659    693    683    668    696    689    716    680    735    490    499    488    484    475    470    489    867    841    901    855    920    876    903    781    788    807    766    790    792    777    800    777    760    768    750    764    944    920    945    910    949    910  
   91     15     32     61     38     45     27     82      0     73     68     47     76     12     40     64     90    546    217    190    134    139    177    175    187    161    249    257    201    233    206    270    220    180    443    438    432    420    496    440    408    425    593    540    533    490    576    554    527    540    562    565    627    637    216    218    213    484    458    466    470    511    532    489    475    487    486    487    477    129    157    178    196    170    209    155    226    127    155    148    172    167    153    174    216    178    178    285    260    237    259    297    332    293    308    284    263    303    263    333    271    300    609    628    591    623    635    593    612    371    361    358    373    376    536    513    551    525    513    475    478    481    541    544    517    504    547    523    533    521    517    755    790    796    759    724    761    751    734    767    760    785    750    804    550    532    518    516    505    498    527    924    899    960    916    980    934    962    824    836    853    811    834    838    821    846    822    804    809    795    808    866    843    866    831    871    832  
   33     59     46     49     36     30     49     33     73      0     29     40     24     80     41     30     40    485    158    124     78     83    117    107    118     98    186    201    138    172    138    204    163    122    396    388    388    378    445    394    362    376    581    529    515    480    561    541    513    528    553    553    555    565    147    163    156    490    470    472    468    515    536    495    483    488    493    494    486    201    224    250    267    242    280    227    298    198    226    220    243    238    225    246    287    250    249    226    194    171    198    232    267    232    240    224    201    238    200    269    208    235    627    649    609    636    652    612    629    335    340    334    352    345    607    583    621    597    584    544    550    552    610    615    587    574    618    594    605    590    588    683    719    725    688    654    690    679    663    695    688    713    679    733    522    478    466    463    453    447    469    857    831    892    847    912    866    894    764    774    791    750    774    776    760    784    761    744    750    734    748    922    897    923    888    926    887  
   62     53     36     69     32     26     41     61     68     29      0     55     52     71     51     53     68    479    151    123     67     73    110    109    121     94    182    192    134    166    139    203    154    113    423    415    416    406    472    422    390    403    556    504    491    455    537    516    488    503    527    528    564    575    150    153    147    462    441    444    441    488    509    467    455    461    465    466    458    194    224    242    262    234    274    215    292    194    220    211    237    226    216    240    282    244    245    251    216    194    223    254    289    257    260    249    225    262    225    293    232    258    599    621    580    608    624    583    601    316    317    311    329    325    602    579    617    591    579    542    544    547    607    610    583    570    613    589    599    588    583    691    725    732    695    659    697    686    668    703    696    720    687    740    550    468    455    452    442    436    461    857    832    893    849    913    867    895    758    770    786    745    768    771    754    779    756    738    743    728    742    898    872    898    864    902    863  
   46     39     39     18     30     32     38     36     47     40     55      0     31     58      9     18     43    524    197    163    116    122    156    146    157    137    225    240    177    211    177    243    202    161    398    392    388    376    450    395    363    379    608    556    545    506    589    568    541    555    579    580    588    599    185    202    195    509    486    491    491    535    556    515    502    510    512    513    504    170    188    218    233    211    246    200    264    164    194    191    211    211    196    213    253    217    214    238    214    191    212    250    285    246    263    238    216    256    216    286    224    253    641    661    623    652    666    625    644    370    370    365    382    379    572    547    586    562    548    508    515    517    574    579    552    538    584    558    570    553    552    717    755    761    723    690    725    715    699    729    722    748    713    768    511    517    505    502    492    486    509    895    869    930    884    949    905    932    803    813    831    789    813    816    799    823    800    783    790    773    787    912    889    912    877    917    878  
   16     64     57     32     46     42     58     10     76     24     52     31      0     85     37     14     18    500    176    138     99    104    135    121    131    115    201    219    153    188    152    216    181    141    378    371    369    358    428    376    344    358    604    553    539    504    585    565    537    551    577    577    558    568    159    183    174    513    493    496    492    539    560    519    506    511    516    518    509    200    217    248    264    241    277    229    295    194    225    221    242    241    226    244    283    247    245    212    185    162    185    222    257    219    233    211    189    228    189    258    196    225    650    671    631    659    675    634    652    357    364    357    376    368    602    577    616    592    578    537    545    547    604    609    582    568    614    588    601    582    582    687    726    731    693    661    695    685    670    699    692    718    683    738    500    496    484    481    471    466    486    867    841    901    856    921    877    903    779    787    806    764    789    791    775    798    776    758    766    748    763    936    912    936    901    940    902  
  101     22     36     72     44     51     32     92     12     80     71     58     85      0     50     75    100    547    219    194    135    141    179    179    191    164    251    258    203    235    209    273    221    181    455    450    443    431    507    451    420    436    586    533    526    482    568    546    520    532    554    558    633    644    220    219    215    474    448    456    461    501    522    479    465    478    477    477    467    124    155    172    192    164    204    147    221    124    149    142    166    159    147    169    212    173    174    296    270    247    269    307    342    303    318    295    273    313    273    343    281    309    598    617    581    613    624    582    602    368    355    353    366    372    532    509    546    521    509    472    474    477    537    540    512    500    543    519    528    518    513    760    795    802    765    729    767    756    739    773    765    790    756    810    561    531    517    515    504    497    527    927    902    963    919    984    937    966    824    838    853    812    834    839    821    847    823    805    809    795    809    855    832    855    820    859    821  
   52     31     31     25     24     27     30     43     40     41     51      9     37     50      0     25     50    525    197    164    115    121    156    148    159    138    226    239    177    211    179    244    201    160    406    401    396    384    458    403    371    388    603    550    540    501    584    563    536    550    573    575    593    603    187    201    194    502    479    485    484    529    550    508    495    503    505    506    497    164    184    213    229    206    242    193    260    159    189    185    206    205    190    208    248    212    210    246    221    198    219    257    292    253    270    245    223    263    224    293    231    260    634    654    615    645    659    617    636    367    366    360    377    375    568    544    582    558    545    505    511    513    571    576    548    534    580    554    566    550    549    721    759    764    727    693    729    719    703    733    726    752    717    772    519    516    503    501    491    485    509    897    872    932    887    952    907    934    804    814    831    790    813    816    800    824    801    784    790    774    788    904    881    904    869    909    870  
   28     55     50     20     39     37     50     18     64     30     53     18     14     75     25      0     26    511    186    149    108    113    145    133    143    126    213    229    165    199    164    229    191    151    385    378    375    364    435    382    350    365    608    556    543    507    589    568    541    555    580    580    571    582    171    192    184    514    492    496    493    540    561    519    506    513    517    518    509    187    204    236    251    229    264    217    282    181    212    209    229    229    213    231    270    234    232    222    196    174    195    233    268    229    245    221    199    239    199    269    207    236    648    669    630    659    673    632    651    365    369    362    381    374    588    564    603    579    565    524    532    534    591    596    569    554    601    575    587    569    569    700    739    744    706    674    708    698    683    712    705    731    696    751    502    506    494    491    482    476    497    880    854    914    869    933    889    916    791    799    817    776    800    803    787    810    787    770    777    760    774    927    904    928    893    932    893  
   10     80     74     37     63     59     75      9     90     40     68     43     18    100     50     26      0    501    181    140    108    113    141    123    132    120    203    224    157    192    153    217    187    147    361    354    352    341    411    359    326    341    618    566    551    518    598    578    550    565    590    590    551    561    158    189    180    529    509    511    506    554    575    534    522    526    532    533    525    211    225    259    273    252    286    242    304    203    235    233    252    254    238    254    292    257    254    196    171    148    170    207    242    203    221    195    174    214    174    243    181    210    666    688    648    675    691    650    668    367    376    369    389    378    609    585    624    600    586    544    553    554    610    617    589    574    622    595    609    588    590    680    720    724    687    655    689    679    664    691    685    711    676    731    483    500    489    485    476    471    489    864    838    898    852    917    873    900    780    787    806    765    790    791    776    799    776    759    768    749    764    952    929    953    918    957    918  
  492    531    515    531    511    504    519    501    546    485    479    524    500    547    525    511    501      0    329    363    413    407    370    379    370    387    299    290    348    314    349    285    327    367    609    592    626    633    615    621    602    588    449    433    381    427    428    429    409    426    459    436    279    288    343    329    333    520    542    514    466    525    537    524    528    489    527    532    538    664    702    709    734    701    745    674    761    669    690    675    706    682    681    710    754    714    718    476    429    436    467    436    438    467    401    469    456    441    454    452    451    437    675    705    656    650    688    668    668    260    339    321    342    285   1070   1047   1083   1055   1048   1015   1009   1014   1079   1078   1050   1040   1076   1058   1061   1062   1051    341    328    349    324    270    325    308    282    359    347    351    339    368    800     86    103     95    103    118     52    396    374    440    402    463    409    443    280    291    307    266    289    292    276    300    277    259    268    249    264   1166   1124   1170   1143   1168   1125  
  171    203    186    206    182    175    190    180    217    158    151    197    176    219    197    186    181    329      0     48     84     78     42     63     60     61     38     44     28     19     46     66      9     38    439    426    441    438    474    443    413    415    473    426    400    384    451    434    406    423    453    446    442    453     55     17      7    424    418    408    387    445    465    429    422    411    429    432    428    338    373    385    408    377    419    352    436    341    364    351    381    362    357    384    428    389    391    258    203    192    233    236    264    256    221    252    227    245    226    274    229    239    580    606    560    578    602    567    579    199    233    220    245    217    747    724    760    734    724    689    687    691    753    755    727    716    755    734    741    736    728    563    588    598    563    522    564    552    532    577    568    589    559    609    601    320    309    305    296    291    312    710    686    749    705    769    721    751    608    620    636    595    617    621    604    629    605    588    593    578    592    962    929    964    932    965    924  
  130    175    159    169    153    146    163    140    190    124    123    163    138    194    164    149    140    363     48      0     64     59     31     17     13     32     64     89     21     54     16     81     57     37    396    384    397    393    434    400    370    373    519    471    446    429    497    480    452    468    498    492    446    457     29     63     50    463    454    447    429    485    505    468    460    452    467    470    465    317    346    364    385    357    397    336    414    317    342    333    359    346    338    362    405    367    368    214    161    148    189    197    227    214    186    209    184    205    182    236    186    200    616    642    596    616    639    602    616    247    278    265    290    265    725    702    739    714    702    665    667    670    730    733    706    693    735    712    721    711    706    571    602    610    573    536    575    564    546    584    576    599    567    619    555    361    351    347    338    334    350    734    709    770    726    791    745    773    642    651    669    627    652    654    638    662    639    621    629    611    626    978    947    980    946    982    941  
   99    119    103    127     99     92    107    105    134     78     67    116     99    135    115    108    108    413     84     64      0      6     44     53     66     33    117    125     69    100     79    140     87     47    425    415    422    415    468    427    395    403    514    463    445    417    493    474    446    461    488    486    509    520     92     87     81    437    423    421    410    462    482    443    433    431    442    443    437    257    290    304    326    296    338    274    354    259    283    271    299    284    277    303    346    307    309    245    198    180    217    237    270    247    233    241    215    245    214    276    220    240    584    608    565    588    608    569    585    259    271    263    284    271    666    642    680    653    643    607    606    610    672    674    646    634    675    653    661    653    646    634    664    672    636    598    638    626    608    647    639    662    630    682    570    402    389    386    376    370    395    792    767    829    785    850    803    831    691    703    720    678    701    705    688    713    689    672    676    662    676    922    893    924    890    926    886  
  103    125    108    132    105     98    113    110    139     83     73    122    104    141    121    113    113    407     78     59      6      0     38     50     62     28    111    120     64     94     74    134     81     41    426    416    423    417    468    428    396    404    510    460    442    414    490    471    443    458    485    483    504    515     87     81     75    436    422    419    407    460    481    441    431    429    440    442    436    262    296    309    332    301    343    279    360    264    288    277    305    289    282    308    351    312    314    245    198    180    217    236    269    247    232    241    215    244    214    275    220    239    584    607    564    587    607    569    584    254    268    259    280    267    671    648    685    659    648    612    612    615    677    679    651    640    680    658    666    659    652    629    659    667    631    593    633    621    603    642    634    657    625    677    572    396    383    381    371    365    389    787    762    824    780    844    797    826    685    697    714    672    695    699    682    707    683    666    671    656    670    925    895    926    892    928    888  
  131    162    146    165    142    135    150    139    177    117    110    156    135    179    156    145    141    370     42     31     44     38      0     34     41     22     73     85     27     57     43     97     46      8    424    412    423    418    463    427    396    401    497    449    426    405    476    458    430    446    475    470    470    481     57     48     39    435    425    419    403    458    478    441    432    425    440    442    437    300    333    347    369    339    381    316    398    302    326    314    342    326    320    346    389    350    352    241    190    175    215    226    257    242    217    236    211    234    210    265    214    229    587    612    568    588    610    573    587    231    255    244    267    246    709    685    723    696    686    650    649    653    715    717    689    677    718    696    704    697    690    593    622    631    595    556    597    585    566    607    599    621    589    641    579    362    349    346    337    331    353    749    724    786    742    807    759    788    649    660    677    635    658    662    645    670    646    629    634    619    633    948    917    949    916    951    911  
  114    160    144    152    138    130    148    123    175    107    109    146    121    179    148    133    123    379     63     17     53     50     34      0     13     23     81    105     36     70     32     97     70     42    390    379    390    385    429    393    362    367    529    481    458    438    508    491    462    478    507    502    458    469     41     75     63    468    458    452    436    491    512    474    465    459    473    475    470    302    330    350    371    342    382    322    400    302    328    319    345    333    324    348    390    352    353    208    157    142    182    194    225    208    186    203    177    202    176    233    181    197    621    645    601    621    643    606    620    260    287    276    300    277    711    687    725    699    688    650    652    655    715    719    691    678    721    698    707    696    691    584    616    624    587    550    589    578    560    596    589    613    580    632    546    378    367    364    354    350    367    750    725    786    741    806    760    788    659    667    685    644    668    670    655    678    655    638    646    628    642    973    943    975    941    977    936  
  123    172    156    162    150    142    160    132    187    118    121    157    131    191    159    143    132    370     60     13     66     62     41     13      0     35     73    100     33     65     22     86     69     47    385    373    385    381    423    388    358    362    531    483    459    441    510    492    464    481    510    504    445    456     29     75     62    474    464    458    440    496    517    480    471    464    479    481    477    314    342    363    383    355    395    335    412    314    340    331    357    345    337    360    402    364    365    203    150    136    177    186    217    203    177    197    172    194    171    225    175    189    627    652    607    627    650    613    627    259    290    277    302    277    723    699    737    712    700    661    664    667    727    731    703    690    733    710    719    707    704    571    604    611    574    538    576    565    548    584    576    600    567    620    543    370    360    356    347    344    358    739    713    774    729    794    749    776    649    657    675    634    659    661    645    668    645    628    637    618    633    985    954    986    953    988    948  
  111    146    130    145    125    118    134    119    161     98     94    137    115    164    138    126    120    387     61     32     33     28     22     23     35      0     89    105     40     74     47    109     67     29    409    398    408    402    449    411    380    386    516    467    446    423    496    477    449    465    493    489    477    488     60     69     60    450    438    434    419    473    494    456    446    442    455    457    452    287    318    334    356    326    367    305    384    287    313    302    329    315    308    333    375    337    338    227    177    161    200    214    246    228    208    222    196    222    195    254    200    218    601    625    581    603    624    586    601    252    274    263    286    267    696    672    710    684    673    636    637    640    701    704    676    664    705    683    691    682    676    602    633    641    604    567    606    595    577    615    607    630    598    650    561    381    369    366    357    352    372    763    738    800    755    820    773    802    666    677    694    653    676    679    663    687    664    646    653    636    651    951    921    952    919    955    914  
  194    234    218    232    213    206    222    203    249    186    182    225    201    251    226    213    203    299     38     64    117    111     73     81     73     89      0     39     49     20     52     30     41     72    427    413    432    430    458    433    404    403    481    436    406    398    458    443    415    432    464    455    404    416     52     49     44    444    441    430    405    464    483    450    443    429    450    453    450    373    406    420    442    412    454    388    470    375    399    387    415    398    392    419    462    423    425    249    194    187    227    223    247    246    203    243    220    231    218    258    220    226    603    630    583    598    624    590    601    200    246    231    258    223    782    758    795    769    759    723    722    726    788    790    762    750    790    769    776    769    762    525    551    561    525    485    527    515    495    539    531    552    522    572    596    298    288    284    275    272    286    676    651    713    670    734    687    716    579    589    606    565    588    591    575    599    576    558    565    548    563    996    963    998    966    999    958  
  215    243    227    249    224    217    231    223    257    201    192    240    219    258    239    229    224    290     44     89    125    120     85    105    100    105     39      0     69     36     82     62     39     80    466    452    470    468    497    471    442    442    442    397    368    359    420    405    376    394    425    416    423    434     87     40     46    407    405    393    367    426    445    412    406    391    412    416    413    376    413    421    446    413    456    387    472    380    401    387    417    396    393    421    465    426    429    287    232    224    265    262    286    285    241    281    258    270    256    297    258    265    567    594    546    561    588    554    564    163    208    192    219    184    783    760    796    769    760    726    722    727    790    791    763    752    790    770    776    773    763    539    561    572    537    494    539    526    505    554    545    565    536    584    634    278    265    262    253    248    270    675    651    715    672    736    686    717    567    580    596    555    577    581    564    589    565    548    552    538    552    970    935    972    941    973    931  
  147    186    170    184    165    158    174    156    201    138    134    177    153    203    177    165    157    348     28     21     69     64     27     36     33     40     49     69      0     36     22     71     36     29    414    402    416    412    451    418    388    391    499    452    426    410    478    461    432    449    479    473    443    454     35     43     30    446    438    430    411    468    488    452    443    434    451    454    449    325    357    373    395    365    406    342    423    327    351    340    368    352    346    371    414    375    377    233    179    167    208    213    242    232    200    227    202    222    201    251    204    216    601    626    581    600    623    587    600    226    259    246    271    244    734    711    748    722    711    675    675    679    740    742    714    703    744    721    729    721    715    567    596    604    568    530    570    558    540    580    572    595    563    614    575    344    332    329    320    315    333    724    699    761    717    781    734    763    627    637    654    613    637    640    623    647    624    607    613    597    611    971    940    973    940    974    934  
  182    218    202    219    198    190    206    191    233    172    166    211    188    235    211    199    192    314     19     54    100     94     57     70     65     74     20     36     36      0     46     49     23     54    433    420    437    434    467    438    409    410    476    430    402    390    454    438    409    426    457    449    424    435     51     31     24    433    428    418    395    453    473    438    431    419    438    441    438    355    389    402    425    394    436    370    453    358    381    369    398    379    375    401    444    405    408    254    198    189    230    230    256    251    212    248    224    238    222    266    225    233    591    617    570    587    612    577    589    198    238    224    250    218    764    741    778    751    741    706    704    708    770    772    744    733    773    751    758    752    745    544    570    580    544    504    546    534    514    558    550    571    541    591    599    309    297    294    285    280    298    693    669    731    688    752    704    733    593    604    621    579    603    606    589    614    590    573    579    563    577    978    945    980    948    982    940  
  144    191    175    183    169    161    179    153    206    138    139    177    152    209    179    164    153    349     46     16     79     74     43     32     22     47     52     82     22     46      0     66     54     47    394    381    396    392    430    398    368    371    518    471    445    429    496    480    451    468    498    491    430    441     15     62     49    467    459    451    431    488    509    472    464    455    472    474    470    332    361    380    401    372    413    351    430    332    358    348    375    362    354    378    420    382    383    213    158    147    188    192    221    211    179    207    182    201    181    230    184    196    622    647    602    621    644    608    621    242    278    265    290    262    741    717    755    729    718    680    682    685    746    749    721    709    751    728    737    726    722    555    587    594    558    521    560    548    530    568    560    584    551    604    556    350    339    336    327    323    337    719    694    755    710    775    729    757    628    636    655    613    638    640    624    647    625    607    616    597    612    990    959    992    959    993    953  
  208    255    239    248    233    226    243    218    270    204    203    243    216    273    244    229    217    285     66     81    140    134     97     97     86    109     30     62     71     49     66      0     71     97    411    397    418    417    440    418    390    387    497    454    421    417    475    461    432    450    482    472    376    387     59     78     72    468    467    454    427    487    506    474    468    452    474    477    475    395    426    443    465    435    476    413    493    396    421    410    438    422    416    441    484    446    447    238    182    178    218    208    229    233    184    231    209    215    207    241    208    210    628    655    608    622    649    615    626    215    267    251    279    239    804    781    818    792    782    745    745    749    810    813    785    773    814    792    800    791    785    498    525    535    499    459    500    488    469    511    503    525    494    545    585    291    283    278    270    268    276    654    629    691    647    711    665    693    564    571    590    549    573    575    559    583    560    543    552    533    547   1025    992   1028    996   1029    987  
