181

    0     66     45   1009    576    277    377    879    865    816    806    879    882    880    894    824    879    896    157    176    169    150    160    204    224    134    212    103    146     96    111    117     52    418    448    415    398    381    404    411    396    253    248    286    226    300    368    423    423    428    453    441    452    398    441    450    410    400    499    415    382    841    888    888    828    778    248    221    200    204    227    217    248    640    612    597    594    341    424    372    345    348    311    396    401    394    409    396    416    397    366    428    388    760    765    822    808    697    753    735    811    802    768    788    894    387    408    383    373    342    332    403    349    294    339    344    338    316    286    367    299    332    355    298    912    883    912    988    952    935    940    925    926    953    935    886    733    784    837    743    365    403    365    371    344    378    366    310    411    371    358    309    243    186    184    261    225    214    241    188    256    195    191    188    127    552    610    636    604    593    514    507    491    566    517    557    494    495    509    330    307  
   66      0     49   1028    627    212    412    866    848    804    791    865    871    867    883    811    867    887    103    120    108     85    106    142    159     68    154     84    120     43     90    115     15    449    469    436    417    404    430    432    406    208    229    239    184    249    433    488    487    388    411    391    408    356    390    407    363    355    451    371    339    838    887    890    832    780    185    156    135    141    164    152    184    643    615    595    593    283    373    318    292    411    375    459    466    458    474    460    481    461    427    491    452    796    801    864    847    739    794    775    851    844    808    831    903    377    400    364    364    325    325    394    343    287    336    327    327    321    221    304    237    267    298    236    930    901    925   1003    964    948    959    940    939    971    951    896    685    737    792    700    307    342    305    316    282    319    304    248    354    317    302    246    178    123    126    199    161    152    176    124    191    130    128    123     63    566    620    645    614    597    473    467    446    524    466    522    465    469    475    274    273  
   45     49      0    985    621    244    420    905    888    842    831    904    909    905    921    850    905    924    116    136    133    124    118    168    191    108    172    120    161     91    128    144     39    403    426    392    374    360    385    389    367    255    269    287    231    297    395    450    446    383    408    397    407    353    397    405    365    355    454    370    337    872    920    922    862    811    230    196    177    168    208    194    225    608    579    562    559    300    380    329    301    370    334    418    429    419    437    420    445    420    384    449    412    749    754    816    800    691    746    727    803    796    760    783    865    348    371    341    335    301    294    365    312    256    303    303    299    284    263    349    282    306    345    280    888    859    886    962    925    908    917    899    899    929    910    858    688    739    792    698    325    365    326    329    305    338    329    273    369    328    316    273    218    153    145    224    204    179    207    155    226    170    157    160    108    525    581    607    575    561    520    514    494    572    514    513    451    452    465    321    319  
 1009   1028    985      0   1366   1082   1309   1887   1873   1823   1814   1887   1889   1888   1902   1832   1887   1901    989    994   1019   1055    987   1028   1057   1051   1003   1105   1145   1069   1113   1125   1022    602    561    595    612    628    607    598    624   1226   1253   1252   1205   1251    920    922    888    851    860    933    881    876    950    865    905    892    910    883    881   1841   1885   1880   1817   1773   1148   1098   1097   1033   1130   1103   1127    424    452    491    487   1009    940    973    963    881    896    881    936    900    941    893    956    876    837    863    895    345    353    409    378    460    421    418    384    431    404    442    186    693    672    739    700    758    729    680    711    762    711    753    737    712   1154   1238   1195   1156   1268   1189     99    129    135     70    114    110     70    106    119     58     86    186    954    944    931    882   1015   1067   1035    980   1043   1028   1065   1047   1006    976    990   1067   1113   1040   1003   1038   1119   1037   1058   1046   1090   1085   1037   1065   1064    463    419    398    425    460   1485   1482   1453   1532   1446    788    751    723    780   1254   1299  
  576    627    621   1366      0    819    259    792    822    733    755    806    780    795    796    755    785    764    729    746    732    697    732    764    773    681    779    575    580    626    576    539    616    803    875    848    845    815    818    846    872    659    558    682    641    713    447    448    481   1002   1028   1016   1027    973   1015   1025    986    976   1074    990    958    673    694    664    605    595    746    749    725    762    733    741    762   1109   1086   1089   1082    907    999    944    918    488    479    486    432    467    428    474    413    491    531    506    471   1036   1033   1032   1040    928    982    975   1039   1005   1001    990   1313    919    936    934    904    893    866    934    878    833    862    893    878    824    789    832    774    846    786    778   1283   1262   1312   1372   1350   1328   1307   1313   1321   1321   1315   1304   1309   1359   1412   1317    931    959    927    943    903    942    921    867    979    943    928    860    766    742    752    819    740    772    791    741    793    728    748    732    666    986   1056   1082   1050   1064    773    760    782    816    855   1127   1057   1053   1076    761    630  
  277    212    244   1082    819      0    581    892    859    837    814    886    902    891    910    838    895    927    139    122    113    129    139     80     54    145     92    244    243    198    244    280    226    566    557    528    505    505    536    524    473    217    310    222    216    204    638    693    688    287    300    247    286    251    237    294    239    241    310    257    237    898    948    962    911    853     98     72     95     78     98     80     73    665    636    604    605    114    228    165    152    611    577    660    672    661    681    662    689    661    621    689    654    907    915    993    970    872    923    902    974    977    934    965    932    390    411    348    382    325    356    403    373    328    376    329    346    387     79    157    123     78    193    116    984    954    964   1045   1001    989   1013    984    979   1024    999    926    526    583    643    559    131    142    119    160     93    136    104     59    178    162    142     44     62     92    110     45     86     68     39     89     28     92     88     90    158    628    664    684    658    624    423    424    386    463    367    421    392    410    386    186    295  
  377    412    420   1309    259    581      0    647    659    582    591    655    641    649    656    599    643    639    513    528    509    468    516    537    541    455    557    344    339    399    343    307    404    711    769    737    727    702    714    734    741    404    301    426    388    456    434    465    490    799    823    799    819    767    796    819    774    766    860    782    750    560    597    583    519    485    500    510    487    535    490    502    519    988    962    955    950    680    781    722    697    456    429    480    440    465    442    471    434    485    499    512    465   1008   1008   1033   1032    915    972    960   1033   1008    991    993   1223    757    777    758    742    717    701    773    717    665    704    718    710    674    542    578    523    598    529    527   1217   1192   1233   1301   1272   1252   1244   1239   1244   1257   1245   1215   1093   1146   1202   1110    703    723    696    719    670    711    685    634    751    720    703    624    524    514    531    588    498    543    557    512    555    492    520    500    437    880    946    973    940    941    522    508    528    568    598    932    871    872    884    505    371  
  879    866    905   1887    792    892    647      0     65     66     78     21     24      4     21     56     11     66    927    930    903    860    931    909    889    858    936    785    747    828    778    763    870   1291   1327   1293   1277   1259   1281   1290   1271    690    638    674    703    689   1076   1111   1135   1178   1191   1134   1177   1142   1121   1185   1130   1132   1194   1149   1128    142    162    208    229    207    798    843    833    904    807    835    824   1509   1480   1458   1456   1003   1115   1054   1043   1092   1061   1122   1085   1108   1087   1114   1080   1126   1133   1155   1107   1620   1623   1662   1655   1539   1597   1582   1657   1638   1614   1623   1769   1237   1260   1212   1225   1178   1187   1253   1206   1150   1200   1181   1186   1187    814    768    771    847    712    778   1790   1762   1790   1866   1829   1813   1819   1803   1804   1832   1814   1762   1380   1438   1499   1430   1014    996    997   1048    974   1012    969    948   1054   1051   1031    928    838    889    925    928    821    905    897    884    871    844    895    864    842   1430   1486   1511   1479   1462    492    485    532    475    594   1312   1281   1296   1277    710    610  
  865    848    888   1873    822    859    659     65      0     93     69     46     88     62     83     69     76    131    903    904    877    835    906    880    860    834    908    768    729    808    761    749    852   1280   1313   1279   1262   1245   1268   1275   1253    663    620    645    679    657   1082   1119   1142   1145   1157   1098   1142   1109   1084   1151   1096   1099   1156   1115   1095    199    225    270    284    253    767    813    805    876    778    805    793   1487   1458   1435   1434    968   1079   1019   1010   1096   1064   1127   1094   1114   1096   1120   1090   1132   1136   1161   1113   1614   1617   1660   1652   1536   1594   1579   1654   1636   1611   1621   1750   1213   1236   1186   1202   1153   1165   1229   1184   1128   1179   1157   1163   1168    781    729    737    810    675    744   1775   1747   1773   1850   1812   1796   1804   1787   1786   1817   1798   1743   1336   1394   1456   1389    978    957    960   1013    938    976    932    914   1017   1016    996    893    807    862    898    896    791    876    866    856    839    817    867    837    819   1413   1467   1492   1461   1442    449    444    489    427    547   1277   1250   1266   1245    675    584  
  816    804    842   1823    733    837    582     66     93      0     43     74     67     68     79     25     64     91    868    871    844    800    871    851    833    798    879    723    685    766    716    700    808   1226   1263   1230   1213   1196   1217   1226   1209    632    577    618    645    634   1010   1045   1069   1123   1137   1081   1123   1087   1069   1131   1076   1077   1141   1094   1072    117    156    196    198    162    742    786    776    846    751    778    768   1447   1418   1397   1395    950   1062   1000    989   1027    996   1056   1020   1042   1022   1048   1015   1061   1067   1089   1041   1555   1557   1596   1590   1473   1531   1517   1591   1572   1548   1557   1707   1176   1199   1153   1164   1118   1126   1193   1145   1089   1139   1121   1126   1125    761    719    718    796    661    725   1727   1699   1727   1803   1766   1750   1755   1740   1741   1768   1750   1699   1332   1390   1452   1380    962    946    944    994    921    960    918    894   1003    998    977    874    782    831    866    872    764    848    841    826    816    787    837    806    782   1367   1423   1448   1417   1401    447    440    487    436    554   1258   1225   1239   1222    658    552  
  806    791    831   1814    755    814    591     78     69     43      0     74     90     77     97     27     82    125    851    853    826    783    854    831    812    781    859    711    672    752    704    690    795   1219   1254   1220   1203   1186   1208   1217   1197    613    563    597    627    611   1015   1052   1074   1101   1113   1056   1099   1064   1043   1107   1053   1054   1116   1071   1050    160    199    239    239    199    720    765    756    826    730    757    746   1433   1404   1382   1380    925   1038    976    966   1029    998   1060   1026   1047   1028   1053   1022   1065   1069   1094   1046   1551   1554   1595   1588   1472   1530   1515   1590   1571   1546   1556   1694   1160   1184   1135   1148   1101   1111   1176   1130   1074   1124   1105   1110   1112    737    691    694    770    635    701   1717   1689   1716   1792   1755   1738   1746   1729   1729   1758   1740   1687   1303   1361   1423   1353    937    919    919    970    896    935    892    870    977    973    953    850    760    812    848    850    743    828    819    806    794    767    818    787    766   1356   1411   1436   1404   1387    416    409    456    402    520   1234   1204   1218   1200    632    533  
  879    865    904   1887    806    886    655     21     46     74     74      0     44     17     37     57     32     86    924    926    899    856    928    904    884    855    932    784    746    826    777    763    869   1292   1327   1293   1277   1260   1282   1290   1270    686    637    669    700    683   1083   1118   1141   1172   1185   1127   1170   1136   1113   1178   1124   1126   1186   1142   1122    162    183    229    248    224    792    838    829    899    802    830    818   1507   1478   1455   1454    996   1108   1047   1037   1098   1067   1128   1093   1114   1095   1120   1088   1133   1139   1161   1113   1623   1626   1666   1659   1543   1601   1586   1661   1642   1618   1627   1768   1234   1257   1208   1222   1175   1185   1250   1204   1148   1198   1178   1183   1185    808    760    765    840    704    772   1791   1762   1789   1866   1829   1812   1819   1803   1803   1832   1814   1761   1370   1428   1490   1421   1007    988    989   1041    967   1005    962    941   1047   1044   1024    921    833    885    921    922    816    901    891    879    866    840    891    860    839   1429   1485   1509   1478   1461    482    476    522    463    582   1305   1276   1291   1272    703    606  
  882    871    909   1889    780    902    641     24     88     67     90     44      0     27     17     65     13     43    934    937    910    866    937    916    898    864    944    789    752    833    782    766    874   1292   1330   1296   1280   1262   1283   1292   1275    698    643    683    710    698   1071   1105   1129   1188   1201   1144   1187   1151   1132   1195   1140   1142   1205   1158   1137    122    140    185    208    190    807    851    841    912    816    843    833   1513   1485   1464   1462   1013   1126   1064   1053   1089   1058   1117   1080   1103   1082   1109   1074   1122   1130   1150   1102   1620   1622   1660   1654   1537   1595   1581   1655   1635   1612   1620   1773   1243   1266   1219   1230   1184   1192   1259   1211   1155   1205   1188   1192   1191    824    780    781    858    724    789   1793   1765   1793   1869   1833   1816   1821   1806   1807   1834   1816   1766   1393   1451   1513   1442   1025   1008   1008   1058    985   1023    980    958   1066   1061   1041    938    847    897    932    937    829    913    905    891    881    852    902    872    848   1433   1490   1515   1483   1467    506    499    546    491    609   1322   1290   1304   1287    721    617  
  880    867    905   1888    795    891    649      4     62     68     77     17     27      0     23     56     15     70    927    930    903    859    931    908    889    858    936    786    747    828    778    764    870   1291   1328   1294   1277   1260   1281   1290   1271    690    638    674    703    688   1078   1113   1136   1177   1190   1133   1176   1141   1120   1184   1130   1131   1193   1148   1127    146    166    212    232    210    797    842    833    903    807    834    823   1509   1480   1458   1456   1002   1114   1053   1043   1094   1063   1123   1087   1109   1089   1115   1082   1128   1135   1156   1108   1621   1624   1663   1656   1540   1598   1583   1658   1639   1615   1624   1769   1237   1260   1212   1225   1178   1187   1253   1206   1150   1200   1181   1186   1187    814    767    770    846    711    778   1791   1763   1790   1867   1830   1813   1819   1803   1804   1832   1814   1762   1378   1436   1498   1428   1014    995    996   1047    973   1011    968    947   1053   1050   1030    927    837    889    924    927    820    905    896    883    871    844    894    864    842   1430   1486   1511   1479   1463    490    484    531    473    592   1311   1281   1295   1277    709    609  
  894    883    921   1902    796    910    656     21     83     79     97     37     17     23      0     73     16     52    945    948    920    877    948    926    907    875    954    801    763    844    794    779    886   1305   1342   1308   1292   1274   1296   1305   1287    708    655    692    721    707   1086   1121   1145   1197   1210   1153   1196   1160   1140   1204   1149   1151   1213   1167   1146    136    151    197    223    206    816    861    851    922    825    853    842   1525   1496   1475   1473   1022   1134   1073   1062   1103   1073   1132   1095   1118   1097   1124   1090   1137   1145   1165   1117   1634   1636   1674   1668   1551   1609   1595   1669   1650   1626   1635   1785   1254   1277   1229   1241   1195   1204   1270   1223   1166   1216   1198   1203   1203    833    788    790    866    731    797   1806   1777   1806   1882   1845   1828   1834   1819   1819   1847   1829   1778   1399   1457   1519   1449   1033   1015   1016   1067    993   1031    988    967   1073   1070   1049    947    856    907    942    946    839    923    915    901    890    862    912    882    859   1445   1502   1527   1495   1479    512    505    552    495    614   1330   1299   1314   1296    729    627  
  824    811    850   1832    755    838    599     56     69     25     27     57     65     56     73      0     58     99    872    875    848    804    875    853    834    802    881    730    692    772    723    708    814   1236   1272   1238   1222   1204   1226   1235   1216    635    583    620    648    634   1026   1062   1085   1124   1137   1080   1123   1087   1067   1131   1076   1078   1140   1094   1073    140    175    217    222    186    743    788    778    849    752    780    769   1453   1424   1402   1401    949   1062   1000    989   1041   1010   1071   1036   1058   1038   1064   1031   1076   1082   1105   1057   1567   1569   1609   1602   1486   1544   1529   1604   1585   1561   1570   1714   1181   1204   1157   1169   1123   1132   1197   1150   1094   1144   1126   1131   1131    760    716    717    794    659    725   1735   1707   1735   1811   1774   1757   1764   1748   1748   1777   1758   1706   1328   1386   1448   1377    961    943    943    994    920    959    916    894   1001    997    977    874    783    834    869    873    766    850    842    828    817    789    840    809    786   1374   1430   1455   1424   1407    441    434    482    428    546   1258   1226   1241   1223    656    554  
  879    867    905   1887    785    895    643     11     76     64     82     32     13     15     16     58      0     56    929    932    905    861    932    911    892    859    939    786    748    829    778    763    870   1290   1327   1293   1277   1259   1280   1290   1271    692    639    677    705    692   1073   1107   1131   1181   1194   1137   1180   1145   1125   1188   1134   1135   1197   1152   1131    132    152    197    219    198    801    845    835    906    810    837    827   1509   1481   1459   1457   1007   1119   1057   1047   1089   1058   1118   1081   1104   1083   1110   1076   1123   1130   1151   1103   1619   1621   1659   1653   1537   1594   1580   1655   1635   1612   1620   1770   1238   1261   1214   1226   1180   1188   1254   1207   1151   1201   1183   1187   1187    818    773    775    851    716    782   1790   1762   1790   1866   1829   1813   1818   1803   1804   1831   1814   1762   1384   1443   1504   1434   1018   1000   1000   1051    978   1016    973    951   1058   1055   1034    931    841    892    927    930    823    908    899    886    874    847    897    866    843   1430   1486   1511   1480   1463    497    490    537    481    600   1315   1284   1298   1281    714    612  
  896    887    924   1901    764    927    639     66    131     91    125     86     43     70     52     99     56      0    954    958    931    886    957    939    921    884    966    805    768    850    798    781    890   1302   1342   1308   1293   1274   1294   1305   1290    720    660    707    731    723   1071   1103   1128   1212   1226   1171   1213   1176   1159   1220   1166   1167   1232   1183   1161     94    100    146    177    170    831    874    863    934    839    866    857   1530   1502   1481   1479   1039   1152   1090   1078   1090   1060   1117   1078   1102   1080   1109   1072   1122   1132   1149   1102   1627   1629   1664   1659   1542   1600   1586   1660   1639   1617   1624   1788   1261   1284   1239   1249   1204   1210   1277   1229   1173   1222   1207   1210   1207    850    809    808    886    752    815   1805   1777   1808   1883   1847   1830   1833   1819   1821   1846   1829   1781   1423   1481   1543   1471   1052   1036   1035   1084   1011   1051   1008    984   1093   1087   1067    964    871    919    953    961    853    936    929    913    905    874    924    894    867   1447   1505   1530   1498   1484    538    530    578    526    644   1347   1313   1327   1311    748    639  
  157    103    116    989    729    139    513    927    903    868    851    924    934    927    945    872    929    954      0     20     32     69      4     59     89     71     57    173    196    117    177    210    113    442    443    412    390    385    415    408    367    241    298    264    225    262    503    558    552    289    311    289    307    255    287    307    262    254    349    270    239    912    961    968    912    858    163    115    109     62    144    119    148    587    558    533    532    184    271    216    190    475    441    523    538    525    547    526    556    524    483    552    519    787    794    867    846    745    797    776    850    850    809    837    852    311    334    286    300    251    264    327    283    229    281    254    261    279    183    273    215    211    287    211    891    861    879    959    918    903    920    896    894    932    910    846    583    635    690    598    209    250    210    215    189    222    214    159    254    215    202    162    135     56     31    111    134     71    101     62    128     98     56     78     89    528    574    597    567    542    496    494    464    544    466    425    373    381    380    269    319  
  176    120    136    994    746    122    528    930    904    871    853    926    937    930    948    875    932    958     20      0     28     72     19     43     74     79     37    186    206    130    190    223    131    453    452    421    399    395    425    417    374    242    304    263    227    258    523    578    571    276    298    273    292    242    270    293    247    240    333    256    226    917    967    975    920    865    155    106    104     46    137    111    137    588    559    533    532    165    254    198    172    494    460    542    558    545    567    546    576    543    502    571    538    798    805    879    858    757    809    788    862    862    821    850    854    311    334    282    300    250    267    326    285    233    284    253    262    285    171    261    205    195    278    201    896    865    882    962    920    906    925    900    897    936    914    848    566    619    675    583    190    230    190    197    170    203    194    139    235    197    183    142    124     47     13     91    126     54     84     53    113     92     44     71     98    533    577    600    571    544    492    490    459    539    457    413    364    373    369    262    321  
  169    108    133   1019    732    113    509    903    877    844    826    899    910    903    920    848    905    931     32     28      0     46     34     36     61     56     49    165    182    110    168    203    120    473    475    444    422    417    447    440    398    215    278    236    200    232    525    580    575    300    321    291    314    265    288    316    267    262    353    278    249    891    940    949    894    838    132     84     78     36    112     87    116    615    586    560    559    176    272    214    189    498    464    547    560    548    569    549    577    548    508    576    541    819    826    899    878    776    828    808    882    882    841    869    881    338    361    310    327    277    293    353    312    259    310    280    289    310    151    241    183    182    255    179    921    891    908    988    947    933    950    926    923    962    939    874    584    638    694    604    200    235    198    212    176    212    198    142    247    213    197    141    103     25     24     92    102     47     75     30     99     67     27     46     74    558    603    626    597    571    466    464    434    513    434    437    389    399    394    238    294  
  150     85    124   1055    697    129    468    860    835    800    783    856    866    859    877    804    861    886     69     72     46      0     72     70     78     17     91    124    137     72    126    162     99    497    505    473    452    444    473    469    432    173    232    197    157    197    516    571    569    345    366    333    358    310    329    361    311    306    395    323    294    846    895    903    848    793    110     72     55     67     88     71    103    655    626    601    600    212    314    254    231    493    457    541    550    541    558    543    565    543    507    572    535    844    851    920    901    796    850    830    905    902    863    889    920    379    402    353    368    319    332    395    351    296    348    322    329    344    141    228    163    183    231    160    957    927    946   1025    985    970    986    963    961    998    976    913    626    680    737    647    236    264    231    251    206    246    226    171    284    252    235    165     95     46     70    122     82     76     95     44    107     47     53     39     32    593    640    663    634    610    431    428    400    480    407    483    435    445    440    211    251  
  160    106    118    987    732    139    516    931    906    871    854    928    937    931    948    875    932    957      4     19     34     72      0     59     89     75     55    177    200    121    181    213    116    440    441    410    388    383    413    406    365    244    301    267    228    265    505    560    553    285    308    286    303    252    284    303    258    251    346    266    236    915    965    972    916    861    165    117    112     62    146    121    149    584    555    530    529    182    268    213    187    476    442    524    540    526    549    527    558    525    484    553    520    785    793    866    845    743    795    775    849    849    807    836    849    308    331    282    296    248    261    323    280    226    278    251    258    276    184    274    217    211    289    212    888    858    876    956    915    900    917    893    891    929    907    843    579    632    687    595    207    248    208    212    188    220    212    157    251    212    199    160    137     58     30    109    136     71    101     64    129    100     57     80     92    525    571    594    564    539    499    497    467    546    468    421    369    377    376    271    323  
  204    142    168   1028    764     80    537    909    880    851    831    904    916    908    926    853    911    939     59     43     36     70     59      0     32     84     28    193    205    140    195    231    155    494    491    460    438    435    466    456    411    219    294    236    209    228    560    615    609    281    300    265    292    246    260    295    244    240    327    257    230    902    952    962    908    852    120     71     76      5    105     77     99    619    590    561    561    144    246    185    162    532    498    581    594    582    603    584    612    582    542    610    576    838    846    921    899    799    850    830    903    904    862    892    885    341    364    307    331    278    300    356    318    268    318    282    293    323    130    220    167    153    241    162    930    900    915    995    953    939    959    933    930    971    947    879    557    611    668    579    168    200    164    182    141    179    163    107    216    183    167    106     85     24     31     57     92     12     42     28     71     65     18     46    101    569    611    633    604    576    461    459    426    506    420    419    376    389    378    226    300  
  224    159    191   1057    773     54    541    889    860    833    812    884    898    889    907    834    892    921     89     74     61     78     89     32      0     94     54    199    204    149    200    236    173    525    521    491    468    466    497    487    440    202    284    215    195    204    584    640    635    294    311    269    300    258    261    305    252    250    332    267    242    886    937    948    895    838     95     47     61     28     82     55     71    645    616    587    587    140    249    186    167    558    523    607    619    608    627    609    635    608    569    636    601    869    876    952    930    830    881    861    934    935    893    923    912    368    390    331    358    304    328    382    346    297    347    308    320    353    100    189    138    123    212    133    959    928    942   1022    980    967    988    961    957    999    975    906    557    612    671    584    162    187    155    183    130    171    148     94    211    185    166     88     57     38     62     48     69     21     18     36     40     52     35     42    108    598    639    660    632    603    435    434    399    479    391    431    393    407    392    199    283  
  134     68    108   1051    681    145    455    858    834    798    781    855    864    858    875    802    859    884     71     79     56     17     75     84     94      0    103    111    127     57    113    148     83    489    499    467    446    437    466    463    428    175    227    201    157    204    500    555    553    354    376    346    369    320    342    371    323    317    408    333    304    841    890    898    842    787    123     88     69     81    101     86    117    654    625    601    600    227    327    267    243    477    441    525    533    525    542    527    549    527    492    557    519    836    843    911    892    786    840    821    896    892    853    879    918    380    403    356    368    321    331    396    350    295    346    324    329    340    156    241    176    200    242    173    953    923    944   1023    982    968    982    960    958    994    973    912    639    693    749    659    251    280    246    265    222    261    242    187    299    266    249    182    111     61     79    138     96     91    112     60    123     63     67     56     19    589    638    661    631    609    436    433    406    486    416    492    442    451    448    220    251  
  212    154    172   1003    779     92    557    936    908    879    859    932    944    936    954    881    939    966     57     37     49     91     55     28     54    103      0    213    228    158    216    251    165    476    469    439    416    415    446    435    387    247    320    264    236    255    559    614    607    255    275    243    267    220    240    270    221    216    305    232    204    929    979    989    934    878    147     97    104     33    132    104    125    592    563    534    534    129    224    166    141    530    496    578    594    580    603    581    612    579    537    606    574    818    825    902    880    781    832    811    884    886    843    874    859    315    337    280    305    251    274    329    293    243    294    255    267    300    153    241    192    169    266    186    905    875    889    969    926    913    934    907    904    946    922    853    536    590    647    557    154    193    154    164    133    167    158    103    201    165    149    107    110     49     28     56    119     34     58     54     90     92     43     73    121    545    585    607    579    549    487    486    452    532    444    393    349    361    351    252    328  
  103     84    120   1105    575    244    344    785    768    723    711    784    789    786    801    730    786    805    173    186    165    124    177    193    199    111    213      0     43     56      8     38     85    519    545    512    494    479    503    508    486    155    149    189    128    207    447    501    505    461    484    456    478    428    452    479    432    425    518    442    411    755    803    807    749    697    183    175    152    191    165    168    193    726    697    678    676    336    437    378    354    433    396    479    477    475    484    478    488    482    457    513    470    862    867    925    910    799    855    838    913    904    870    890    984    461    483    446    447    408    408    477    426    370    418    410    410    402    225    293    225    280    270    226   1008    979   1005   1082   1045   1028   1036   1019   1019   1049   1030    977    749    803    859    769    359    385    354    375    329    369    346    293    408    376    359    285    194    170    188    245    170    199    216    168    219    153    177    158     93    645    701    726    694    679    412    405    390    465    421    597    544    550    552    243    205  
  146    120    161   1145    580    243    339    747    729    685    672    746    752    747    763    692    748    768    196    206    182    137    200    205    204    127    228     43      0     83     35     51    124    561    586    552    534    520    545    549    525    116    109    150     89    171    482    535    541    481    502    469    495    447    463    497    448    443    531    459    430    721    770    775    718    664    167    172    149    201    154    164    182    762    734    714    711    344    450    388    366    470    433    516    511    511    518    514    521    519    495    550    506    905    910    967    953    842    898    880    956    946    913    932   1023    494    517    477    481    440    443    511    461    405    454    442    443    440    210    268    203    267    239    205   1048   1019   1044   1121   1083   1067   1077   1058   1058   1089   1070   1015    760    815    872    784    366    385    358    385    332    374    346    296    414    387    369    285    187    181    206    252    161    208    220    178    216    153    188    163    109    685    739    764    733    716    370    363    349    423    383    618    568    576    575    212    162  
   96     43     91   1069    626    198    399    828    808    766    752    826    833    828    844    772    829    850    117    130    110     72    121    140    149     57    158     56     83      0     60     93     53    492    511    478    459    446    473    474    447    165    191    197    141    208    462    517    518    405    428    401    422    372    397    423    376    370    462    386    356    804    852    857    800    747    154    133    111    138    133    128    157    681    652    632    630    283    382    323    299    443    406    491    494    489    502    491    508    493    462    523    483    838    844    906    890    781    836    818    893    887    850    873    942    412    435    395    399    357    361    428    379    323    373    360    361    360    193    271    203    243    260    203    971    942    965   1043   1004    989   1000    980    979   1012    992    935    694    748    804    713    307    335    302    321    278    317    297    242    355    322    305    236    154    117    133    194    134    147    166    116    174    108    123    108     41    607    660    684    653    635    430    425    404    482    425    542    489    495    497    235    231  
  111     90    128   1113    576    244    343    778    761    716    704    777    782    778    794    723    778    798    177    190    168    126    181    195    200    113    216      8     35     60      0     37     92    526    553    519    501    486    511    516    494    148    141    182    121    200    453    507    511    465    487    459    481    431    454    483    435    429    520    445    415    749    797    801    743    690    180    174    151    193    163    167    191    733    704    685    682    338    440    380    356    439    402    486    482    482    490    485    494    488    463    520    476    870    875    933    918    807    863    845    921    912    878    898    992    467    490    452    454    414    414    484    433    377    425    416    416    409    223    288    221    277    264    222   1015    986   1013   1089   1052   1036   1044   1026   1026   1057   1037    984    751    805    862    772    361    385    355    377    329    370    346    294    409    378    361    285    192    172    191    246    168    201    217    169    218    153    178    158     95    653    708    733    702    686    404    397    382    457    414    602    548    555    556    237    197  
