155

    0     60     22    755    745    732    767    751    763    746    748    731    735   1159   1147   1140    609    620    604    614    617    623    237    269    313    321    302    303    305    316    324    747    716    748    739    771    777    750    750    749    749    747    750    746    730    821    810    855    848    840    823    793    814    814    798    843    827    794    827    211    215    229    245    230    211    245    239    227    239    190    203    230    429    438    438    452    429    407    432    456    407    458    420    435    554    535    542    524    544    548    546    536    521    543    557    514    526    553    183    191    178    188    186    212    191    194    183    450    455    449    476    440    445    445    437    478    447    451    425    427    751    737    762    752    753    752    756    757    744    753    770    735    770    355    361    363    376    355    335    354    358    357   1071   1088   1107   1093   1071   1101    323    357    895    886    860    906    277  
   60      0     44    780    769    754    789    774    788    769    771    752    758   1101   1090   1082    617    629    609    623    623    631    200    236    256    264    245    244    248    259    267    697    667    698    689    721    728    700    699    699    699    697    700    696    679    767    756    801    795    787    769    739    759    761    744    789    772    741    772    152    156    170    185    172    151    186    180    168    180    131    144    171    454    461    463    472    452    432    456    475    429    482    441    458    498    477    486    468    488    491    489    478    464    488    500    457    470    496    186    188    183    193    189    205    198    191    185    394    398    392    420    384    388    388    379    421    389    395    368    370    770    756    781    771    772    772    774    775    762    770    789    755    789    295    302    304    317    296    276    295    299    297   1031   1049   1068   1053   1032   1061    265    300    869    860    833    880    316  
   22     44      0    774    764    750    785    769    781    764    766    749    754   1139   1127   1119    599    610    592    604    606    612    216    248    292    300    282    283    284    295    304    725    694    726    717    749    755    728    728    728    727    725    728    724    708    810    798    844    837    829    812    782    802    803    787    832    815    783    815    192    197    211    226    211    192    227    222    208    221    172    184    213    447    456    456    469    447    426    450    473    425    476    437    453    541    520    529    511    531    534    532    521    507    531    544    500    513    539    194    200    190    200    197    221    204    204    194    429    434    429    455    419    425    425    416    457    426    430    405    406    744    731    755    745    746    746    749    750    737    745    763    729    763    337    344    347    358    338    319    337    341    339   1049   1066   1085   1071   1049   1079    303    336    876    867    840    887    279  
  755    780    774      0     22     49     43     29     11     29     31     56     40   1713   1715   1707   1322   1330   1324   1327   1338   1334    979   1016    979    983    969    948    973    980    986   1430   1406   1432   1423   1454   1465   1436   1423   1429   1431   1430   1434   1430   1407   1111   1123   1130   1126   1114   1115   1094   1110   1092   1097   1140   1131   1083   1125    873    871    882    891    897    866    888    868    884    892    848    872    862    327    320    318    311    329    349    325    309    352    299    340    323    986   1006    987    969    966    993    994    997    981    965    992    963    959   1002    604    610    604    595    600    602    588    605    604   1099   1100   1092   1124   1098   1088   1087   1070   1119   1087   1105   1068   1071   1417   1403   1426   1416   1419   1416   1422   1421   1418   1425   1432   1400   1435    938    941    920    964    944    915    925    938    940   1800   1817   1837   1818   1802   1830    979   1019   1648   1639   1612   1660    927  
  745    769    764     22      0     28     31     12     22      8     11     35     19   1695   1697   1689   1317   1325   1318   1322   1332   1329    967   1005    965    968    955    934    959    966    971   1415   1391   1417   1408   1439   1450   1421   1408   1414   1416   1415   1419   1415   1392   1091   1102   1110   1106   1094   1094   1074   1090   1072   1077   1119   1111   1063   1105    860    857    868    877    883    852    874    854    870    878    834    858    848    317    309    308    299    318    339    314    296    341    289    329    312    967    987    969    951    948    975    975    979    963    947    973    945    940    984    591    597    592    583    588    588    576    592    592   1084   1085   1077   1108   1083   1072   1072   1054   1104   1072   1090   1053   1056   1414   1400   1423   1413   1416   1413   1419   1419   1415   1422   1429   1397   1432    922    925    904    948    929    899    909    922    924   1786   1804   1823   1804   1789   1816    965   1005   1638   1629   1602   1649    923  
  732    754    750     49     28      0     36     25     48     22     21      8      9   1670   1672   1664   1308   1317   1309   1313   1323   1321    951    989    946    949    935    914    940    947    952   1395   1371   1396   1388   1418   1429   1400   1387   1393   1396   1394   1399   1395   1371   1064   1076   1083   1079   1067   1068   1047   1063   1045   1050   1093   1084   1036   1078    841    839    849    858    864    834    855    835    851    859    816    840    828    304    294    295    282    303    325    300    280    326    275    313    298    942    963    944    926    923    950    951    955    939    922    949    920    916    959    574    579    576    566    571    570    559    575    575   1064   1064   1056   1087   1062   1052   1051   1033   1083   1051   1069   1032   1036   1409   1395   1418   1408   1410   1408   1414   1413   1409   1416   1424   1392   1427    901    904    882    927    907    878    887    901    903   1768   1786   1805   1786   1771   1798    945    985   1622   1614   1586   1634    915  
  767    789    785     43     31     36      0     20     35     26     23     38     32   1700   1703   1695   1342   1351   1343   1347   1357   1355    987   1024    980    983    970    948    975    981    986   1429   1405   1431   1422   1452   1464   1434   1421   1427   1430   1428   1433   1429   1405   1089   1101   1107   1103   1091   1092   1073   1088   1070   1076   1117   1109   1061   1103    876    874    884    893    899    868    890    869    886    894    851    875    863    339    329    330    318    339    360    336    315    361    310    349    333    972    994    975    957    953    981    981    986    970    952    979    951    946    989    610    615    611    601    606    605    595    610    610   1098   1098   1090   1121   1097   1086   1085   1067   1117   1085   1104   1066   1070   1442   1427   1451   1441   1443   1440   1446   1446   1442   1449   1457   1425   1459    935    938    916    960    941    912    921    934    936   1803   1821   1840   1820   1806   1832    980   1019   1658   1649   1622   1669    949  
  751    774    769     29     12     25     20      0     25      6      4     31     18   1694   1696   1689   1324   1333   1326   1329   1339   1337    972   1010    968    972    958    937    963    969    975   1418   1394   1420   1411   1441   1453   1423   1410   1416   1419   1417   1422   1418   1394   1087   1099   1106   1102   1090   1091   1071   1087   1069   1074   1116   1108   1060   1102    864    861    872    881    887    856    877    857    874    882    838    862    851    323    314    314    303    323    344    320    301    346    294    334    318    966    987    968    951    947    974    975    979    963    946    973    944    940    983    596    601    597    587    592    592    580    597    596   1087   1087   1079   1111   1085   1075   1074   1056   1106   1074   1092   1055   1059   1423   1409   1432   1422   1424   1422   1428   1427   1423   1431   1438   1406   1441    924    927    906    950    931    901    911    924    926   1790   1808   1827   1808   1793   1820    968   1008   1643   1634   1607   1654    931  
  763    788    781     11     22     48     35     25      0     27     28     55     40   1716   1718   1710   1331   1339   1333   1336   1346   1343    986   1023    985    989    975    954    979    986    992   1436   1411   1437   1429   1459   1470   1441   1428   1434   1437   1435   1440   1436   1412   1111   1123   1130   1126   1114   1115   1095   1111   1093   1098   1140   1132   1084   1126    880    877    888    897    903    872    894    874    890    898    854    878    868    335    327    326    318    336    357    332    316    359    306    347    330    988   1009    990    972    969    996    997   1001    985    968    995    966    962   1005    610    616    611    602    607    608    595    612    611   1105   1105   1098   1129   1103   1093   1092   1075   1124   1093   1110   1073   1077   1427   1412   1436   1426   1428   1425   1431   1431   1427   1435   1442   1410   1444    943    946    925    969    949    920    930    943    945   1806   1824   1843   1824   1809   1836    985   1025   1656   1647   1620   1667    936  
  746    769    764     29      8     22     26      6     27      0      4     28     13   1691   1693   1685   1319   1327   1320   1324   1334   1331    967   1004    963    967    953    932    958    965    970   1413   1389   1415   1406   1437   1448   1419   1405   1411   1414   1412   1417   1413   1390   1085   1097   1104   1100   1088   1089   1069   1084   1066   1071   1114   1105   1057   1099    859    856    867    876    882    851    872    852    869    877    833    857    846    318    309    309    298    318    339    314    296    341    289    328    312    963    983    965    947    943    971    971    975    959    942    969    941    936    979    590    596    592    582    587    587    575    592    591   1082   1082   1075   1106   1081   1070   1069   1052   1102   1070   1088   1050   1054   1417   1403   1426   1416   1419   1416   1422   1422   1417   1425   1432   1400   1435    920    923    901    946    926    897    906    920    922   1785   1803   1822   1803   1788   1815    963   1003   1637   1629   1602   1649    925  
  748    771    766     31     11     21     23      4     28      4      0     27     14   1691   1693   1685   1321   1330   1322   1326   1336   1333    968   1006    965    968    954    933    959    966    971   1414   1390   1416   1407   1438   1449   1420   1406   1412   1415   1413   1418   1414   1391   1084   1096   1103   1099   1087   1088   1068   1083   1065   1071   1113   1105   1057   1098    860    857    868    877    883    852    874    853    870    878    834    858    847    319    310    311    300    320    341    316    297    342    291    330    314    963    984    965    947    943    971    971    975    960    942    969    941    936    979    592    597    593    583    589    588    577    593    593   1083   1083   1076   1107   1082   1071   1070   1053   1102   1071   1089   1051   1055   1420   1406   1429   1419   1421   1419   1425   1424   1420   1427   1435   1403   1438    921    924    902    946    927    898    907    920    922   1786   1804   1823   1804   1789   1816    964   1004   1639   1630   1603   1651    927  
  731    752    749     56     35      8     38     31     55     28     27      0     17   1665   1667   1659   1309   1317   1309   1314   1323   1321    949    987    943    946    932    911    937    944    949   1391   1367   1393   1384   1415   1426   1397   1383   1389   1392   1390   1395   1391   1368   1057   1069   1076   1072   1060   1061   1041   1057   1039   1044   1086   1078   1030   1072    839    836    846    855    861    831    852    832    848    856    813    837    825    303    293    295    281    302    324    299    278    324    274    312    297    937    958    939    921    918    945    946    950    934    916    943    915    911    954    572    577    574    564    569    567    557    573    573   1060   1060   1053   1084   1059   1048   1047   1029   1079   1048   1066   1028   1032   1410   1396   1419   1409   1412   1409   1415   1415   1410   1418   1426   1393   1428    897    900    878    923    903    874    883    897    899   1765   1783   1802   1783   1768   1795    942    982   1621   1612   1585   1632    916  
  735    758    754     40     19      9     32     18     40     13     14     17      0   1678   1680   1672   1310   1319   1311   1315   1325   1323    956    993    951    955    941    920    946    952    958   1401   1377   1403   1394   1424   1436   1406   1393   1399   1402   1400   1405   1401   1377   1072   1084   1091   1087   1075   1076   1056   1072   1054   1059   1101   1093   1045   1087    847    844    855    864    870    839    861    840    857    865    821    845    834    307    298    299    287    307    328    304    284    330    278    318    302    950    971    952    934    930    958    958    962    946    929    956    928    923    967    579    585    580    571    576    575    564    580    580   1070   1070   1062   1094   1068   1058   1057   1039   1089   1057   1076   1038   1042   1410   1396   1419   1409   1411   1409   1415   1414   1410   1418   1425   1393   1428    907    910    889    933    914    884    894    907    909   1773   1791   1810   1791   1776   1803    951    991   1627   1618   1591   1638    917  
 1159   1101   1139   1713   1695   1670   1700   1694   1716   1691   1691   1665   1678      0     39     40   1240   1251   1212   1242   1215   1247    967    961    847    839    858    858    856    844    836    512    545    515    520    498    507    517    488    502    509    512    513    515    509    694    668    698    698    708    690    694    689    715    694    673    670    710    678    952    948    934    919    930    953    919    931    935    923    975    958    940   1443   1438   1451   1434   1431   1421   1439   1432   1410   1461   1417   1437    728    710    727    745    748    721    720    717    733    749    722    752    755    712   1192   1176   1196   1201   1194   1171   1210   1180   1191    712    706    711    686    723    715    715    723    683    714    712    735    733   1421   1417   1431   1425   1424   1428   1422   1426   1400   1406   1438   1417   1433    824    818    829    798    820    847    831    822    822    673    683    686    650    692    679    837    804    890    895    874    904   1295  
 1147   1090   1127   1715   1697   1672   1703   1696   1718   1693   1693   1667   1680     39      0      8   1211   1223   1183   1214   1186   1219    950    943    835    827    845    847    843    832    824    485    518    488    492    470    478    489    462    475    482    484    486    488    484    711    684    717    716    725    707    710    705    731    710    690    687    726    695    941    938    923    909    919    943    909    922    925    913    965    947    930   1440   1436   1449   1432   1429   1418   1436   1431   1407   1458   1414   1434    731    710    729    746    751    723    722    718    734    752    725    753    757    714   1185   1170   1189   1195   1188   1166   1203   1174   1185    698    693    698    673    710    702    702    711    670    701    698    723    721   1391   1387   1401   1395   1394   1399   1393   1397   1371   1376   1409   1388   1403    816    811    823    790    813    840    824    814    814    635    645    648    612    654    641    825    791    855    859    839    868   1276  
 1140   1082   1119   1707   1689   1664   1695   1689   1710   1685   1685   1659   1672     40      8      0   1206   1217   1177   1208   1180   1213    943    936    827    819    838    840    836    825    816    479    512    482    486    464    472    483    456    469    476    478    480    482    477    705    678    710    710    719    701    703    699    725    703    684    680    720    689    933    930    916    901    912    935    902    914    917    905    957    940    923   1432   1428   1441   1424   1421   1410   1428   1423   1399   1451   1406   1427    723    702    721    739    743    715    714    710    726    744    717    745    749    706   1178   1162   1181   1187   1180   1158   1196   1166   1177    691    685    691    665    702    695    695    704    663    694    691    715    713   1386   1382   1396   1390   1389   1394   1387   1391   1365   1371   1403   1383   1398    808    803    815    783    805    832    817    807    806    633    644    647    611    653    640    817    783    851    856    836    865   1269  
  609    617    599   1322   1317   1308   1342   1324   1331   1319   1321   1309   1310   1240   1211   1206      0     14     29      6     32     14    494    460    636    644    636    667    633    639    644    728    696    725    721    742    734    723    754    739    731    729    727    725    733   1237   1214   1270   1264   1261   1237   1209   1227   1238   1214   1249   1231   1217   1235    646    654    657    664    640    655    668    684    652    657    654    640    681   1010   1024   1018   1042   1015    992   1016   1047    995   1039   1009   1020    965    923    948    938    967    950    947    931    925    966    964    930    948    950    792    799    787    796    795    819    799    802    791    681    690    692    691    665    692    693    704    701    694    674    687    684    192    184    203    195    195    198    195    198    175    182    212    184    208    748    753    776    748    742    747    760    753    748    802    812    829    836    791    827    652    646    513    502    494    513    398  
  620    629    610   1330   1325   1317   1351   1333   1339   1327   1330   1317   1319   1251   1223   1217     14      0     40     10     39      6    507    473    650    657    649    680    646    652    658    740    708    737    733    754    746    735    766    751    743    740    739    737    745   1250   1228   1284   1278   1274   1250   1223   1240   1252   1228   1262   1245   1231   1248    659    667    670    677    653    668    682    697    665    670    667    653    694   1019   1033   1027   1051   1024   1001   1025   1057   1005   1049   1018   1029    978    937    962    952    980    964    961    945    938    980    977    944    962    964    803    810    798    807    806    830    810    813    802    695    703    705    705    679    705    706    718    715    708    688    700    698    179    171    190    182    181    185    181    185    161    168    198    171    195    761    766    789    761    755    761    774    766    762    809    819    836    843    798    834    666    659    518    507    500    518    405  
  604    609    592   1324   1318   1309   1343   1326   1333   1320   1322   1309   1311   1212   1183   1177     29     40      0     31     14     37    479    443    618    625    618    649    615    620    625    700    668    697    693    714    706    695    726    711    703    701    699    697    705   1216   1193   1249   1243   1240   1216   1188   1205   1217   1193   1227   1210   1196   1213    632    640    642    648    624    641    653    669    637    641    641    626    667   1010   1023   1018   1041   1014    991   1015   1046    994   1039   1008   1019    945    903    928    919    947    930    927    911    905    947    944    911    929    930    786    792    781    791    789    812    794    795    786    658    667    669    668    643    670    670    682    678    672    651    665    662    217    210    228    221    220    224    220    223    199    206    237    210    233    729    734    758    729    723    730    742    734    730    776    786    803    809    765    801    634    625    488    477    468    489    403  
  614    623    604   1327   1322   1313   1347   1329   1336   1324   1326   1314   1315   1242   1214   1208      6     10     31      0     31      9    499    465    641    649    641    672    638    644    649    731    699    728    724    745    736    726    756    741    734    731    729    728    736   1241   1219   1275   1269   1265   1241   1214   1231   1243   1219   1253   1236   1222   1239    651    660    663    669    645    661    674    689    658    662    660    645    686   1015   1029   1023   1047   1020    997   1021   1052   1001   1045   1014   1025    970    928    953    943    971    955    952    936    930    971    968    935    953    955    797    804    792    801    800    824    804    807    797    685    694    696    695    670    696    697    709    706    699    678    691    689    188    180    199    191    191    194    191    194    171    178    208    181    204    753    758    781    753    746    752    765    758    753    802    812    829    836    791    827    657    650    512    501    494    512    402  
  617    623    606   1338   1332   1323   1357   1339   1346   1334   1336   1323   1325   1215   1186   1180     32     39     14     31      0     34    491    455    629    636    629    660    626    631    636    703    672    700    696    717    708    698    730    714    706    704    702    700    709   1225   1202   1259   1253   1250   1225   1198   1215   1228   1203   1237   1219   1206   1223    644    652    655    660    637    653    665    681    650    653    653    638    679   1023   1037   1031   1054   1028   1005   1029   1060   1008   1053   1021   1033    955    913    939    929    958    941    938    921    915    957    954    921    940    940    799    805    795    804    802    825    807    809    799    668    676    678    677    652    679    680    692    687    682    660    675    672    211    205    222    214    214    218    213    217    192    199    230    205    226    741    746    769    740    734    741    754    745    741    772    782    798    805    760    796    645    636    482    471    463    482    416  
  623    631    612   1334   1329   1321   1355   1337   1343   1331   1333   1321   1323   1247   1219   1213     14      6     37      9     34      0    508    473    650    657    649    680    646    652    657    736    705    733    729    750    742    731    762    747    739    737    735    733    742   1249   1227   1283   1277   1273   1249   1222   1239   1251   1227   1261   1244   1230   1247    660    668    671    677    653    669    682    697    666    670    668    654    695   1023   1037   1031   1055   1028   1005   1028   1060   1008   1052   1022   1033    978    936    961    951    980    963    960    944    938    979    977    943    961    963    805    812    800    810    808    832    812    815    805    693    702    704    703    677    704    705    717    713    707    686    699    697    181    173    192    184    184    187    184    187    163    170    201    174    197    761    766    789    761    755    761    774    766    762    804    813    830    837    792    828    665    658    512    501    494    512    409  
  237    200    216    979    967    951    987    972    986    967    968    949    956    967    950    943    494    507    479    499    491    508      0     41    159    168    155    181    153    162    170    519    487    519    511    543    548    521    526    523    521    519    522    518    505    766    747    800    794    789    767    738    757    765    743    782    764    743    767    155    163    164    170    146    165    175    191    159    163    168    150    189    652    659    662    669    650    630    654    672    627    680    639    656    487    451    472    459    486    475    472    457    448    485    487    449    467    477    378    376    376    386    382    389    393    380    378    265    272    269    287    250    267    267    268    293    269    262    251    251    671    660    683    673    674    675    675    678    659    667    692    659    690    262    268    288    268    257    258    273    267    263    834    851    870    856    834    864    176    187    673    664    636    685    337  
  269    236    248   1016   1005    989   1024   1010   1023   1004   1006    987    993    961    943    936    460    473    443    465    455    473     41      0    182    191    180    209    178    185    192    501    468    501    493    524    528    502    510    505    503    501    503    500    488    791    771    825    819    814    792    763    781    790    768    806    788    769    791    194    202    202    206    183    204    211    228    197    200    208    189    227    689    697    698    707    687    667    691    710    664    717    677    693    514    476    498    486    513    500    498    482    474    513    513    477    494    502    417    415    415    425    420    429    431    419    416    271    279    277    291    255    275    276    279    298    278    267    262    261    640    629    652    642    642    644    644    646    627    634    660    628    658    291    296    318    294    285    289    303    296    292    802    819    838    825    802    832    199    203    634    625    598    646    335  
  313    256    292    979    965    946    980    968    985    963    965    943    951    847    835    827    636    650    618    641    629    650    159    182      0     10     12     38      9      4     13    456    429    457    449    480    489    461    453    456    457    455    460    456    435    609    590    644    637    632    610    581    600    609    586    625    607    587    609    112    112    100     89     89    118     92    112     99     89    139    117    118    663    666    673    670    657    640    663    671    634    688    644    663    332    294    316    304    332    319    316    300    292    331    331    295    313    320    384    374    385    394    387    379    402    379    384    138    143    137    165    130    133    133    125    166    134    140    113    115    820    809    832    822    823    824    823    826    806    814    840    808    838    112    117    142    112    106    117    126    117    113    824    842    861    841    828    854     17     45    719    712    682    733    487  
  321    264    300    983    968    949    983    972    989    967    968    946    955    839    827    819    644    657    625    649    636    657    168    191     10      0     19     38     18      7      4    451    425    453    444    475    485    456    448    451    452    451    455    451    430    601    581    635    629    624    601    572    591    600    578    616    598    579    601    119    118    105     93     95    123     96    115    104     94    145    124    122    668    670    677    674    661    645    667    675    638    692    648    667    324    285    307    296    324    310    307    292    284    324    323    287    305    311    389    378    391    399    392    383    407    383    388    131    135    129    157    123    125    125    117    158    126    133    105    107    828    817    839    830    830    832    831    834    814    821    848    816    846    106    110    136    105     99    112    121    111    106    822    840    859    838    826    851      9     39    720    714    683    735    496  
  302    245    282    969    955    935    970    958    975    953    954    932    941    858    845    838    636    649    618    641    629    649    155    180     12     19      0     33      5     14     22    467    440    468    460    491    500    472    464    467    468    466    470    467    446    612    593    647    640    635    613    584    603    611    589    628    610    590    613    101    101     89     78     78    107     81    101     88     78    128    106    108    653    655    662    659    646    630    652    661    623    677    633    652    334    297    318    306    334    321    318    303    294    333    334    297    315    323    373    363    375    383    376    369    391    368    373    149    154    148    175    141    144    144    135    176    145    151    123    125    819    808    830    821    821    823    822    825    805    813    839    807    837    112    117    141    115    106    114    125    117    113    834    852    871    851    838    864     23     56    726    720    689    741    480  
  303    244    283    948    934    914    948    937    954    932    933    911    920    858    847    840    667    680    649    672    660    680    181    209     38     38     33      0     38     38     40    484    458    486    477    508    518    489    479    483    485    483    488    484    462    586    568    621    614    609    587    558    577    584    563    603    585    563    587     94     91     77     63     73     97     65     82     78     66    118    101     89    635    636    644    640    628    612    634    641    604    659    614    634    307    272    292    278    306    295    292    277    268    305    307    269    286    297    358    346    359    367    361    350    375    351    357    158    161    154    184    153    150    149    137    183    150    162    129    131    848    837    860    850    851    853    852    855    835    843    869    836    867     82     88    110     89     77     82     94     87     83    858    876    895    874    863    887     32     71    757    750    720    771    497  
  305    248    284    973    959    940    975    963    979    958    959    937    946    856    843    836    633    646    615    638    626    646    153    178      9     18      5     38      0     12     21    463    436    464    455    487    496    467    460    463    464    462    466    463    442    614    595    649    642    637    615    586    605    614    591    630    612    592    615    105    105     93     82     81    111     86    106     92     82    131    110    112    657    659    666    664    650    634    656    665    627    682    638    657    337    299    320    309    336    323    321    305    297    336    336    300    317    325    377    367    379    387    380    373    395    372    377    146    151    145    173    138    141    141    134    174    142    148    121    123    816    805    828    818    818    820    819    822    802    810    836    804    834    115    120    144    117    109    118    129    120    116    829    847    866    846    833    859     23     53    722    715    685    736    479  
  316    259    295    980    966    947    981    969    986    965    966    944    952    844    832    825    639    652    620    644    631    652    162    185      4      7     14     38     12      0     10    455    428    456    447    478    488    459    451    454    456    454    458    454    433    606    587    641    634    629    607    578    597    606    583    622    604    584    606    114    114    101     90     91    120     93    113    100     90    141    119    119    665    667    674    671    658    642    664    672    635    689    645    664    329    291    313    301    329    316    313    297    289    329    329    293    311    317    386    375    387    395    389    381    403    380    385    136    140    134    162    128    130    130    122    163    132    138    110    112    822    812    834    825    825    827    826    829    809    816    843    811    840    110    115    140    110    104    115    124    115    111    823    841    860    840    828    853     14     43    720    713    682    734    490  
  324    267    304    986    971    952    986    975    992    970    971    949    958    836    824    816    644    658    625    649    636    657    170    192     13      4     22     40     21     10      0    448    422    449    441    472    482    453    445    448    449    447    452    448    427    600    580    634    627    623    600    571    590    599    576    615    597    578    599    122    121    108     96     99    127     99    118    108     97    148    127    125    671    673    680    677    664    648    670    678    641    695    651    670    323    284    306    295    323    309    306    291    283    323    322    287    305    310    392    382    394    402    395    386    410    386    392    127    132    126    154    120    122    122    114    155    123    130    101    103    828    818    840    831    831    833    832    835    814    822    849    817    846    106    111    136    104     99    113    121    111    106    819    837    856    835    823    849     10     35    718    712    681    733    499  
  747    697    725   1430   1415   1395   1429   1418   1436   1413   1414   1391   1401    512    485    479    728    740    700    731    703    736    519    501    456    451    467    484    463    455    448      0     35      5      9     24     36     10     33     13      4      2      5      4     28    727    697    753    748    751    725    708    717    739    711    724    710    722    717    567    568    555    544    543    573    546    565    554    544    594    571    572   1118   1120   1128   1123   1111   1095   1117   1124   1088   1142   1098   1117    559    514    546    553    574    543    540    526    534    575    553    552    567    536    840    829    841    849    843    834    857    834    839    332    332    339    308    333    344    345    363    314    345    326    363    360    911    906    921    915    914    918    913    916    891    896    929    907    923    497    495    519    472    490    519    512    498    495    409    427    444    416    419    435    454    414    456    456    428    472    818  
  716    667    694   1406   1391   1371   1405   1394   1411   1389   1390   1367   1377    545    518    512    696    708    668    699    672    705    487    468    429    425    440    458    436    428    422     35      0     34     27     57     62     35     58     44     38     35     36     33     40    730    700    757    752    754    728    710    720    742    714    728    714    724    721    540    540    528    517    516    546    520    539    527    517    566    543    546   1092   1094   1101   1098   1085   1069   1091   1099   1062   1116   1072   1091    550    505    536    542    565    534    531    516    524    565    544    541    557    527    813    803    814    822    816    808    830    807    812    309    310    317    287    309    322    323    342    293    323    302    341    337    880    875    890    884    883    887    882    886    860    866    898    876    893    475    474    499    451    468    497    491    477    474    420    439    456    430    429    448    428    388    443    443    413    460    784  
  748    698    726   1432   1417   1396   1431   1420   1437   1415   1416   1393   1403    515    488    482    725    737    697    728    700    733    519    501    457    453    468    486    464    456    449      5     34      0      9     24     34      6     37     17      7      6      3      2     32    731    701    756    752    755    729    711    721    743    715    728    714    726    721    568    569    556    545    544    574    548    566    555    545    595    572    574   1120   1121   1129   1125   1113   1097   1119   1126   1089   1144   1099   1119    562    517    549    556    578    546    543    529    537    578    556    555    570    539    841    831    842    850    844    835    859    835    840    333    334    341    310    335    346    347    365    316    347    328    365    361    908    903    918    912    911    915    910    913    888    893    926    904    920    499    497    521    474    492    521    514    500    497    406    424    441    413    416    432    455    415    452    452    424    468    817  
  739    689    717   1423   1408   1388   1422   1411   1429   1406   1407   1384   1394    520    492    486    721    733    693    724    696    729    511    493    449    444    460    477    455    447    441      9     27      9      0     32     42     13     36     18     11      9     11      8     26    726    696    752    747    750    724    707    716    738    710    723    709    721    716    560    560    548    536    536    566    539    558    547    537    586    563    565   1111   1113   1120   1116   1104   1088   1110   1117   1081   1135   1091   1110    555    510    542    549    570    539    536    522    530    571    549    548    563    532    832    822    834    842    835    826    850    826    832    325    325    333    302    326    337    338    357    307    338    319    357    353    904    899    914    908    907    911    906    910    884    889    922    900    917    490    488    513    466    483    512    505    491    489    413    431    448    420    423    439    446    406    454    454    425    470    810  
  771    721    749   1454   1439   1418   1452   1441   1459   1437   1438   1415   1424    498    470    464    742    754    714    745    717    750    543    524    480    475    491    508    487    478    472     24     57     24     32      0     18     22     41     27     23     25     22     25     48    739    708    764    759    762    737    720    729    752    723    735    721    735    728    591    592    579    568    567    597    570    589    578    568    618    595    596   1142   1144   1151   1147   1135   1119   1141   1148   1112   1166   1122   1141    577    533    564    572    593    561    558    544    553    593    571    572    586    554    864    853    865    873    867    857    881    858    863    355    355    363    331    357    367    368    386    337    368    349    387    383    923    919    933    927    926    931    925    929    903    908    941    920    936    520    517    542    495    513    542    534    521    518    391    409    425    396    402    417    478    438    453    453    426    469    840  
