150

    0      5   1367   1366   1365   1369    715    706    732    714    719    753    740    743    249    253    241    249    229   1232   1212   1230   1220   1228   1229   1232   1220   1224   1217   1222    564    564    732    715    711    714    723    704    714    268    268    276    284    553    510    536    858    851    847    367    395    375    365    365    387   1151   1169   1154   1157   1169   1179   1172   1158    417    112    113    139    136    129    139    122    116    984    996    987    976    978    989    977   1285    489    490    490    487    485    488    480    487    488    837    829    848    817    836    824    839    859    527    518    505    301    298    297    312    303    243    248    216    245    244    965    948    954    973    957    962    956    977    968    969    986    978    971    975    946    979    976    828    833    838    833    832    838    833    833    835    847    843    836    821    846    854    854    778    785    783    781    779    902    892  
    5      0   1371   1370   1369   1373    718    710    736    717    723    756    743    746    252    256    244    252    232   1236   1217   1235   1225   1233   1233   1236   1225   1228   1221   1226    566    566    734    717    713    716    725    706    716    272    272    280    289    557    513    540    862    855    851    371    399    379    369    370    391   1154   1172   1157   1160   1172   1183   1175   1161    419    114    116    142    138    132    142    125    119    988   1000    991    980    982    993    981   1290    493    494    493    491    489    492    484    491    492    841    833    852    821    840    828    843    863    531    522    509    300    296    295    312    302    242    247    216    244    243    966    949    955    974    958    963    960    981    972    973    990    983    976    979    951    983    980    828    834    838    834    833    839    834    833    836    850    846    839    824    849    857    857    781    788    786    783    781    906    896  
 1367   1371      0     24      7     25    655    662    638    657    654   1484   1476   1470   1132   1124   1144   1133   1148    968    982    969    981    972    989    979   1000    996    962    977    900    910   1602   1594   1584   1600   1594   1571   1586   1129   1129   1121   1112   1265   1256   1252    571    577    581   1110   1093   1109   1122   1121   1104    371    378    385    379    356    363    383    374   1080   1271   1267   1235   1245   1246   1240   1249   1254    393    377    388    400    396    387    397    541    880    880    881    884    885    882    890    882    882    610    611    592    620    615    604    611    592    841    851    863   1594   1604   1598   1598   1600   1305   1287   1287   1308   1304    978    977    993    991    992    979    948    964    953    965    959    938    949    968    949    959    959   1089   1067   1082   1072   1054   1064   1071   1067   1080   1447   1447   1431   1433   1469   1442   1459    712    715    719    716    710    470    480  
 1366   1370     24      0     17      4    655    661    638    657    655   1470   1463   1457   1132   1123   1144   1133   1148    946    961    947    960    951    968    958    979    975    941    956    905    916   1590   1583   1572   1588   1583   1559   1574   1126   1125   1117   1108   1254   1246   1242    562    568    572   1104   1086   1102   1115   1114   1097    387    395    402    396    373    381    400    391   1085   1271   1266   1234   1244   1245   1240   1248   1253    396    380    390    403    399    391    399    518    878    878    878    882    883    880    888    880    880    600    601    582    611    605    595    601    581    839    849    862   1589   1600   1594   1593   1595   1308   1289   1289   1310   1307    993    992   1009   1007   1007    994    931    946    936    948    941    920    932    950    932    942    941   1102   1080   1095   1085   1067   1077   1084   1080   1093   1433   1432   1417   1418   1454   1427   1444    721    723    728    725    719    466    477  
 1365   1369      7     17      0     18    653    660    636    655    652   1479   1471   1465   1130   1122   1142   1132   1147    961    975    962    975    966    983    973    993    990    955    971    900    910   1597   1590   1579   1595   1590   1567   1582   1127   1127   1118   1109   1260   1252   1248    567    573    577   1107   1090   1105   1118   1117   1101    374    382    388    382    360    367    387    377   1080   1270   1265   1233   1243   1244   1239   1247   1252    392    376    387    399    395    387    396    534    878    878    878    882    883    880    888    880    880    606    607    587    616    611    600    606    587    839    849    861   1591   1601   1595   1595   1597   1305   1286   1286   1307   1303    981    980    996    994    995    982    942    958    947    959    953    932    943    962    943    953    953   1091   1069   1085   1074   1056   1066   1073   1070   1082   1442   1441   1426   1427   1463   1436   1454    713    715    720    717    711    467    478  
 1369   1373     25      4     18      0    658    664    642    660    658   1473   1466   1459   1135   1127   1148   1137   1151    948    962    948    961    952    969    959    980    977    942    957    908    919   1593   1585   1575   1591   1585   1562   1577   1129   1129   1120   1111   1257   1249   1244    565    570    574   1107   1089   1105   1118   1117   1100    390    398    404    398    376    384    403    393   1088   1274   1269   1238   1247   1248   1243   1251   1256    399    383    394    406    402    394    403    519    881    881    881    885    886    883    891    883    883    603    604    585    613    608    598    603    584    843    852    865   1593   1603   1597   1596   1599   1311   1293   1292   1314   1310    996    995   1011   1009   1010    997    933    948    938    950    943    922    934    952    934    943    943   1105   1083   1098   1088   1070   1080   1087   1083   1096   1435   1435   1419   1421   1457   1429   1447    724    727    731    728    722    470    480  
  715    718    655    655    653    658      0     18     20      8     25   1002    992    988    478    469    490    479    494    897    893    897    898    898    908    904    909    909    884    896    304    318   1086   1074   1065   1078   1077   1052   1067    492    492    484    475    742    717    723    265    260    259    508    500    510    521    520    509    471    493    479    480    486    500    497    480    457    617    613    581    590    592    586    595    601    271    282    273    263    264    276    264    715    234    237    237    244    243    239    246    238    239    282    269    275    262    286    252    285    293    196    207    215    959    966    961    964    964    661    643    639    664    660    658    646    662    673    663    656    697    722    709    718    725    704    708    724    691    721    718    661    646    661    650    634    646    649    646    658   1013   1011    996    991   1029   1012   1025    263    274    278    271    261    206    199  
  706    710    662    661    660    664     18      0     35     25     42    985    975    970    472    463    484    473    488    883    879    883    884    884    894    890    895    895    870    882    310    325   1069   1058   1048   1062   1060   1036   1051    480    480    472    463    725    700    707    255    249    248    493    484    495    506    505    494    486    508    494    495    501    514    512    495    459    610    605    574    583    584    579    587    593    281    292    283    273    274    286    273    708    223    225    226    232    231    227    235    227    227    269    257    263    249    274    240    273    282    184    195    205    947    955    950    952    953    659    640    636    661    658    673    661    677    688    678    672    681    706    693    702    709    688    692    708    674    705    702    673    658    674    663    647    659    662    659    671    996    993    979    973   1011    995   1007    279    290    294    287    277    207    199  
  732    736    638    638    636    642     20     35      0     19     23   1020   1009   1005    495    486    507    496    511    902    898    902    903    903    913    909    914    915    889    901    310    325   1104   1092   1083   1096   1095   1070   1086    511    511    503    494    760    735    741    266    260    260    527    519    529    540    539    528    452    474    460    461    467    481    478    461    468    634    630    598    607    609    603    612    618    253    265    255    245    247    258    246    710    253    256    256    263    262    258    265    257    258    285    272    276    266    289    254    288    295    215    226    234    977    985    980    983    983    675    657    654    678    674    651    639    656    666    657    650    706    731    718    727    733    713    717    733    700    729    727    659    643    659    648    632    644    647    644    656   1029   1027   1012   1007   1045   1028   1041    255    266    270    263    253    194    188  
  714    717    657    657    655    660      8     25     19      0     18   1007    997    992    476    467    488    477    492    905    900    904    905    905    916    912    917    917    892    904    297    312   1090   1078   1069   1082   1081   1056   1072    493    492    484    476    746    721    728    273    267    266    511    503    512    524    522    512    468    490    476    478    484    497    495    477    452    615    611    579    588    590    584    593    599    272    283    274    264    265    276    264    721    235    238    238    245    244    240    247    239    240    289    277    282    270    294    259    292    301    196    208    216    959    966    961    964    964    658    639    636    660    657    651    638    654    665    655    649    704    730    716    725    732    712    715    732    698    728    726    653    638    654    643    627    639    642    638    650   1019   1016   1002    996   1034   1018   1030    256    267    270    263    253    210    204  
  719    723    654    655    652    658     25     42     23     18      0   1024   1013   1009    479    471    491    480    496    921    917    921    922    921    932    928    933    933    908    920    288    303   1105   1093   1084   1097   1096   1072   1087    503    502    494    486    762    736    743    287    281    281    524    516    526    537    536    526    456    478    464    465    472    485    482    465    448    620    615    584    593    595    589    599    604    266    279    269    258    260    271    259    732    245    248    249    256    254    250    257    249    250    304    292    297    285    309    274    308    315    207    218    225    968    975    970    974    973    657    638    636    660    656    633    621    638    648    639    632    722    747    734    743    750    729    733    749    715    745    743    638    623    638    628    611    623    627    623    635   1036   1033   1019   1013   1051   1035   1047    238    249    253    246    236    215    209  
  753    756   1484   1470   1479   1473   1002    985   1020   1007   1024      0     14     15    836    824    843    837    820    816    789    814    797    810    800    809    785    791    805    801   1085   1094    147    150    142    157    145    133    142    657    658    659    661    268    303    289    925    921    918    551    542    544    539    540    537   1452   1477   1464   1464   1464   1480   1482   1462   1042    802    798    789    803    789    802    774    771   1214   1214   1210   1206   1203   1217   1202   1121    825    817    816    805    811    815    813    819    815    884    886    903    879    878    897    882    899    850    837    845    613    635    627    602    619    976    974    942    979    977   1554   1537   1549   1566   1551   1551    609    610    613    604    619    631    618    606    603    615    613   1467   1464   1474   1466   1458   1468   1466   1464   1471    123    119    123    108    109    135    124   1221   1232   1233   1227   1220   1072   1061  
  740    743   1476   1463   1471   1466    992    975   1009    997   1013     14      0     10    823    811    830    824    807    817    790    815    798    811    801    810    787    792    806    802   1072   1081    147    148    139    155    143    130    139    644    645    647    648    256    291    277    917    913    909    538    530    531    526    527    525   1443   1467   1454   1454   1455   1470   1472   1452   1029    789    785    776    790    776    789    761    758   1205   1205   1201   1197   1193   1207   1192   1118    813    805    804    794    799    804    801    807    803    876    878    895    871    870    889    874    891    838    826    833    602    624    616    591    608    963    961    929    966    964   1541   1525   1537   1553   1539   1539    607    608    610    602    618    629    616    604    601    613    611   1454   1451   1461   1453   1445   1455   1453   1451   1458    131    127    130    114    119    143    133   1210   1221   1222   1216   1209   1063   1052  
  743    746   1470   1457   1465   1459    988    970   1005    992   1009     15     10      0    823    811    830    824    808    808    781    806    789    802    792    801    778    783    797    793   1070   1080    156    157    148    164    152    139    148    643    645    646    648    253    289    274    911    907    903    537    528    530    525    526    523   1438   1462   1449   1449   1449   1465   1467   1447   1028    791    786    777    792    777    790    763    759   1199   1199   1195   1191   1188   1202   1187   1109    810    802    801    791    796    801    798    804    800    869    872    888    865    863    883    868    885    835    823    830    608    630    622    597    614    965    963    930    968    965   1540   1523   1535   1552   1537   1537    598    599    602    593    609    620    607    595    592    604    602   1453   1450   1460   1452   1444   1454   1452   1450   1457    124    120    122    106    112    135    126   1207   1218   1219   1213   1205   1057   1046  
  249    252   1132   1132   1130   1135    478    472    495    476    479    836    823    823      0     17     15      2     22   1130   1115   1129   1123   1128   1132   1133   1127   1129   1116   1123    321    322    856    841    834    842    847    824    837    185    184    185    187    586    543    565    657    650    647    311    333    320    319    318    331    903    921    906    909    921    931    923    910    210    143    139    111    116    121    112    129    135    744    757    747    736    739    749    738   1108    271    274    274    276    272    273    265    271    273    644    634    651    622    644    626    646    665    304    299    281    534    535    532    543    538    219    205    186    223    219    755    738    747    765    749    752    864    888    877    881    895    883    879    887    855    889    886    641    642    650    643    638    646    643    641    647    904    900    889    877    909    908    913    531    538    536    533    531    675    666  
  253    256   1124   1123   1122   1127    469    463    486    467    471    824    811    811     17      0     30     18     25   1114   1099   1113   1107   1112   1116   1117   1110   1113   1099   1107    323    325    846    831    823    831    836    813    827    171    170    171    172    573    530    552    644    637    634    296    317    305    304    303    316    899    917    902    905    917    927    919    906    220    149    145    115    122    125    118    132    138    737    749    740    729    731    741    730   1094    258    262    262    263    259    260    252    258    260    631    621    638    609    631    613    633    652    293    287    269    534    535    532    542    537    235    221    201    238    234    763    745    754    772    757    760    848    872    861    865    879    867    863    871    839    873    870    651    651    659    653    647    656    653    651    657    890    886    876    863    895    894    899    530    538    536    533    530    665    656  
  241    244   1144   1144   1142   1148    490    484    507    488    491    843    830    830     15     30      0     13     23   1144   1129   1143   1136   1142   1146   1147   1140   1143   1129   1137    326    327    861    845    838    846    851    829    842    195    194    195    197    595    552    574    671    664    661    322    344    331    329    329    342    912    930    915    918    930    940    932    919    207    133    130    103    107    113    103    122    129    756    769    759    748    751    761    750   1122    285    288    288    290    286    287    279    285    287    659    648    665    637    659    640    660    679    318    312    295    530    530    527    539    533    205    191    172    209    205    755    738    746    764    749    752    878    901    891    894    909    897    893    901    868    902    899    638    639    647    640    636    644    640    639    644    912    908    897    885    917    916    921    538    545    543    540    538    688    679  
  249    252   1133   1133   1132   1137    479    473    496    477    480    837    824    824      2     18     13      0     22   1132   1117   1131   1124   1130   1134   1134   1128   1131   1117   1125    321    323    857    841    834    842    847    825    838    186    185    186    188    587    544    566    659    651    648    312    334    321    320    319    332    904    921    906    909    922    932    924    911    210    142    138    110    115    120    111    128    135    745    758    749    737    740    750    739   1109    272    276    276    277    273    274    266    272    274    646    635    653    624    646    627    648    667    306    300    282    534    535    532    543    537    218    204    185    221    218    755    738    746    765    749    752    865    889    878    882    897    884    881    889    856    890    887    641    641    649    643    638    646    643    641    647    904    900    890    878    910    909    914    531    539    537    534    532    676    667  
  229    232   1148   1148   1147   1151    494    488    511    492    496    820    807    808     22     25     23     22      0   1130   1115   1129   1122   1128   1131   1132   1125   1128   1115   1123    342    344    838    823    816    824    829    806    819    174    173    175    177    573    530    552    668    660    657    302    324    311    308    308    322    922    940    925    928    940    951    943    929    229    124    120     91     97    101     93    108    115    761    774    764    753    756    766    755   1116    282    285    285    286    282    284    275    282    284    653    643    661    632    653    636    655    675    317    311    294    513    514    511    522    517    217    204    183    221    217    776    758    767    785    770    773    862    886    875    878    893    882    877    885    853    887    884    660    661    669    662    657    666    662    661    666    890    886    876    863    894    895    899    552    559    557    554    552    689    680  
 1232   1236    968    946    961    948    897    883    902    905    921    816    817    808   1130   1114   1144   1132   1130      0     28      2     21      7     24     13     38     33     15     16   1166   1180    962    964    955    972    960    945    956    982    983    977    971    762    790    768    645    649    648    866    839    858    867    867    846   1141   1164   1158   1154   1142   1158   1171   1150   1252   1202   1196   1168   1185   1175   1181   1167   1168    920    907    911    917    909    919    909    442    913    905    904    897    903    905    911    909    905    619    631    630    637    614    649    616    612    903    899    919   1276   1296   1287   1271   1283   1347   1334   1311   1350   1346   1551   1539   1556   1566   1557   1549    276    257    264    265    248    254    261    259    286    254    257   1555   1541   1556   1545   1530   1541   1544   1541   1553    717    719    707    718    740    706    724   1155   1165   1169   1162   1152    793    789  
 1212   1217    982    961    975    962    893    879    898    900    917    789    790    781   1115   1099   1129   1117   1115     28      0     26      9     21     17     21     19     17     22     12   1157   1172    936    938    929    945    933    919    929    965    966    960    954    738    767    744    644    647    646    848    820    839    848    848    827   1147   1170   1164   1161   1149   1165   1177   1157   1240   1185   1179   1151   1168   1158   1164   1149   1151    924    911    915    920    913    923    912    461    902    894    893    885    892    894    899    898    894    616    628    628    633    611    647    613    610    893    888    908   1253   1273   1264   1247   1260   1331   1318   1295   1334   1331   1548   1536   1553   1563   1554   1546    257    237    245    245    227    235    242    238    267    234    237   1549   1535   1550   1539   1524   1536   1538   1535   1547    690    692    680    691    713    679    697   1151   1162   1166   1159   1149    795    790  
 1230   1235    969    947    962    948    897    883    902    904    921    814    815    806   1129   1113   1143   1131   1129      2     26      0     19      5     22     11     37     31     14     14   1165   1180    961    962    953    970    958    943    954    981    982    976    969    761    789    766    645    649    648    865    837    857    866    866    845   1141   1164   1158   1155   1143   1159   1171   1151   1251   1201   1195   1167   1184   1174   1180   1165   1167    921    908    911    917    909    920    909    443    912    904    903    896    902    904    910    908    904    619    631    630    636    614    649    616    612    902    898    918   1274   1294   1286   1269   1282   1346   1333   1310   1349   1345   1551   1539   1556   1565   1557   1549    275    255    263    264    246    252    260    258    284    253    256   1554   1540   1555   1545   1529   1541   1544   1540   1552    715    717    705    716    738    704    723   1154   1165   1169   1162   1152    793    789  
 1220   1225    981    960    975    961    898    884    903    905    922    797    798    789   1123   1107   1136   1124   1122     21      9     19      0     14     11     13     20     16     20      5   1163   1178    943    945    936    953    941    927    937    973    974    968    961    747    775    752    648    651    651    856    828    847    856    856    835   1149   1172   1166   1163   1151   1167   1179   1159   1247   1193   1186   1159   1176   1166   1172   1157   1158    927    914    918    923    915    926    915    458    909    900    900    892    898    901    906    904    900    621    633    632    638    615    651    618    615    899    894    914   1261   1281   1273   1256   1268   1338   1326   1303   1342   1338   1553   1541   1558   1567   1559   1551    265    245    253    253    235    243    250    246    274    242    245   1554   1540   1555   1545   1529   1541   1544   1540   1552    697    699    687    699    721    686    705   1156   1167   1171   1164   1154    798    793  
 1228   1233    972    951    966    952    898    884    903    905    921    810    811    802   1128   1112   1142   1130   1128      7     21      5     14      0     18      8     32     27     14     10   1165   1180    956    958    949    966    954    939    950    980    980    974    968    757    786    763    647    650    649    863    835    855    864    864    843   1144   1167   1161   1157   1145   1161   1174   1153   1250   1200   1193   1165   1182   1172   1179   1164   1165    923    910    913    919    911    922    911    448    912    904    903    895    902    904    909    908    904    620    632    631    637    615    650    617    613    902    897    918   1271   1291   1283   1266   1279   1344   1331   1309   1348   1344   1552   1540   1557   1567   1558   1550    273    253    261    261    244    250    257    255    282    250    253   1555   1541   1556   1545   1530   1542   1544   1541   1553    711    713    701    712    734    700    718   1155   1166   1170   1163   1153    795    791  
 1229   1233    989    968    983    969    908    894    913    916    932    800    801    792   1132   1116   1146   1134   1131     24     17     22     11     18      0     12     16     10     28     13   1174   1188    946    949    940    956    944    930    940    982    983    977    970    753    782    759    659    662    661    864    837    856    865    865    844   1159   1182   1176   1172   1161   1177   1189   1168   1257   1202   1195   1168   1185   1175   1181   1166   1167    937    924    928    933    926    936    925    465    919    910    910    902    908    911    916    914    910    631    643    642    649    626    662    628    625    909    905    925   1268   1288   1279   1262   1275   1348   1335   1312   1351   1348   1563   1552   1568   1578   1569   1562    273    253    261    261    244    252    258    255    283    250    253   1565   1551   1566   1555   1540   1552   1554   1551   1563    699    702    690    701    723    688    707   1167   1177   1181   1174   1164    808    804  
 1232   1236    979    958    973    959    904    890    909    912    928    809    810    801   1133   1117   1147   1134   1132     13     21     11     13      8     12      0     27     21     21     10   1171   1186    955    957    948    965    953    939    949    984    984    978    972    759    788    765    653    657    656    867    839    859    868    867    846   1151   1174   1168   1165   1153   1169   1181   1161   1256   1204   1197   1170   1187   1177   1183   1168   1169    930    917    921    926    919    929    918    454    918    909    909    901    907    910    915    913    909    627    639    638    644    621    657    624    620    908    903    923   1273   1293   1285   1268   1281   1349   1336   1313   1352   1349   1558   1547   1564   1573   1565   1557    276    256    264    264    247    254    261    258    286    254    257   1561   1547   1562   1552   1536   1548   1551   1547   1559    709    711    699    711    732    698    716   1162   1173   1177   1170   1160    802    798  
 1220   1225   1000    979    993    980    909    895    914    917    933    785    787    778   1127   1110   1140   1128   1125     38     19     37     20     32     16     27      0      6     39     24   1172   1187    932    934    925    942    929    916    926    975    975    970    963    741    771    747    661    664    663    857    829    848    857    857    836   1165   1189   1182   1179   1167   1183   1195   1175   1253   1195   1188   1161   1178   1168   1174   1159   1160    942    929    933    938    931    941    930    478    915    907    906    898    905    907    912    911    907    633    645    645    650    628    663    630    627    906    902    922   1256   1277   1268   1251   1264   1342   1329   1306   1345   1341   1564   1553   1569   1579   1570   1563    266    244    253    252    236    245    250    246    275    242    245   1564   1550   1566   1555   1540   1551   1554   1551   1562    684    687    675    687    708    673    692   1168   1179   1183   1176   1166    812    808  
 1224   1228    996    975    990    977    909    895    915    917    933    791    792    783   1129   1113   1143   1131   1128     33     17     31     16     27     10     21      6      0     35     20   1173   1188    938    940    931    947    935    921    931    978    979    973    966    746    775    752    661    664    663    860    832    851    860    860    839   1164   1187   1180   1177   1165   1181   1193   1173   1255   1198   1191   1164   1181   1171   1177   1162   1163    941    928    932    937    929    940    929    473    917    909    908    900    907    909    914    913    909    633    645    644    650    628    663    630    627    908    903    923   1261   1281   1273   1256   1268   1345   1332   1309   1348   1344   1565   1553   1569   1579   1570   1563    269    248    257    256    239    248    254    250    279    246    249   1565   1551   1566   1556   1540   1552   1555   1551   1563    690    692    681    692    713    679    697   1168   1179   1183   1176   1166    811    807  
 1217   1221    962    941    955    942    884    870    889    892    908    805    806    797   1116   1099   1129   1117   1115     15     22     14     20     14     28     21     39     35      0     16   1151   1166    952    954    945    961    949    934    945    967    968    962    956    749    777    754    633    636    636    852    824    843    852    852    831   1131   1154   1148   1145   1133   1149   1161   1141   1237   1188   1181   1153   1170   1160   1166   1152   1153    910    897    900    906    898    909    898    439    899    890    890    882    889    891    896    894    890    606    618    617    624    601    636    603    599    888    884    904   1262   1282   1273   1257   1269   1332   1319   1296   1335   1331   1538   1527   1543   1553   1544   1536    261    242    250    251    233    239    246    245    271    240    243   1541   1527   1542   1531   1516   1528   1531   1527   1539    707    709    697    708    731    697    715   1142   1152   1156   1149   1139    782    777  
 1222   1226    977    956    971    957    896    882    901    904    920    801    802    793   1123   1107   1137   1125   1123     16     12     14      5     10     13     10     24     20     16      0   1163   1177    947    949    940    956    944    930    941    974    975    969    962    749    778    755    646    650    649    857    829    849    858    857    836   1146   1169   1163   1160   1148   1164   1176   1156   1247   1194   1188   1160   1177   1167   1173   1158   1159    924    911    915    920    913    923    912    454    908    900    899    892    898    900    906    904    900    619    631    630    637    614    650    616    613    899    894    914   1263   1284   1275   1258   1271   1339   1326   1304   1343   1339   1551   1540   1556   1566   1557   1550    266    246    254    254    237    244    251    248    276    244    247   1553   1539   1554   1544   1528   1540   1543   1539   1551    701    703    691    703    725    690    709   1155   1165   1169   1162   1152    796    791  
  564    566    900    905    900    908    304    310    310    297    288   1085   1072   1070    321    323    326    321    342   1166   1157   1165   1163   1165   1174   1171   1172   1173   1151   1163      0     15   1132   1118   1109   1120   1122   1098   1113    447    447    442    437    819    782    798    563    556    555    535    543    541    547    546    548    615    629    614    618    634    641    630    620    184    453    451    428    429    438    426    447    454    511    529    518    505    510    516    510   1018    282    291    292    302    296    292    290    288    292    571    559    568    549    574    543    574    586    276    284    267    855    855    853    864    858    423    404    413    425    422    470    453    466    482    468    467    934    960    947    954    965    947    947    961    926    959    957    406    397    410    401    389    400    400    398    407   1128   1125   1112   1103   1138   1130   1139    220    226    223    221    221    500    495  
  564    566    910    916    910    919    318    325    325    312    303   1094   1081   1080    322    325    327    323    344   1180   1172   1180   1178   1180   1188   1186   1187   1188   1166   1177     15      0   1139   1125   1117   1127   1130   1106   1120    454    453    449    444    828    791    807    577    571    570    544    552    550    556    555    557    622    636    621    625    641    648    637    627    176    452    451    429    429    438    426    448    454    523    540    529    517    522    528    521   1032    294    304    304    315    308    304    303    300    305    586    573    583    564    589    558    589    601    289    297    280    856    856    853    865    859    417    398    408    418    415    460    444    456    472    458    458    948    974    961    968    979    961    962    975    940    973    971    393    385    398    388    377    388    388    385    395   1138   1135   1122   1113   1148   1140   1149    225    230    227    226    226    514    509  
  732    734   1602   1590   1597   1593   1086   1069   1104   1090   1105    147    147    156    856    846    861    857    838    962    936    961    943    956    946    955    932    938    952    947   1132   1139      0     17     23     20     10     34     20    689    690    693    697    347    369    364   1037   1032   1028    602    600    597    589    590    593   1546   1570   1557   1557   1559   1574   1575   1556   1066    798    795    792    805    790    804    775    771   1313   1315   1310   1305   1302   1316   1301   1260    889    882    881    871    876    881    877    883    880    996    997   1015    989    990   1006    994   1012    918    906    910    538    560    552    526    544    967    968    935    970    968   1597   1580   1591   1608   1593   1595    751    753    755    747    763    774    761    749    745    758    756   1496   1496   1504   1497   1491   1500   1497   1495   1502    259    255    264    250    239    271    255   1287   1298   1298   1293   1286   1175   1164  
  715    717   1594   1583   1590   1585   1074   1058   1092   1078   1093    150    148    157    841    831    845    841    823    964    938    962    945    958    949    957    934    940    954    949   1118   1125     17      0     11      8      9     24      9    674    675    678    682    337    358    353   1028   1023   1019    588    587    583    575    576    580   1536   1559   1546   1546   1549   1564   1564   1545   1050    782    779    777    789    774    788    759    755   1303   1305   1300   1295   1292   1306   1291   1257    876    869    868    858    863    868    864    870    867    987    988   1006    980    982    998    986   1004    906    893    897    523    544    537    510    528    951    952    919    954    952   1583   1566   1576   1594   1579   1580    750    753    754    746    762    773    759    748    743    757    755   1481   1480   1489   1482   1476   1485   1482   1480   1486    265    262    269    255    246    277    262   1274   1285   1285   1280   1273   1165   1154  
  711    713   1584   1572   1579   1575   1065   1048   1083   1069   1084    142    139    148    834    823    838    834    816    955    929    953    936    949    940    948    925    931    945    940   1109   1117     23     11      0     17     13     13      4    666    667    670    674    327    348    343   1018   1013   1009    579    578    574    567    568    571   1526   1550   1536   1537   1539   1554   1555   1535   1043    777    773    771    783    768    782    753    749   1293   1295   1290   1285   1282   1296   1281   1247    867    860    859    849    854    859    855    861    858    977    978    996    970    972    987    976    994    897    884    888    522    544    536    510    528    946    947    914    949    947   1575   1558   1569   1586   1571   1572    740    743    744    736    752    763    750    739    733    748    746   1474   1473   1482   1475   1469   1478   1475   1473   1479    258    255    262    247    239    270    256   1265   1276   1276   1271   1264   1155   1144  
  714    716   1600   1588   1595   1591   1078   1062   1096   1082   1097    157    155    164    842    831    846    842    824    972    945    970    953    966    956    965    942    947    961    956   1120   1127     20      8     17      0     15     30     16    675    676    680    684    341    362    358   1033   1029   1025    591    590    586    578    579    582   1540   1564   1550   1551   1553   1568   1569   1550   1051    782    779    777    789    774    788    759    755   1308   1309   1304   1299   1297   1311   1296   1264    879    872    871    861    866    871    867    873    870    993    993   1012    986    987   1003    992   1010    909    896    900    519    540    533    506    524    950    952    919    953    951   1584   1567   1578   1595   1580   1582    757    760    761    753    769    780    766    755    750    764    762   1482   1482   1490   1483   1477   1486   1483   1481   1487    273    269    277    262    253    284    270   1277   1288   1288   1283   1276   1170   1159  
  723    725   1594   1583   1590   1585   1077   1060   1095   1081   1096    145    143    152    847    836    851    847    829    960    933    958    941    954    944    953    929    935    949    944   1122   1130     10      9     13     15      0     25     10    679    680    683    687    339    360    355   1029   1024   1020    592    591    587    579    581    583   1538   1561   1548   1549   1551   1566   1567   1547   1056    789    786    783    795    780    795    766    761   1305   1306   1301   1296   1294   1308   1293   1254    880    873    872    862    867    871    868    874    871    988    989   1007    981    982    998    987   1005    909    897    901    531    553    545    519    537    958    959    926    961    959   1588   1571   1581   1599   1584   1585    747    749    751    742    759    769    756    745    740    754    752   1487   1486   1495   1488   1482   1490   1488   1486   1492    259    255    263    248    239    271    256   1278   1289   1289   1284   1277   1166   1156  
  704    706   1571   1559   1567   1562   1052   1036   1070   1056   1072    133    130    139    824    813    829    825    806    945    919    943    927    939    930    939    916    921    934    930   1098   1106     34     24     13     30     25      0     16    655    656    660    663    314    336    331   1005   1000    996    568    566    563    555    556    559   1513   1537   1524   1524   1526   1541   1542   1523   1033    768    765    762    774    759    773    745    740   1280   1282   1277   1272   1269   1283   1268   1235    855    848    847    837    842    847    843    849    846    964    965    983    957    959    975    963    981    885    872    876    519    541    534    507    525    938    939    906    941    939   1564   1547   1558   1575   1560   1561    729    732    733    725    741    751    738    727    722    736    734   1464   1463   1472   1465   1458   1467   1465   1463   1469    252    248    255    239    234    264    250   1253   1264   1265   1259   1252   1142   1132  
