127

    0     18     29     26     31     16     10      5     22     17     13     17     25     22     11     14     14    786    783    775    771    791    796    776    776    781    788    788    796    784    785    785    301    286    292    292    282    286    303    296    289    295    287    596    608    603    595    581    579    598    587    588    598    606    828    836    810    825    826    328    314   1533   1530   1536   1540   1521   1532   1525   1533   1546   1528   1539   1527   1536   1523   1528   1549    560    566    554    561    563    553    555   1470   1476   1484   1468   1470   1468   1471   1461   1470   1484   1467    469    859    866    854    856    864    849    726    714    726    722    730    726    731    591    589    579    586    583    413    416    409    653    658    661    653    645    668    660    657    659    653  
   18      0     12     14     16     15     13     20     18     20     20      2      7      7     10      8      5    798    795    786    783    802    807    788    787    793    799    800    808    796    796    797    311    297    303    303    292    297    314    306    300    305    298    613    625    619    611    597    596    615    604    605    614    623    845    853    827    843    843    334    319   1551   1548   1554   1558   1539   1550   1543   1551   1564   1546   1557   1545   1554   1541   1545   1567    571    578    566    572    575    565    567   1487   1494   1501   1486   1488   1486   1488   1478   1488   1501   1484    487    876    882    870    872    880    865    744    731    744    739    748    744    749    608    606    596    603    600    398    401    394    668    673    676    668    660    684    676    672    674    668  
   29     12      0     10     17     20     21     31     20     31     26     13      5     14     21     19     17    801    798    789    786    805    810    791    790    796    802    803    811    799    799    800    321    307    313    313    302    308    324    316    311    316    308    620    633    628    619    605    604    623    612    613    622    631    853    862    836    851    852    343    328   1561   1558   1564   1568   1549   1560   1553   1561   1574   1556   1567   1555   1564   1552   1556   1578    574    581    569    576    578    568    571   1496   1503   1510   1495   1497   1495   1497   1488   1497   1511   1494    497    883    890    877    880    888    873    753    740    753    749    757    753    758    616    614    604    612    608    387    390    382    675    679    682    675    667    690    682    678    681    675  
   26     14     10      0     26     13     17     29     11     33     20     15     10     19     22     21     17    791    788    780    777    796    801    781    781    787    793    793    802    789    790    790    324    310    315    315    305    310    327    319    313    318    311    612    625    620    611    597    596    615    604    606    614    623    846    855    829    844    844    348    333   1556   1553   1559   1563   1543   1555   1547   1556   1569   1550   1561   1549   1559   1546   1550   1572    565    572    560    566    569    559    561   1489   1496   1504   1488   1490   1488   1491   1481   1490   1504   1487    491    875    882    869    872    880    865    746    734    747    742    751    746    751    608    607    596    604    600    388    390    383    666    671    674    666    658    681    674    669    672    666  
   31     16     17     26      0     30     28     30     33     23     35     16     16     10     20     18     19    813    810    802    799    818    823    803    803    809    815    815    823    811    812    812    307    293    299    300    289    295    312    302    297    303    295    626    638    633    625    611    609    628    617    618    628    637    858    866    840    855    856    327    312   1561   1558   1564   1568   1548   1560   1553   1561   1574   1556   1567   1555   1564   1551   1555   1577    587    593    581    588    591    580    583   1499   1506   1513   1497   1500   1497   1500   1490   1500   1513   1496    497    889    896    884    886    894    879    755    743    756    751    760    755    760    621    619    609    616    613    397    400    392    683    688    691    683    675    698    690    687    689    683  
   16     15     20     13     30      0      6     20      7     27      7     14     17     21     16     17     14    784    781    772    769    788    793    774    773    779    785    786    794    782    782    783    316    301    307    307    297    301    318    311    304    310    302    601    613    608    600    586    584    603    592    594    603    612    834    842    817    832    832    342    328   1543   1540   1546   1550   1530   1542   1535   1543   1556   1537   1548   1536   1546   1533   1537   1559    557    564    552    559    561    551    553   1477   1484   1491   1476   1477   1476   1478   1468   1478   1491   1474    478    864    870    858    860    868    853    734    721    734    729    738    734    739    596    595    584    592    588    399    402    394    655    660    663    655    647    671    663    659    661    655  
   10     13     21     17     28      6      0     14     13     22      8     12     17     18     11     13     10    786    783    775    772    791    796    777    776    782    788    788    796    784    785    785    310    295    301    301    291    296    312    305    298    304    296    601    613    608    599    585    584    603    592    593    602    611    833    841    816    831    831    336    322   1540   1537   1543   1548   1528   1539   1532   1540   1553   1535   1546   1534   1544   1531   1535   1557    560    566    554    561    563    553    556   1476   1482   1490   1474   1476   1474   1477   1467   1476   1490   1473    476    864    870    858    860    868    853    732    720    732    728    737    732    737    596    594    584    591    588    404    407    399    656    661    664    656    648    672    664    660    662    656  
    5     20     31     29     30     20     14      0     26     13     18     19     26     22     11     13     15    789    786    778    774    794    799    779    779    784    791    791    799    787    787    788    297    282    288    288    278    282    299    292    285    290    283    597    609    603    595    582    580    599    588    589    599    607    828    836    811    826    826    324    310   1532   1529   1535   1540   1520   1531   1524   1532   1545   1527   1538   1526   1536   1523   1527   1549    562    569    557    564    566    556    558   1470   1476   1484   1468   1470   1468   1471   1461   1470   1484   1467    468    860    867    855    857    865    850    726    714    726    722    730    726    731    592    590    579    587    584    416    419    412    654    660    662    654    647    670    662    658    660    655  
   22     18     20     11     33      7     13     26      0     33     11     18     18     25     22     22     19    782    779    770    767    786    791    772    771    777    783    784    792    780    780    781    322    308    313    313    303    308    324    317    310    316    308    602    615    610    601    587    586    605    593    595    604    613    836    844    818    834    834    348    334   1546   1543   1549   1553   1534   1545   1538   1546   1559   1541   1552   1540   1549   1536   1541   1562    555    562    550    557    559    549    551   1479   1486   1493   1478   1480   1478   1480   1471   1480   1493   1477    481    864    871    859    861    869    854    736    724    736    732    741    736    741    598    596    586    594    590    393    396    389    656    660    663    656    648    671    663    659    662    655  
   17     20     31     33     23     27     22     13     33      0     28     19     26     18     12     13     16    801    799    790    787    806    811    792    792    797    803    804    812    800    800    801    291    277    283    283    273    278    294    287    281    286    278    607    619    613    605    592    590    609    598    599    609    617    838    845    820    835    836    316    301   1539   1536   1542   1546   1526   1538   1531   1539   1552   1534   1544   1533   1542   1529   1533   1555    575    581    569    576    578    568    571   1478   1485   1492   1476   1479   1476   1479   1469   1479   1492   1475    476    871    877    865    867    876    860    734    722    735    730    738    734    739    601    600    589    596    594    417    420    412    665    671    674    665    658    681    673    670    671    666  
   13     20     26     20     35      7      8     18     11     28      0     19     23     26     19     20     18    779    776    767    764    783    788    769    769    774    780    781    789    777    777    778    313    299    304    304    294    298    315    309    301    307    299    594    607    602    593    579    578    597    586    587    596    605    828    836    810    826    826    341    327   1536   1533   1539   1544   1524   1535   1528   1537   1549   1531   1542   1530   1540   1527   1531   1553    552    559    547    553    556    546    548   1471   1477   1485   1469   1471   1469   1472   1462   1471   1485   1468    472    857    864    851    854    862    847    727    715    728    723    732    727    732    590    588    578    586    582    404    407    399    649    654    657    649    641    665    657    653    655    649  
   17      2     13     15     16     14     12     19     18     19     19      0      8      7      9      7      4    797    795    786    783    802    807    788    787    793    799    799    807    795    796    796    310    296    302    302    291    297    313    305    299    305    297    612    624    619    610    597    595    614    603    604    614    622    844    852    827    842    842    334    319   1550   1547   1553   1557   1538   1549   1542   1550   1563   1545   1556   1544   1553   1540   1544   1566    571    578    566    572    575    564    567   1486   1493   1500   1485   1487   1485   1487   1478   1487   1500   1483    486    875    881    869    871    880    865    743    730    743    738    747    743    748    607    605    595    602    599    399    402    395    667    673    675    667    660    683    675    671    674    668  
   25      7      5     10     16     17     17     26     18     26     23      8      0     10     16     15     12    799    796    788    785    804    809    789    789    795    801    801    809    797    798    798    317    303    309    309    298    304    320    312    306    312    304    617    630    624    616    602    601    619    608    610    619    628    850    858    832    848    848    339    324   1557   1554   1560   1564   1544   1556   1549   1557   1570   1551   1562   1551   1560   1547   1551   1573    573    580    568    574    577    567    569   1492   1499   1507   1491   1493   1491   1493   1484   1493   1507   1490    493    880    886    874    876    885    870    749    736    749    745    753    749    754    612    611    600    608    605    392    394    387    672    677    679    672    664    687    679    675    678    672  
   22      7     14     19     10     21     18     22     25     18     26      7     10      0     11      9      9    804    801    793    789    809    813    794    794    799    806    806    814    802    802    803    307    293    300    300    289    295    311    303    297    303    295    617    630    624    616    602    601    619    609    610    619    628    849    857    832    847    847    330    315   1554   1551   1557   1561   1541   1553   1546   1554   1567   1548   1559   1547   1557   1544   1548   1570    578    584    572    579    581    571    574   1491   1498   1505   1489   1491   1489   1492   1482   1492   1505   1488    490    881    887    875    877    886    870    747    735    748    743    752    747    752    612    611    600    608    605    399    402    395    674    679    681    674    666    689    681    677    680    674  
   11     10     21     22     20     16     11     11     22     12     19      9     16     11      0      3      5    796    793    785    781    801    805    786    786    791    798    798    806    794    794    795    302    288    294    294    284    289    305    298    292    297    289    607    619    613    605    591    590    609    598    599    609    617    838    847    821    836    837    327    313   1543   1540   1546   1550   1530   1542   1535   1543   1556   1538   1548   1537   1546   1533   1537   1559    569    576    564    571    573    563    565   1480   1487   1494   1478   1481   1478   1481   1471   1481   1494   1477    479    870    877    864    867    875    860    736    724    737    732    741    737    741    602    600    589    597    594    408    410    403    663    669    671    663    656    679    671    667    670    664  
   14      8     19     21     18     17     13     13     22     13     20      7     15      9      3      0      4    798    795    786    783    802    807    788    788    793    799    800    808    796    796    797    303    289    295    295    285    290    306    299    293    298    290    609    621    616    608    594    592    611    600    601    611    619    841    849    823    838    839    327    313   1545   1542   1548   1553   1533   1544   1537   1545   1558   1540   1551   1539   1548   1536   1540   1561    571    578    566    572    575    565    567   1482   1489   1496   1481   1483   1481   1483   1474   1483   1497   1480    481    872    879    867    869    877    862    739    726    739    734    743    739    744    604    602    592    599    596    406    409    401    666    671    674    666    658    681    673    670    672    666  
   14      5     17     17     19     14     10     15     19     16     18      4     12      9      5      4      0    796    793    784    781    800    805    786    786    791    797    798    806    794    794    795    307    293    299    299    288    293    310    302    296    301    294    609    621    615    607    593    592    611    600    601    611    619    841    849    823    839    839    331    317   1546   1543   1549   1554   1534   1545   1538   1546   1559   1541   1552   1540   1549   1537   1541   1563    569    576    564    570    573    563    565   1483   1490   1497   1481   1483   1481   1484   1474   1483   1497   1480    482    872    878    866    868    877    862    739    727    740    735    743    739    744    604    602    592    599    596    403    406    398    665    670    673    665    657    680    672    669    671    665  
  786    798    801    791    813    784    786    789    782    801    779    797    799    804    796    798    796      0     16     14     16     15     20     18     29      7     14     17     12     14     10     12    922    910    906    904    906    892    899    917    897    901    900    371    390    401    390    384    394    396    378    406    374    389    467    484    469    479    469    995    995   1183   1177   1187   1187   1176   1180   1177   1182   1198   1176   1186   1179   1188   1169   1177   1198    227    221    232    226    224    234    231    987    997   1007    999    988    992    995    984    992   1001    995    575    373    374    358    372    366    378    519    515    519    520    525    518    519    405    405    407    419    401    937    939    934    273    251    255    276    266    251    269    255    270    261  
  783    795    798    788    810    781    783    786    779    799    776    795    796    801    793    795    793     16      0     12     15      8     13      7     14     11      5      5     17      2      6      4    924    912    908    906    908    894    901    919    899    903    902    380    399    411    399    393    403    405    387    415    383    399    481    498    482    493    483    997    997   1198   1192   1202   1202   1191   1195   1192   1197   1213   1192   1202   1194   1203   1184   1192   1213    225    219    231    224    222    232    229   1002   1012   1022   1014   1002   1007   1010    999   1007   1016   1009    582    387    388    373    387    381    393    531    527    531    532    537    530    531    414    414    416    428    410    928    930    925    283    261    265    286    275    262    279    265    280    271  
  775    786    789    780    802    772    775    778    770    790    767    786    788    793    785    786    784     14     12      0      4     17     23      7     19      8     15     16     22     12     10     12    914    901    898    895    897    884    891    908    889    893    892    369    388    400    388    382    392    394    376    404    372    388    472    489    474    484    474    986    987   1193   1186   1196   1196   1186   1190   1186   1192   1208   1186   1196   1189   1198   1179   1187   1208    216    210    222    215    213    223    220    998   1008   1018   1010    999   1004   1006    996   1003   1012   1006    571    380    381    366    380    374    385    521    517    521    522    527    520    521    403    403    405    417    399    923    926    920    272    250    254    275    264    251    268    255    270    260  
  771    783    786    777    799    769    772    774    767    787    764    783    785    789    781    783    781     16     15      4      0     21     27     11     22     10     19     20     25     15     14     15    910    898    894    892    894    880    887    905    885    889    888    366    385    396    384    378    388    390    372    401    368    384    470    487    471    481    472    983    983   1191   1185   1195   1195   1184   1188   1185   1191   1207   1185   1195   1187   1196   1178   1185   1206    212    207    218    211    209    219    217    998   1008   1017   1009    998   1003   1006    995   1003   1012   1005    567    378    379    364    378    372    383    518    514    518    519    524    517    518    400    400    401    413    395    921    924    918    269    247    251    272    261    248    265    251    266    256  
  791    802    805    796    818    788    791    794    786    806    783    802    804    809    801    802    800     15      8     17     21      0      7     15     20     13      4      4     11      7      8      6    931    918    915    912    914    901    908    925    905    910    909    384    403    415    403    397    407    409    391    419    387    402    481    498    483    493    483   1003   1003   1195   1189   1199   1199   1189   1192   1189   1194   1210   1189   1199   1191   1200   1181   1189   1210    232    227    238    231    229    239    236    998   1008   1017   1010    998   1003   1006    995   1003   1011   1005    587    386    387    371    386    379    392    533    529    533    534    539    532    533    418    418    420    432    414    936    938    933    286    264    268    289    279    265    282    269    283    274  
  796    807    810    801    823    793    796    799    791    811    788    807    809    813    805    807    805     20     13     23     27      7      0     20     22     19      9      8     13     12     14     12    936    924    921    918    920    906    914    931    911    916    915    391    409    421    409    403    413    415    397    425    393    409    486    503    488    498    488   1009   1009   1199   1192   1202   1202   1192   1195   1192   1198   1214   1192   1202   1195   1203   1185   1193   1213    237    232    243    236    234    244    241   1000   1010   1020   1012   1000   1005   1008    997   1005   1014   1008    593    391    391    376    390    384    396    539    535    539    540    545    537    538    424    424    426    438    420    938    940    935    293    270    274    295    285    271    288    275    290    280  
  776    788    791    781    803    774    777    779    772    792    769    788    789    794    786    788    786     18      7      7     11     15     20      0     13     11     12     12     23      9     10     10    917    905    902    899    901    887    895    912    892    897    896    376    395    406    394    388    398    400    382    410    378    394    479    496    481    491    481    990    990   1199   1193   1203   1203   1192   1196   1193   1198   1214   1192   1202   1195   1204   1185   1193   1214    218    212    224    217    215    225    222   1004   1014   1024   1016   1005   1009   1012   1001   1009   1018   1012    576    387    388    372    386    381    392    528    524    528    529    534    527    528    409    410    411    423    405    922    924    919    279    257    261    282    271    258    275    261    276    266  
  776    787    790    781    803    773    776    779    771    792    769    787    789    794    786    788    786     29     14     19     22     20     22     13      0     23     18     17     30     16     20     18    921    908    905    903    904    891    899    916    896    900    899    384    404    415    403    397    407    409    391    419    387    403    491    508    492    503    493    993    993   1211   1205   1214   1215   1204   1208   1205   1210   1226   1204   1214   1207   1216   1197   1205   1226    218    214    224    217    216    226    223   1015   1025   1035   1027   1016   1021   1023   1013   1020   1029   1023    583    399    400    384    398    393    404    539    535    538    540    545    537    538    418    418    419    432    414    916    919    913    288    266    271    291    280    268    285    271    286    276  
  781    793    796    787    809    779    782    784    777    797    774    793    795    799    791    793    791      7     11      8     10     13     19     11     23      0     11     13     15      9      6      8    919    907    903    901    903    889    896    914    894    898    897    372    390    402    390    385    395    396    378    407    374    390    471    488    472    483    473    992    992   1189   1182   1192   1192   1182   1186   1182   1188   1204   1182   1192   1185   1194   1175   1183   1204    222    217    228    221    219    229    227    993   1003   1013   1005    994    999   1001    991    998   1007   1001    575    378    379    363    377    371    383    521    518    521    522    528    520    521    406    406    407    419    401    931    933    928    274    252    256    277    266    253    270    256    271    262  
  788    799    802    793    815    785    788    791    783    803    780    799    801    806    798    799    797     14      5     15     19      4      9     12     18     11      0      3     13      4      6      4    928    916    912    910    912    898    905    923    903    907    906    382    401    413    401    395    405    407    389    417    385    401    480    498    482    492    482   1001   1001   1196   1190   1200   1200   1189   1193   1190   1195   1211   1190   1199   1192   1201   1182   1190   1211    229    224    235    228    226    236    233    999   1009   1019   1011   1000   1004   1007    996   1004   1013   1007    585    386    387    372    386    380    392    532    528    532    533    538    531    532    416    416    418    430    412    933    935    930    285    263    267    288    277    263    281    267    282    272  
  788    800    803    793    815    786    788    791    784    804    781    799    801    806    798    800    798     17      5     16     20      4      8     12     17     13      3      0     14      5      8      6    929    917    913    911    913    899    906    924    904    908    907    384    403    415    403    397    407    409    391    419    387    403    483    500    485    495    485   1002   1002   1198   1192   1202   1202   1192   1195   1192   1198   1213   1192   1202   1194   1203   1185   1192   1213    229    224    235    229    227    237    234   1001   1011   1021   1013   1002   1006   1009    998   1006   1015   1009    587    389    390    374    388    382    394    534    530    534    535    540    533    534    418    418    420    432    414    932    934    929    287    265    269    290    279    265    283    269    284    274  
  796    808    811    802    823    794    796    799    792    812    789    807    809    814    806    808    806     12     17     22     25     11     13     23     30     15     13     14      0     15     13     13    933    921    917    915    917    903    910    928    908    912    911    382    400    412    400    395    405    406    389    416    384    400    473    491    476    486    476   1006   1006   1186   1179   1189   1189   1179   1183   1180   1185   1201   1179   1189   1182   1191   1172   1180   1201    237    231    243    236    234    244    241    988    998   1007   1000    988    993    996    985    993   1001    995    586    378    379    363    377    371    384    528    524    528    529    534    526    527    415    416    417    429    411    944    947    941    283    261    265    286    276    261    278    265    280    271  
  784    796    799    789    811    782    784    787    780    800    777    795    797    802    794    796    794     14      2     12     15      7     12      9     16      9      4      5     15      0      4      3    925    912    909    906    908    894    902    919    899    904    903    380    399    411    399    393    403    405    387    415    382    398    479    497    481    491    482    997    997   1197   1190   1200   1200   1190   1193   1190   1196   1212   1190   1200   1192   1201   1183   1191   1211    225    220    231    225    223    233    230   1000   1010   1020   1012   1001   1005   1008    997   1005   1014   1008    582    386    387    371    385    379    391    530    526    530    531    536    529    530    414    414    415    427    409    930    932    927    283    260    264    285    275    261    278    265    280    270  
  785    796    799    790    812    782    785    787    780    800    777    796    798    802    794    796    794     10      6     10     14      8     14     10     20      6      6      8     13      4      0      3    923    911    908    905    907    893    901    918    898    903    902    377    396    408    396    390    400    402    384    412    380    395    476    493    477    488    478    996    996   1193   1186   1196   1196   1186   1189   1186   1192   1208   1186   1196   1189   1197   1179   1187   1207    226    220    231    225    222    233    230    996   1006   1016   1008    997   1002   1004    994   1001   1010   1004    580    382    383    367    382    375    387    527    523    527    528    533    526    526    411    411    412    425    407    932    934    929    279    257    261    282    272    258    275    262    277    267  
  785    797    800    790    812    783    785    788    781    801    778    796    798    803    795    797    795     12      4     12     15      6     12     10     18      8      4      6     13      3      3      0    925    912    909    907    909    895    902    920    900    904    903    379    398    410    398    392    402    404    386    414    382    398    478    495    480    490    480    997    998   1195   1188   1198   1198   1188   1191   1188   1194   1210   1188   1198   1190   1199   1181   1189   1209    226    221    232    225    223    233    231    998   1008   1018   1010    999   1003   1006    995   1003   1012   1006    582    384    385    370    384    378    390    529    525    529    530    535    528    529    413    413    414    427    409    931    934    928    282    259    264    285    274    260    277    264    279    269  
  301    311    321    324    307    316    310    297    322    291    313    310    317    307    302    303    307    922    924    914    910    931    936    917    921    919    928    929    933    925    923    925      0     16     16     19     21     31     29      6     26     22     22    622    622    612    612    604    598    611    612    599    622    621    799    801    779    792    796     79     89   1398   1396   1400   1406   1384   1398   1390   1398   1409   1393   1404   1391   1400   1390   1393   1414    711    712    703    711    711    702    706   1390   1395   1400   1383   1390   1385   1388   1379   1389   1403   1383    416    869    876    868    865    877    856    672    661    672    667    673    672    677    601    600    591    591    597    697    699    692    711    725    725    709    708    732    719    722    717    716  
  286    297    307    310    293    301    295    282    308    277    299    296    303    293    288    289    293    910    912    901    898    918    924    905    908    907    916    917    921    912    911    912     16      0     10     13      5     22     29     10     18     18     12    613    614    604    603    595    589    603    603    590    613    612    793    795    773    786    790     88     95   1399   1397   1401   1407   1385   1399   1390   1399   1410   1394   1405   1392   1401   1391   1394   1415    698    699    690    697    698    689    693   1387   1392   1398   1381   1388   1383   1386   1377   1386   1401   1381    409    861    868    861    858    869    848    666    655    667    662    668    667    672    593    591    583    582    589    684    686    679    701    714    715    699    698    722    709    711    707    706  
  292    303    313    315    299    307    301    288    313    283    304    302    309    300    294    295    299    906    908    898    894    915    921    902    905    903    912    913    917    909    908    909     16     10      0      3     13     15     19     11     10      8      7    607    607    597    597    589    583    596    597    584    607    606    785    788    766    778    783     94    102   1389   1388   1392   1397   1376   1389   1381   1390   1400   1384   1395   1382   1392   1381   1384   1405    696    696    688    695    695    686    690   1378   1383   1389   1372   1379   1374   1377   1368   1377   1392   1372    402    854    861    854    851    862    841    658    647    659    653    660    659    664    586    585    576    576    582    691    694    687    695    709    709    694    693    717    703    706    701    701  
  292    303    313    315    300    307    301    288    313    283    304    302    309    300    294    295    299    904    906    895    892    912    918    899    903    901    910    911    915    906    905    907     19     13      3      0     14     12     17     14      7      6      5    604    604    594    594    586    580    594    594    581    604    603    782    785    763    775    780     97    105   1387   1385   1389   1395   1373   1386   1378   1387   1398   1382   1393   1380   1389   1379   1382   1402    693    694    685    692    693    684    688   1376   1381   1386   1369   1376   1371   1374   1365   1375   1389   1369    399    852    858    851    848    859    838    656    644    656    651    657    656    661    583    582    573    573    580    692    694    687    692    706    707    691    690    714    700    703    698    698  
  282    292    302    305    289    297    291    278    303    273    294    291    298    289    284    285    288    906    908    897    894    914    920    901    904    903    912    913    917    908    907    909     21      5     13     14      0     20     30     15     18     19     12    610    611    601    600    592    586    600    600    588    610    610    791    794    772    784    789     91     97   1399   1398   1402   1407   1386   1399   1391   1400   1411   1394   1405   1392   1402   1391   1394   1415    694    695    686    693    694    685    689   1387   1392   1398   1380   1387   1383   1385   1376   1386   1400   1380    407    859    866    858    856    867    846    665    654    665    660    667    666    670    590    589    580    580    586    680    682    675    698    711    711    696    695    719    705    708    704    703  
  286    297    308    310    295    301    296    282    308    278    298    297    304    295    289    290    293    892    894    884    880    901    906    887    891    889    898    899    903    894    893    895     31     22     15     12     20      0     17     26      5     11     10    593    593    583    582    575    569    582    583    570    593    592    772    774    752    765    769    108    116   1380   1378   1382   1388   1366   1380   1371   1380   1391   1375   1386   1373   1382   1372   1375   1396    682    682    674    681    681    672    676   1367   1372   1378   1360   1367   1363   1365   1356   1366   1380   1360    388    841    847    840    837    848    827    645    634    646    641    647    646    651    572    571    562    562    568    689    691    684    681    695    695    680    678    702    689    692    687    687  
  303    314    324    327    312    318    312    299    324    294    315    313    320    311    305    306    310    899    901    891    887    908    914    895    899    896    905    906    910    902    901    902     29     29     19     17     30     17      0     27     15     12     19    595    595    585    584    577    571    584    585    571    595    594    771    772    751    763    768    107    117   1371   1369   1373   1379   1357   1371   1363   1371   1382   1366   1377   1364   1373   1363   1366   1387    690    691    682    690    690    681    685   1361   1366   1372   1354   1362   1357   1359   1351   1360   1375   1354    388    841    848    840    837    849    828    643    632    643    638    645    644    648    574    573    564    563    570    705    708    700    685    699    699    683    683    707    692    696    691    691  
  296    306    316    319    302    311    305    292    317    287    309    305    312    303    298    299    302    917    919    908    905    925    931    912    916    914    923    924    928    919    918    920      6     10     11     14     15     26     27      0     21     18     17    618    618    608    607    600    594    607    608    594    618    617    796    798    776    788    793     83     92   1397   1395   1399   1405   1383   1397   1388   1397   1408   1392   1403   1390   1399   1389   1392   1412    706    707    698    705    705    697    700   1387   1392   1398   1381   1388   1383   1385   1377   1386   1401   1381    412    865    872    864    861    873    852    668    657    669    663    670    669    674    597    596    587    587    593    693    695    688    706    720    720    705    704    728    714    717    712    712  
  289    300    311    313    297    304    298    285    310    281    301    299    306    297    292    293    296    897    899    889    885    905    911    892    896    894    903    904    908    899    898    900     26     18     10      7     18      5     15     21      0      6      6    597    598    587    587    579    573    587    587    574    597    596    776    778    756    769    773    103    112   1382   1380   1385   1390   1368   1382   1374   1382   1393   1377   1388   1375   1384   1374   1377   1398    686    687    678    686    686    677    681   1370   1375   1381   1364   1370   1366   1368   1360   1369   1383   1363    392    845    852    844    841    853    832    649    638    650    644    651    650    655    577    575    566    566    573    691    693    686    686    699    700    684    683    707    693    696    692    691  
  295    305    316    318    303    310    304    290    316    286    307    305    312    303    297    298    301    901    903    893    889    910    916    897    900    898    907    908    912    904    903    904     22     18      8      6     19     11     12     18      6      0      9    600    601    590    590    582    576    590    590    577    600    599    778    780    758    771    775    101    110   1381   1380   1384   1389   1368   1381   1373   1382   1393   1377   1387   1375   1384   1374   1376   1397    691    692    683    690    691    682    686   1371   1376   1381   1364   1371   1366   1369   1360   1369   1384   1364    395    847    854    847    844    855    834    651    640    651    646    653    651    656    580    578    570    569    576    695    698    691    689    703    703    688    687    711    697    700    695    695  
  287    298    308    311    295    302    296    283    308    278    299    297    304    295    289    290    294    900    902    892    888    909    915    896    899    897    906    907    911    903    902    903     22     12      7      5     12     10     19     17      6      9      0    602    602    592    592    584    578    591    592    579    602    601    781    784    762    774    778     99    106   1388   1386   1390   1396   1374   1387   1379   1388   1399   1383   1394   1381   1390   1380   1383   1403    689    690    681    689    689    680    684   1376   1381   1387   1369   1376   1371   1374   1365   1375   1389   1369    398    850    857    849    846    858    837    655    644    655    650    656    655    660    581    580    571    571    577    688    690    683    690    704    704    689    687    711    698    701    696    695  
  596    613    620    612    626    601    601    597    602    607    594    612    617    617    607    609    609    371    380    369    366    384    391    376    384    372    382    384    382    380    377    379    622    613    607    604    610    593    595    618    597    600    602      0     26     34     19     18     26     26     10     35      4     24    246    258    232    248    245    700    706   1009   1004   1012   1015    998   1007   1001   1008   1023   1003   1013   1003   1013    997   1003   1025    274    263    266    270    265    266    270    895    903    911    897    895    895    898    887    897    909    895    221    264    271    259    261    270    253    198    188    198    196    204    197    200     34     34     37     48     31    898    901    894    103    123    120    100    107    126    109    119    107    113  
