87

    0    103     38     76     68     27     73     51     36     76     22     42     15     45     38    109     36     50     38      5     39     63     31    114     52     56     65    695    745    796    648    736    766    706    869    930    870    870    948    881    998    926    916    868    848    877    884    918    902    903    843    810    864    873    805    851    881    868    799    844    839    894    937    875    857    867    893    887    897    884    860    958    915    829    890    900    948    890    837    877    908    906    962    332    331    349    337  
  103      0     65     28     36    123     69     93    108    177     83     62    111    130     89    123    130     53     74    105     68    159     73     27    149     48     55    599    650    699    549    639    670    610    830    898    839    830    918    842    961    891    887    769    751    777    784    820    801    805    746    712    770    773    709    755    785    771    702    747    741    796    837    777    757    769    795    790    801    786    761    860    815    735    790    804    850    791    739    780    811    808    864    281    266    291    292  
   38     65      0     39     30     59     54     47     50    113     22      4     48     72     39    105     69     12     24     41     11     98     11     79     86     18     39    658    708    760    610    699    729    670    851    914    855    852    933    863    981    910    902    830    811    839    847    881    864    866    806    773    828    836    768    815    844    831    762    807    802    857    899    838    819    830    856    850    860    847    822    921    877    793    852    863    911    853    800    840    871    869    924    312    306    327    319  
   76     28     39      0     18     98     47     76     87    150     57     36     87    102     61    104    102     29     47     79     45    132     49     40    125     26     30    626    677    727    576    667    697    637    846    912    853    846    932    858    977    906    900    797    779    805    812    848    829    832    774    739    797    800    736    782    812    798    729    774    768    823    865    804    784    797    822    817    829    813    789    888    843    762    817    831    878    818    767    808    838    835    891    285    275    298    294  
   68     36     30     18      0     87     59     60     73    143     51     27     76    100     62    116     98     19     46     70     32    128     38     55    114     13     40    628    679    730    581    670    700    640    835    900    840    835    920    847    965    895    888    801    782    809    817    851    834    836    776    743    799    806    739    785    815    801    733    777    772    827    869    808    789    800    826    820    831    817    793    891    847    764    822    834    881    823    770    810    842    839    895    303    292    315    312  
   27    123     59     98     87      0    100     49     25     65     48     63     13     59     64    133     45     70     64     23     55     63     50    138     27     75     91    706    756    809    662    749    779    719    860    918    859    861    936    871    988    916    905    881    861    891    899    930    917    916    855    824    875    889    816    864    892    881    812    856    852    908    951    888    872    881    907    899    908    897    873    970    929    840    905    911    961    905    849    889    921    919    975    359    358    376    363  
   73     69     54     47     59    100      0    100    100    132     53     53     87     75     39     57     82     52     37     78     65    108     62     63    124     56     19    662    714    762    610    702    732    673    893    958    899    893    978    904   1023    953    946    831    814    836    843    882    859    866    809    773    834    831    772    817    848    832    764    809    802    857    897    838    816    830    855    852    865    848    822    922    874    799    847    867    912    850    801    843    873    869    925    261    258    277    267  
   51     93     47     76     60     49    100      0     25    114     55     48     45     96     78    149     85     52     67     49     36    109     39    115     70     52     85    661    709    763    617    703    733    673    818    879    819    819    897    830    947    876    866    836    815    847    855    885    874    870    809    779    828    845    770    818    846    836    767    811    807    862    906    842    828    836    862    854    861    851    828    925    885    794    862    865    915    861    804    843    876    874    929    358    350    372    365  
   36    108     50     87     73     25    100     25      0     90     48     53     25     78     70    142     66     59     64     32     43     87     40    127     46     62     87    684    733    787    640    727    756    696    837    897    837    839    915    849    966    894    883    859    838    870    878    908    896    894    832    803    852    868    794    841    870    859    790    834    830    886    930    866    851    859    886    877    885    875    851    948    908    818    885    889    939    884    827    867    899    897    953    361    356    376    366  
   76    177    113    150    143     65    132    114     90      0     94    116     72     58     95    139     50    125    105     74    114     28    106    185     51    131    132    769    819    871    723    811    841    781    917    972    913    919    989    928   1043    971    958    943    923    952    959    993    977    978    917    886    938    948    879    926    955    943    874    919    914    969   1012    950    932    942    968    962    971    959    935   1033    990    904    965    974   1023    965    911    952    983    981   1037    371    379    392    371  
   22     83     22     57     51     48     53     55     48     94      0     24     35     52     24     96     48     32     17     26     27     77     20     94     73     39     44    679    729    780    631    720    750    690    868    930    871    869    949    880    998    926    918    851    832    859    867    901    884    886    827    794    849    856    789    835    865    852    783    828    822    877    919    858    839    851    876    871    881    867    843    942    897    814    872    884    931    873    820    861    892    889    945    314    311    330    319  
   42     62      4     36     27     63     53     48     53    116     24      0     51     75     40    105     72      9     25     44     13    101     13     76     89     15     37    655    705    756    607    696    726    667    850    913    854    850    932    862    980    909    901    827    808    836    843    878    861    863    803    770    825    833    765    812    841    828    759    804    799    854    896    835    816    827    853    847    857    844    819    918    874    790    849    860    908    850    797    837    868    865    921    311    304    325    318  
   15    111     48     87     76     13     87     45     25     72     35     51      0     54     53    123     41     59     52     11     45     65     39    126     39     64     78    699    748    801    653    741    770    711    861    921    861    863    939    873    990    918    908    872    852    882    890    922    908    907    847    816    868    879    809    856    884    873    804    848    844    899    942    879    863    872    898    891    900    888    864    962    920    833    896    903    952    896    841    881    913    910    966    347    345    364    352  
   45    130     72    102    100     59     75     96     78     58     52     75     54      0     42     84     16     82     56     48     78     33     70    133     70     89     79    727    778    828    678    768    798    739    913    974    914    915    992    925   1042    971    961    898    880    906    913    949    930    934    875    841    898    901    838    884    914    900    831    876    870    925    966    906    885    898    923    919    930    915    890    989    944    863    918    933    979    919    868    909    940    937    993    317    322    336    318  
   38     89     39     61     62     64     39     78     70     95     24     40     53     42      0     73     45     46     17     42     48     73     42     92     86     53     38    687    738    787    637    728    758    698    889    952    892    890    971    901   1019    948    940    857    839    865    871    908    888    893    834    800    858    860    797    843    873    859    790    835    829    884    925    865    844    857    882    878    889    874    849    949    903    823    877    892    938    878    827    868    899    895    951    295    295    312    300  
  109    123    105    104    116    133     57    149    142    139     96    105    123     84     73      0     98    107     83    113    116    112    111    109    151    112     76    703    756    800    647    742    772    713    950   1015    955    949   1035    961   1080   1010   1003    868    852    871    876    920    892    903    848    809    876    864    812    856    888    870    802    848    839    893    931    876    849    867    891    891    905    885    859    960    909    840    880    907    949    884    840    882    910    906    961    233    241    253    234  
   36    130     69    102     98     45     82     85     66     50     48     72     41     16     45     98      0     80     57     37     72     30     64    136     55     86     82    726    777    827    678    767    797    738    902    962    902    903    980    914   1031    959    948    898    879    906    913    949    931    933    874    841    896    902    836    883    912    899    830    875    869    925    966    905    886    898    923    918    928    914    890    989    944    861    919    931    979    920    867    908    939    936    992    330    333    349    332  
   50     53     12     29     19     70     52     52     59    125     32      9     59     82     46    107     80      0     30     52     17    109     21     68     97      7     35    647    698    748    599    688    718    659    846    910    851    847    929    858    976    905    898    819    800    828    835    870    853    854    795    762    817    824    757    804    833    820    751    796    791    846    888    826    808    819    845    839    849    836    811    910    866    782    841    852    900    841    789    829    860    857    913    307    299    321    314  
   38     74     24     47     46     64     37     67     64    105     17     25     52     56     17     83     57     30      0     42     34     86     29     80     89     36     28    672    723    773    622    713    743    683    874    938    878    875    957    886   1004    933    925    843    825    851    858    894    875    878    819    785    843    846    782    828    858    844    775    820    814    869    911    850    830    843    868    863    874    859    835    934    889    807    863    877    924    864    813    854    884    881    937    297    294    313    303  
    5    105     41     79     70     23     78     49     32     74     26     44     11     48     42    113     37     52     42      0     40     63     33    118     48     58     69    696    746    798    649    737    767    707    866    927    867    867    945    878    995    923    913    869    849    878    886    919    903    904    844    812    865    875    806    852    882    869    801    845    840    895    938    876    859    869    895    888    897    885    861    959    916    830    892    901    949    892    838    878    910    907    963    337    335    354    341  
   39     68     11     45     32     55     65     36     43    114     27     13     45     78     48    116     72     17     34     40      0    101      8     85     82     20     49    656    706    758    610    698    728    668    842    905    845    843    924    854    972    900    892    829    810    839    847    880    864    865    804    772    826    836    766    813    842    830    761    806    801    856    899    837    819    829    855    849    858    846    822    920    877    791    852    861    910    853    798    839    870    868    923    323    316    337    330  
   63    159     98    132    128     63    108    109     87     28     77    101     65     33     73    112     30    109     86     63    101      0     93    165     60    116    110    755    806    857    707    797    827    767    923    980    921    924    998    934   1050    978    967    928    909    936    943    978    960    963    903    870    926    932    866    912    942    928    860    904    899    954    996    935    915    927    953    947    958    944    919   1018    974    891    948    961   1008    949    897    937    969    966   1022    344    351    364    344  
   31     73     11     49     38     50     62     39     40    106     20     13     39     70     42    111     64     21     29     33      8     93      0     89     77     26     48    664    714    765    617    705    735    675    849    911    852    850    930    860    979    907    899    837    817    846    853    887    871    872    812    780    833    843    774    820    850    837    768    813    808    863    906    844    826    836    862    856    866    853    829    927    884    799    859    869    917    859    806    846    877    875    931    322    316    337    328  
  114     27     79     40     55    138     63    115    127    185     94     76    126    133     92    109    136     68     80    118     85    165     89      0    164     65     55    600    652    700    548    640    670    611    851    920    861    850    941    863    983    913    909    769    752    775    781    820    798    804    747    711    772    770    710    755    786    770    702    747    740    795    835    776    754    768    793    790    803    785    760    860    813    737    786    805    850    788    739    781    811    807    863    255    240    265    266  
   52    149     86    125    114     27    124     70     46     51     73     89     39     70     86    151     55     97     89     48     82     60     77    164      0    102    116    730    779    833    686    772    802    742    867    923    863    869    940    878    994    921    909    905    884    916    924    954    942    940    878    848    898    914    840    887    915    905    836    880    876    932    975    912    897    905    931    923    931    921    897    994    954    863    930    934    985    930    873    912    945    943    999    380    381    398    383  
   56     48     18     26     13     75     56     52     62    131     39     15     64     89     53    112     86      7     36     58     20    116     26     65    102      0     38    640    691    742    593    682    712    652    840    905    845    841    924    852    971    900    892    813    794    821    829    863    846    848    788    756    811    818    751    797    827    814    745    789    784    839    882    820    802    813    838    832    843    829    805    903    860    776    835    846    893    835    782    822    854    851    907    308    299    321    316  
   65     55     39     30     40     91     19     85     87    132     44     37     78     79     38     76     82     35     28     69     49    110     48     55    116     38      0    652    704    752    601    692    723    663    874    940    880    874    959    886   1005    934    928    822    804    828    835    873    852    857    799    764    824    824    762    808    838    823    754    800    793    848    889    829    808    821    846    843    855    838    813    913    866    788    840    857    903    842    792    833    864    860    916    275    269    289    281  
  695    599    658    626    628    706    662    661    684    769    679    655    699    727    687    703    726    647    672    696    656    755    664    600    730    640    652      0     55    105     75     45     74     17    631    724    686    621    753    641    740    699    727    180    155    203    218    225    241    213    149    130    174    213    111    158    187    178    111    151    152    207    257    185    193    181    210    194    203    193    174    265    239    138    230    206    257    218    145    183    217    217    271    663    613    643    687  
  745    650    708    677    679    756    714    709    733    819    729    705    748    778    738    756    777    698    723    746    706    806    714    652    779    691    704     55      0     70    127     41     44     52    618    711    676    607    739    627    721    684    715    144    113    177    194    182    218    172    103    107    121    194     64    114    138    139     81    110    119    170    223    146    173    147    176    150    153    154    141    221    209     85    209    157    214    192    106    137    174    178    229    718    667    697    742  
  796    699    760    727    730    809    762    763    787    871    780    756    801    828    787    800    827    748    773    798    758    857    765    700    833    742    752    105     70      0    155     61     32     91    677    769    736    665    797    685    774    741    774     76     52    107    125    122    149    108     50     40     92    125     29     57     91     74     13     48     49    103    155     81    105     78    107     91    110     89     72    162    140     61    140    108    153    122     41     82    113    113    167    744    694    722    768  
  648    549    610    576    581    662    610    617    640    723    631    607    653    678    637    647    678    599    622    649    610    707    617    548    686    593    601     75    127    155      0     99    128     76    682    775    733    673    803    692    796    751    776    221    206    230    240    274    260    257    204    163    238    231    171    211    244    223    155    201    193    247    290    229    213    221    246    244    263    238    213    313    269    202    248    262    302    245    193    236    264    259    315    593    543    572    617  
  736    639    699    667    670    749    702    703    727    811    720    696    741    768    728    742    767    688    713    737    698    797    705    640    772    682    692     45     41     61     99      0     31     31    655    748    712    644    777    664    760    722    752    135    112    159    174    182    197    169    107     85    139    170     72    116    147    134     66    108    107    162    212    141    150    137    165    151    165    149    129    222    195    103    187    166    213    174    101    141    173    172    227    692    642    671    716  
  766    670    729    697    700    779    732    733    756    841    750    726    770    798    758    772    797    718    743    767    728    827    735    670    802    712    723     74     44     32    128     31      0     60    660    752    718    648    781    668    761    726    757    107     83    135    152    153    176    140     77     63    111    151     43     86    117    105     39     78     80    134    186    112    130    109    138    121    136    120    103    193    170     76    166    136    184    151     72    111    144    144    198    720    670    699    744  
  706    610    670    637    640    719    673    673    696    781    690    667    711    739    698    713    738    659    683    707    668    767    675    611    742    652    663     17     52     91     76     31     60      0    645    738    700    635    767    655    753    713    741    165    142    187    201    212    224    199    137    114    166    197    100    146    176    164     96    138    137    192    241    171    176    166    195    181    193    180    159    252    223    129    213    195    243    202    131    171    203    203    258    667    617    647    692  
  869    830    851    846    835    860    893    818    837    917    868    850    861    913    889    950    902    846    874    866    842    923    849    851    867    840    874    631    618    677    682    655    660    645      0     93     69     15    122     12    133     71     98    726    690    772    792    728    815    734    675    716    641    797    653    686    676    715    689    691    714    743    793    722    778    732    755    707    671    724    731    747    792    639    809    686    752    785    693    692    727    742    766   1060   1020   1054   1080  
  930    898    914    912    900    918    958    879    897    972    930    913    921    974    952   1015    962    910    938    927    905    980    911    920    923    905    940    724    711    769    775    748    752    738     93      0     60    105     29     84     82     32     21    817    781    863    883    816    906    824    766    808    731    889    745    776    766    806    781    782    805    833    883    812    870    823    846    796    760    814    822    834    882    730    900    775    840    875    784    782    816    832    854   1137   1099   1132   1156  
  870    839    855    853    840    859    899    819    837    913    871    854    861    914    892    955    902    851    878    867    845    921    852    861    863    845    880    686    676    736    733    712    718    700     69     60      0     83     81     68    136     65     49    788    752    833    853    791    877    798    737    776    705    858    713    748    740    778    749    752    775    806    857    784    839    794    818    770    735    786    792    812    854    700    870    750    816    846    754    755    791    805    831   1079   1041   1075   1098  
  870    830    852    846    835    861    893    819    839    919    869    850    863    915    890    949    903    847    875    867    843    924    850    850    869    841    874    621    607    665    673    644    648    635     15    105     83      0    133     21    136     79    111    714    678    759    779    714    803    721    663    704    628    785    641    673    663    703    677    678    702    730    780    709    766    720    743    694    658    711    718    733    779    626    796    673    739    772    681    679    714    729    753   1057   1017   1050   1077  
  948    918    933    932    920    936    978    897    915    989    949    932    939    992    971   1035    980    929    957    945    924    998    930    941    940    924    959    753    739    797    803    777    781    767    122     29     81    133      0    113     84     58     32    845    809    891    911    844    934    852    794    837    759    917    773    804    794    834    809    810    834    861    911    841    898    851    874    824    788    842    850    862    910    758    928    803    868    904    813    810    844    860    882   1160   1122   1156   1179  
  881    842    863    858    847    871    904    830    849    928    880    862    873    925    901    961    914    858    886    878    854    934    860    863    878    852    886    641    627    685    692    664    668    655     12     84     68     21    113      0    121     60     91    734    698    779    799    734    823    741    683    724    648    805    661    693    683    723    697    698    722    750    800    729    786    740    763    713    678    731    738    753    799    646    816    692    758    792    701    699    734    749    773   1072   1032   1066   1092  
  998    961    981    977    965    988   1023    947    966   1043    998    980    990   1042   1019   1080   1031    976   1004    995    972   1050    979    983    994    971   1005    740    721    774    796    760    761    753    133     82    136    136     84    121      0     73    102    816    781    863    883    810    905    820    766    813    728    890    749    776    762    805    786    782    807    830    877    811    872    822    843    793    754    811    822    824    879    730    900    769    831    875    786    779    811    827    845   1192   1152   1186   1212  
  926    891    910    906    895    916    953    876    894    971    926    909    918    971    948   1010    959    905    933    923    900    978    907    913    921    900    934    699    684    741    751    722    726    713     71     32     65     79     58     60     73      0     48    789    753    835    855    787    878    795    738    781    702    861    717    748    737    777    754    754    777    804    854    784    842    795    817    767    731    785    794    805    853    701    872    746    811    847    756    753    787    803    825   1126   1087   1120   1145  
  916    887    902    900    888    905    946    866    883    958    918    901    908    961    940   1003    948    898    925    913    892    967    899    909    909    892    928    727    715    774    776    752    757    741     98     21     49    111     32     91    102     48      0    824    788    869    889    824    912    832    772    814    738    895    750    783    773    813    786    788    811    840    890    819    876    830    853    804    768    821    828    843    889    736    906    783    848    882    791    790    824    839    863   1128   1090   1124   1147  
  868    769    830    797    801    881    831    836    859    943    851    827    872    898    857    868    898    819    843    869    829    928    837    769    905    813    822    180    144     76    221    135    107    165    726    817    788    714    845    734    816    789    824      0     37     47     67     56     89     36     52     59     92     77     84     41     63     13     70     38     29     28     80     11     64      7     33     37     80     20     12     94     69     88     85     68     82     59     39     43     46     39     95    799    749    776    823  
  848    751    811    779    782    861    814    815    838    923    832    808    852    880    839    852    879    800    825    849    810    909    817    752    884    794    804    155    113     52    206    112     83    142    690    781    752    678    809    698    781    753    788     37      0     82    102     71    125     60     16     58     62    110     50      8     44     28     52      5     31     59    114     36     93     43     69     39     64     42     41    111    105     52    120     59    102     95     15     31     62     66    117    793    743    771    817  
  877    777    839    805    809    891    836    847    870    952    859    836    882    906    865    871    906    828    851    878    839    936    846    775    916    821    828    203    177    107    230    159    135    187    772    863    833    759    891    779    863    835    869     47     82      0     21     82     44     61     97     74    138     31    123     88    108     60     97     81     60     45     61     55     27     41     32     79    123     58     41    109     39    134     38    110     94     16     80     89     74     57    101    790    741    766    814  
  884    784    847    812    817    899    843    855    878    959    867    843    890    913    871    876    913    835    858    886    847    943    853    781    924    829    835    218    194    125    240    174    152    201    792    883    853    779    911    799    883    855    889     67    102     21      0     97     25     77    118     89    158     17    142    108    127     80    114    102     80     62     60     74     28     61     47     97    142     77     62    119     36    154     18    128    103     13     99    108     89     71    107    790    741    766    814  
  918    820    881    848    851    930    882    885    908    993    901    878    922    949    908    920    949    870    894    919    880    978    887    820    954    863    873    225    182    122    274    182    153    212    728    816    791    714    844    734    810    787    824     56     71     82     97      0    110     22     79    114     89    111    118     69     54     51    119     75     82     38     68     46    107     59     51     32     57     37     67     41     75    107    111     42     33     84     82     46     11     26     49    855    805    831    878  
  902    801    864    829    834    917    859    874    896    977    884    861    908    930    888    892    931    853    875    903    864    960    871    798    942    846    852    241    218    149    260    197    176    224    815    906    877    803    934    823    905    878    912     89    125     44     25    110      0     92    140    113    179     29    166    130    147    101    138    125    104     79     58     95     49     83     64    116    159     96     85    125     37    177     12    145    110     31    123    128    104     86    109    800    751    775    824  
  903    805    866    832    836    916    866    870    894    978    886    863    907    934    893    903    933    854    878    904    865    963    872    804    940    848    857    213    172    108    257    169    140    199    734    824    798    721    852    741    820    795    832     36     60     61     77     22     92      0     72     95     94     91    109     60     59     35    104     63     65     17     60     28     86     39     30     29     68     20     47     58     60    104     92     53     46     65     68     43     13      8     60    835    785    811    859  
  843    746    806    774    776    855    809    809    832    917    827    803    847    875    834    848    874    795    819    844    804    903    812    747    878    788    799    149    103     50    204    107     77    137    675    766    737    663    794    683    766    738    772     52     16     97    118     79    140     72      0     65     50    125     40     12     41     42     53     17     44     73    128     50    108     58     83     47     61     55     56    118    120     37    135     59    111    110     23     35     72     78    127    794    744    772    818  
  810    712    773    739    743    824    773    779    803    886    794    770    816    841    800    809    841    762    785    812    772    870    780    711    848    756    764    130    107     40    163     85     63    114    716    808    776    704    837    724    813    781    814     59     58     74     89    114    113     95     65      0    115     88     66     65    101     63     28     53     32     85    129     68     67     58     84     88    121     77     50    152    110     92    103    114    140     89     44     86    103     97    153    742    692    719    766  
  864    770    828    797    799    875    834    828    852    938    849    825    868    898    858    876    896    817    843    865    826    926    833    772    898    811    824    174    121     92    238    139    111    166    641    731    705    628    759    648    728    702    738     92     62    138    158     89    179     94     50    115      0    168     69     55     36     79     99     65     93    103    153     85    153     98    116     66     38     84    100    118    152     37    175     49    118    148     73     52     87    101    134    831    781    810    855  
  873    773    836    800    806    889    831    845    868    948    856    833    879    901    860    864    902    824    846    875    836    932    843    770    914    818    824    213    194    125    231    170    151    197    797    889    858    785    917    805    890    861    895     77    110     31     17    111     29     91    125     88    168      0    146    116    138     89    114    108     84     75     75     85     21     70     61    109    154     88     69    135     51    160     18    140    119     29    105    119    104     86    123    776    727    751    799  
  805    709    768    736    739    816    772    770    794    879    789    765    809    838    797    812    836    757    782    806    766    866    774    710    840    751    762    111     64     29    171     72     43    100    653    745    713    641    773    661    749    717    750     84     50    123    142    118    166    109     40     66     69    146      0     50     77     77     41     48     63    108    163     85    126     88    116     86     94     91     84    157    151     34    159     95    150    137     45     74    111    115    166    763    713    742    787  
  851    755    815    782    785    864    817    818    841    926    835    812    856    884    843    856    883    804    828    852    813    912    820    755    887    797    808    158    114     57    211    116     86    146    686    776    748    673    804    693    776    748    783     41      8     88    108     69    130     60     12     65     55    116     50      0     37     31     58     12     39     62    116     38    100     47     72     37     58     43     47    108    108     48    125     53    101    100     21     26     61     66    116    799    749    776    823  
  881    785    844    812    815    892    848    846    870    955    865    841    884    914    873    888    912    833    858    882    842    942    850    786    915    827    838    187    138     91    244    147    117    176    676    766    740    663    794    683    762    737    773     63     44    108    127     54    147     59     41    101     36    138     77     37      0     50     94     49     73     69    118     54    126     69     83     32     21     51     73     87    117     56    144     20     85    117     58     20     52     66    101    834    784    812    858  
  868    771    831    798    801    881    832    836    859    943    852    828    873    900    859    870    899    820    844    869    830    928    837    770    905    814    823    178    139     74    223    134    105    164    715    806    778    703    834    723    805    777    813     13     28     60     80     51    101     35     42     63     79     89     77     31     50      0     69     30     32     32     87      8     76     19     41     27     68     16     23     91     78     78     97     57     80     70     34     31     41     40     94    805    755    782    828  
  799    702    762    729    733    812    764    767    790    874    783    759    804    831    790    802    830    751    775    801    761    860    768    702    836    745    754    111     81     13    155     66     39     96    689    781    749    677    809    697    786    754    786     70     52     97    114    119    138    104     53     28     99    114     41     58     94     69      0     47     42     97    147     76     93     71    100     90    114     85     64    159    131     71    129    110    149    112     39     82    110    108    163    742    692    719    766  
  844    747    807    774    777    856    809    811    834    919    828    804    848    876    835    848    875    796    820    845    806    904    813    747    880    789    800    151    110     48    201    108     78    138    691    782    752    678    810    698    782    754    788     38      5     81    102     75    125     63     17     53     65    108     48     12     49     30     47      0     28     61    116     38     91     43     70     44     69     44     41    115    106     53    119     64    106     95     10     36     66     68    121    788    738    766    812  
  839    741    802    768    772    852    802    807    830    914    822    799    844    870    829    839    869    791    814    840    801    899    808    740    876    784    793    152    119     49    193    107     80    137    714    805    775    702    834    722    807    777    811     29     31     60     80     82    104     65     44     32     93     84     63     39     73     32     42     28      0     56    106     37     66     30     59     57     93     46     23    122     91     78     96     84    110     75     22     56     72     67    123    773    723    750    797  
  894    796    857    823    827    908    857    862    886    969    877    854    899    925    884    893    925    846    869    895    856    954    863    795    932    839    848    207    170    103    247    162    134    192    743    833    806    730    861    750    830    804    840     28     59     45     62     38     79     17     73     85    103     75    108     62     69     32     97     61     56      0     55     24     69     27     15     38     81     20     35     71     49    108     77     67     57     50     65     51     29     14     69    822    772    798    846  
  937    837    899    865    869    951    897    906    930   1012    919    896    942    966    925    931    966    888    911    938    899    996    906    835    975    882    889    257    223    155    290    212    186    241    793    883    857    780    911    800    877    854    890     80    114     61     60     68     58     60    128    129    153     75    163    116    118     87    147    116    106     55      0     79     84     77     48     88    124     74     83     70     25    162     65    109     56     49    118    103     67     52     53    849    800    825    873  
  875    777    838    804    808    888    838    842    866    950    858    835    879    906    865    876    905    826    850    876    837    935    844    776    912    820    829    185    146     81    229    141    112    171    722    812    784    709    841    729    811    784    819     11     36     55     74     46     95     28     50     68     85     85     85     38     54      8     76     38     37     24     79      0     73     17     34     26     70     10     23     85     71     85     91     58     74     65     41     34     36     32     88    809    759    786    833  
  857    757    819    784    789    872    816    828    851    932    839    816    863    885    844    849    886    808    830    859    819    915    826    754    897    802    808    193    173    105    213    150    130    176    778    870    839    766    898    786    872    842    876     64     93     27     28    107     49     86    108     67    153     21    126    100    126     76     93     91     66     69     84     73      0     58     57     99    143     79     54    135     60    143     38    130    120     35     87    106     98     82    127    765    716    741    789  
