60

    0     20      6     43     21     36     14     14     44     15   1198   1160   1211   1176   1184   1199   1342   1350   1354   1342   1346   1352   1364   1347   1380   1336   1374   1019    989    965    972    939    966    977    974   1011    995    966   1038   1028   1004   1028    988   1026    867    883    893    880    922    919    891    858    895    888    971    960   1191   1192   1186   1216  
   20      0     16     24     23     34     32      6     32     23   1179   1141   1192   1157   1165   1180   1333   1341   1345   1333   1337   1343   1355   1338   1370   1327   1365   1001    971    947    953    920    948    958    955    993    976    947   1019   1008    984   1009    969   1007    862    878    888    875    916    915    885    852    890    884    952    941   1172   1173   1168   1198  
    6     16      0     38     23     38     17     10     44     12   1194   1155   1206   1171   1180   1195   1343   1351   1355   1343   1347   1353   1365   1348   1380   1337   1375   1016    986    962    969    936    963    973    971   1008    991    963   1034   1024   1000   1024    984   1022    869    885    896    882    924    921    893    859    897    890    967    956   1188   1189   1183   1213  
   43     24     38      0     43     49     54     29     36     41   1156   1118   1169   1134   1142   1157   1328   1336   1340   1328   1332   1338   1351   1333   1365   1322   1361    980    951    927    934    900    928    938    935    973    956    927    997    986    962    987    946    984    863    879    889    875    916    916    885    852    891    885    932    921   1152   1153   1148   1178  
   21     23     23     43      0     15     33     21     28     34   1192   1153   1205   1169   1177   1192   1322   1330   1334   1322   1326   1332   1344   1327   1359   1316   1354   1007    976    953    959    927    954    964    962    998    982    954   1030   1019    995   1021    980   1018    847    863    873    860    901    899    870    837    875    868    958    947   1179   1179   1174   1204  
   36     34     38     49     15      0     47     34     21     49   1188   1149   1200   1165   1172   1187   1307   1315   1319   1307   1311   1317   1329   1312   1345   1301   1339    999    968    944    951    918    945    956    954    989    974    945   1024   1013    989   1015    974   1012    832    848    858    845    887    884    856    822    860    853    950    939   1170   1171   1166   1195  
   14     32     17     54     33     47      0     27     58     17   1210   1172   1223   1188   1196   1211   1353   1361   1366   1354   1358   1363   1376   1358   1391   1348   1386   1033   1002    979    985    952    980    990    987   1024   1008    979   1051   1040   1016   1041   1000   1038    877    893    903    889    931    929    901    868    905    898    984    973   1204   1205   1200   1230  
   14      6     10     29     21     34     27      0     36     18   1185   1146   1197   1162   1171   1186   1336   1344   1348   1336   1340   1346   1359   1341   1374   1330   1369   1006    976    952    959    926    954    964    961    998    982    953   1025   1014    990   1015    975   1012    864    880    891    877    919    917    887    854    892    886    958    947   1178   1179   1174   1204  
   44     32     44     36     28     21     58     36      0     54   1167   1128   1180   1144   1152   1167   1301   1309   1313   1301   1305   1311   1324   1306   1338   1295   1333    980    949    925    932    899    926    937    935    971    955    926   1004    993    969    995    954    992    831    847    857    844    885    884    854    821    859    853    931    920   1151   1152   1147   1176  
   15     23     12     41     34     49     17     18     54      0   1195   1157   1208   1173   1182   1197   1354   1362   1366   1354   1358   1363   1376   1358   1391   1348   1386   1021    991    967    974    941    969    979    976   1013    997    968   1037   1027   1003   1027    987   1024    880    897    907    893    935    933    904    871    909    902    973    962   1193   1194   1188   1219  
 1198   1179   1194   1156   1192   1188   1210   1185   1167   1195      0     42     14     27     49     53   1364   1379   1367   1359   1362   1365   1384   1372   1372   1352   1401    383    434    432    434    433    442    424    402    440    419    423    211    213    236    194    233    202   1324   1319   1321   1325   1332   1362   1299   1286   1340   1344    417    426    385    399    385    413  
 1160   1141   1155   1118   1153   1149   1172   1146   1128   1157     42      0     56     17     38     53   1332   1347   1335   1327   1330   1333   1353   1341   1341   1320   1370    347    398    394    397    394    405    387    365    405    383    385    171    172    195    152    192    161   1284   1279   1281   1286   1293   1322   1259   1247   1300   1304    380    388    364    378    363    394  
 1211   1192   1206   1169   1205   1200   1223   1197   1180   1208     14     56      0     40     57     58   1373   1389   1376   1369   1371   1374   1394   1382   1381   1362   1411    394    445    443    446    445    454    436    414    451    430    435    224    225    249    207    247    216   1337   1331   1333   1338   1344   1374   1311   1299   1352   1356    429    438    391    406    391    419  
 1176   1157   1171   1134   1169   1165   1188   1162   1144   1173     27     17     40      0     33     44   1340   1356   1344   1336   1339   1342   1361   1349   1349   1329   1378    358    409    406    409    407    417    399    376    416    394    397    184    186    210    167    207    176   1298   1292   1294   1299   1306   1335   1273   1260   1314   1317    391    400    367    382    367    397  
 1184   1165   1180   1142   1177   1172   1196   1171   1152   1182     49     38     57     33      0     17   1316   1332   1319   1312   1314   1317   1337   1325   1324   1305   1354    337    389    388    391    391    399    380    359    395    374    380    174    178    203    164    205    171   1284   1278   1280   1285   1291   1320   1258   1246   1299   1303    374    383    337    352    337    366  
 1199   1180   1195   1157   1192   1187   1211   1186   1167   1197     53     53     58     44     17      0   1317   1333   1320   1313   1315   1318   1338   1326   1325   1306   1355    342    394    394    396    398    405    386    365    399    379    386    184    189    214    177    218    183   1292   1285   1287   1292   1298   1328   1265   1253   1306   1310    380    389    334    348    334    361  
 1342   1333   1343   1328   1322   1307   1353   1336   1301   1354   1364   1332   1373   1340   1316   1317      0     16     14      6      7     12     25      9     43     12     40    988    942    953    947    963    941    957    981    930    956    962   1177   1183   1169   1214   1194   1201    537    515    505    524    481    504    495    525    516    526    967    961   1002    988   1000    985  
 1350   1341   1351   1336   1330   1315   1361   1344   1309   1362   1379   1347   1389   1356   1332   1333     16      0     20     21     20     20     16      7     45     28     26   1004    957    968    963    978    956    972    997    945    972    977   1193   1199   1185   1229   1209   1217    540    518    508    526    483    506    498    529    518    528    982    977   1018   1004   1016   1001  
 1354   1345   1355   1340   1334   1319   1366   1348   1313   1366   1367   1335   1376   1344   1319   1320     14     20      0     13      9      3     18     16     29     19     35    992    946    957    952    968    945    961    986    934    960    966   1181   1188   1174   1218   1199   1206    551    529    519    537    494    518    509    539    530    540    971    966   1003    990   1002    987  
 1342   1333   1343   1328   1322   1307   1354   1336   1301   1354   1359   1327   1369   1336   1312   1313      6     21     13      0      5     10     27     15     40      8     43    984    938    949    943    959    937    952    977    926    952    958   1173   1179   1165   1210   1190   1197    539    518    507    526    483    507    497    527    519    529    962    957    997    983    995    980  
 1346   1337   1347   1332   1326   1311   1358   1340   1305   1358   1362   1330   1371   1339   1314   1315      7     20      9      5      0      6     24     14     37     12     40    987    941    952    946    962    940    955    980    929    955    961   1176   1182   1168   1213   1193   1200    543    521    511    529    487    511    501    531    522    533    966    960    999    986    998    983  
 1352   1343   1353   1338   1332   1317   1363   1346   1311   1363   1365   1333   1374   1342   1317   1318     12     20      3     10      6      0     20     15     31     17     37    990    944    955    950    966    943    959    984    932    958    964   1179   1186   1172   1216   1197   1204    549    527    517    535    492    516    507    537    528    538    969    964   1002    988   1000    985  
 1364   1355   1365   1351   1344   1329   1376   1359   1324   1376   1384   1353   1394   1361   1337   1338     25     16     18     27     24     20      0     18     32     34     18   1010    964    975    969    985    963    978   1003    951    978    984   1199   1205   1191   1235   1216   1223    555    533    523    541    498    521    514    544    533    544    988    983   1021   1007   1019   1004  
 1347   1338   1348   1333   1327   1312   1358   1341   1306   1358   1372   1341   1382   1349   1325   1326      9      7     16     15     14     15     18      0     43     21     32    997    951    962    956    972    949    965    990    939    965    971   1186   1192   1178   1223   1203   1210    539    517    507    525    482    505    497    527    517    528    975    970   1011    997   1009    994  
 1380   1370   1380   1365   1359   1345   1391   1374   1338   1391   1372   1341   1381   1349   1324   1325     43     45     29     40     37     31     32     43      0     45     43    999    954    966    960    977    954    969    994    941    968    975   1189   1195   1182   1226   1207   1213    579    557    547    565    523    547    537    567    558    568    979    975   1006    992   1004    988  
 1336   1327   1337   1322   1316   1301   1348   1330   1295   1348   1352   1320   1362   1329   1305   1306     12     28     19      8     12     17     34     21     45      0     51    977    931    942    936    952    930    945    970    919    945    951   1166   1172   1158   1203   1183   1190    535    513    503    522    479    503    493    523    515    525    955    950    991    977    989    974  
 1374   1365   1375   1361   1354   1339   1386   1369   1333   1386   1401   1370   1411   1378   1354   1355     40     26     35     43     40     37     18     32     43     51      0   1027    981    992    986   1002    979    995   1020    968    995   1001   1216   1222   1208   1252   1233   1240    559    538    527    546    502    524    519    550    537    547   1005   1000   1038   1024   1037   1021  
 1019   1001   1016    980   1007    999   1033   1006    980   1021    383    347    394    358    337    342    988   1004    992    984    987    990   1010    997    999    977   1027      0     54     63     61     83     70     52     46     59     39     59    190    198    188    229    218    217    958    950    951    957    961    991    929    919    971    976     53     64    173    176    169    202  
  989    971    986    951    976    968   1002    976    949    991    434    398    445    409    389    394    942    957    946    938    941    944    964    951    954    931    981     54      0     27     19     55     23     20     43     26     16     32    236    242    228    272    255    260    904    897    898    904    907    938    875    866    918    922     32     36    205    204    200    228  
  965    947    962    927    953    944    979    952    925    967    432    394    443    406    388    394    953    968    957    949    952    955    975    962    966    942    992     63     27      0      9     29     13     12     30     52     30     10    228    233    217    262    242    250    900    893    894    900    904    935    872    862    914    918     15     11    227    227    222    252  
  972    953    969    934    959    951    985    959    932    974    434    397    446    409    391    396    947    963    952    943    946    950    969    956    960    936    986     61     19      9      0     37      9     11     35     44     25     16    233    238    222    267    248    255    899    892    893    899    903    934    871    861    913    917     20     19    221    221    216    245  
  939    920    936    900    927    918    952    926    899    941    433    394    445    407    391    398    963    978    968    959    962    966    985    972    977    952   1002     83     55     29     37      0     36     39     39     81     57     27    226    228    210    256    232    244    894    888    889    895    900    930    867    856    909    913     32     21    252    253    248    278  
  966    948    963    928    954    945    980    954    926    969    442    405    454    417    399    405    941    956    945    937    940    943    963    949    954    930    979     70     23     13      9     36      0     19     42     47     32     22    240    245    229    274    254    262    891    883    884    891    895    925    862    852    904    909     27     22    227    227    223    251  
  977    958    973    938    964    956    990    964    937    979    424    387    436    399    380    386    957    972    961    952    955    959    978    965    969    945    995     52     20     12     11     39     19      0     26     45     19     13    223    228    213    258    239    245    909    902    903    909    913    944    881    871    923    927     12     18    215    216    211    240  
  974    955    971    935    962    954    987    961    935    976    402    365    414    376    359    365    981    997    986    977    980    984   1003    990    994    970   1020     46     43     30     35     39     42     26      0     66     34     21    199    204    188    233    214    221    928    921    923    928    933    963    900    890    942    946     16     25    218    220    214    246  
 1011    993   1008    973    998    989   1024    998    971   1013    440    405    451    416    395    399    930    945    934    926    929    932    951    939    941    919    968     59     26     52     44     81     47     45     66      0     32     57    248    255    244    286    272    274    907    899    899    906    908    939    877    868    919    924     56     62    186    184    181    207  
  995    976    991    956    982    974   1008    982    955    997    419    383    430    394    374    379    956    972    960    952    955    958    978    965    968    945    995     39     16     30     25     57     32     19     34     32      0     30    222    228    215    258    242    246    919    911    912    919    922    953    890    880    932    937     27     36    197    198    193    222  
  966    947    963    927    954    945    979    953    926    968    423    385    435    397    380    386    962    977    966    958    961    964    984    971    975    951   1001     59     32     10     16     27     22     13     21     57     30      0    219    224    208    253    233    241    908    901    902    908    912    943    880    869    922    926      7      7    226    227    221    251  
 1038   1019   1034    997   1030   1024   1051   1025   1004   1037    211    171    224    184    174    184   1177   1193   1181   1173   1176   1179   1199   1186   1189   1166   1216    190    236    228    233    226    240    223    199    248    222    219      0     15     35     43     60     32   1114   1109   1111   1115   1123   1152   1089   1076   1130   1134    214    221    270    282    268    305  
 1028   1008   1024    986   1019   1013   1040   1014    993   1027    213    172    225    186    178    189   1183   1199   1188   1179   1182   1186   1205   1192   1195   1172   1222    198    242    233    238    228    245    228    204    255    228    224     15      0     26     32     46     20   1114   1109   1111   1115   1123   1152   1089   1076   1130   1133    219    225    284    295    281    319  
 1004    984   1000    962    995    989   1016    990    969   1003    236    195    249    210    203    214   1169   1185   1174   1165   1168   1172   1191   1178   1182   1158   1208    188    228    217    222    210    229    213    188    244    215    208     35     26      0     47     34     36   1092   1087   1089   1093   1102   1130   1068   1054   1108   1111    203    209    289    300    286    324  
 1028   1009   1024    987   1021   1015   1041   1015    995   1027    194    152    207    167    164    177   1214   1229   1218   1210   1213   1216   1235   1223   1226   1203   1252    229    272    262    267    256    274    258    233    286    258    253     43     32     47      0     42     13   1137   1133   1135   1139   1148   1176   1114   1100   1154   1157    248    254    311    323    309    346  
  988    969    984    946    980    974   1000    975    954    987    233    192    247    207    205    218   1194   1209   1199   1190   1193   1197   1216   1203   1207   1183   1233    218    255    242    248    232    254    239    214    272    242    233     60     46     34     42      0     38   1104   1099   1102   1106   1115   1143   1081   1066   1121   1124    229    233    322    333    320    358  
 1026   1007   1022    984   1018   1012   1038   1012    992   1024    202    161    216    176    171    183   1201   1217   1206   1197   1200   1204   1223   1210   1213   1190   1240    217    260    250    255    244    262    245    221    274    246    241     32     20     36     13     38      0   1127   1122   1124   1128   1137   1165   1103   1089   1143   1146    236    242    301    313    299    336  
  867    862    869    863    847    832    877    864    831    880   1324   1284   1337   1298   1284   1292    537    540    551    539    543    549    555    539    579    535    559    958    904    900    899    894    891    909    928    907    919    908   1114   1114   1092   1137   1104   1127      0     23     33     14     59     54     48     39     29     24    914    904   1058   1049   1055   1060  
  883    878    885    879    863    848    893    880    847    897   1319   1279   1331   1292   1278   1285    515    518    529    518    521    527    533    517    557    513    538    950    897    893    892    888    883    902    921    899    911    901   1109   1109   1087   1133   1099   1122     23      0     11     11     39     47     28     35     22     27    907    897   1048   1038   1044   1048  
  893    888    896    889    873    858    903    891    857    907   1321   1281   1333   1294   1280   1287    505    508    519    507    511    517    523    507    547    503    527    951    898    894    893    889    884    903    923    899    912    902   1111   1111   1089   1135   1102   1124     33     11      0     19     29     42     24     42     22     30    908    898   1047   1037   1044   1048  
  880    875    882    875    860    845    889    877    844    893   1325   1286   1338   1299   1285   1292    524    526    537    526    529    535    541    525    565    522    546    957    904    900    899    895    891    909    928    906    919    908   1115   1115   1093   1139   1106   1128     14     11     19      0     45     44     38     40     18     19    914    904   1056   1046   1053   1057  
  922    916    924    916    901    887    931    919    885    935   1332   1293   1344   1306   1291   1298    481    483    494    483    487    492    498    482    523    479    502    961    907    904    903    900    895    913    933    908    922    912   1123   1123   1102   1148   1115   1137     59     39     29     45      0     36     38     67     36     46    919    909   1053   1043   1050   1052  
  919    915    921    916    899    884    929    917    884    933   1362   1322   1374   1335   1320   1328    504    506    518    507    511    516    521    505    547    503    524    991    938    935    934    930    925    944    963    939    953    943   1152   1152   1130   1176   1143   1165     54     47     42     44     36      0     63     81     27     32    949    939   1086   1076   1082   1086  
  891    885    893    885    870    856    901    887    854    904   1299   1259   1311   1273   1258   1265    495    498    509    497    501    507    514    497    537    493    519    929    875    872    871    867    862    881    900    877    890    880   1089   1089   1068   1114   1081   1103     48     28     24     38     38     63      0     34     45     52    886    876   1024   1014   1021   1024  
  858    852    859    852    837    822    868    854    821    871   1286   1247   1299   1260   1246   1253    525    529    539    527    531    537    544    527    567    523    550    919    866    862    861    856    852    871    890    868    880    869   1076   1076   1054   1100   1066   1089     39     35     42     40     67     81     34      0     56     58    876    866   1019   1010   1016   1021  
  895    890    897    891    875    860    905    892    859    909   1340   1300   1352   1314   1299   1306    516    518    530    519    522    528    533    517    558    515    537    971    918    914    913    909    904    923    942    919    932    922   1130   1130   1108   1154   1121   1143     29     22     22     18     36     27     45     56      0     11    928    918   1068   1058   1065   1069  
  888    884    890    885    868    853    898    886    853    902   1344   1304   1356   1317   1303   1310    526    528    540    529    533    538    544    528    568    525    547    976    922    918    917    913    909    927    946    924    937    926   1134   1133   1111   1157   1124   1146     24     27     30     19     46     32     52     58     11      0    932    922   1074   1064   1070   1075  
  971    952    967    932    958    950    984    958    931    973    417    380    429    391    374    380    967    982    971    962    966    969    988    975    979    955   1005     53     32     15     20     32     27     12     16     56     27      7    214    219    203    248    229    236    914    907    908    914    919    949    886    876    928    932      0     12    221    222    216    247  
  960    941    956    921    947    939    973    947    920    962    426    388    438    400    383    389    961    977    966    957    960    964    983    970    975    950   1000     64     36     11     19     21     22     18     25     62     36      7    221    225    209    254    233    242    904    897    898    904    909    939    876    866    918    922     12      0    232    233    227    258  
 1191   1172   1188   1152   1179   1170   1204   1178   1151   1193    385    364    391    367    337    334   1002   1018   1003    997    999   1002   1021   1011   1006    991   1038    173    205    227    221    252    227    215    218    186    197    226    270    284    289    311    322    301   1058   1048   1047   1056   1053   1086   1024   1019   1068   1074    221    232      0     15      5     36  
 1192   1173   1189   1153   1179   1171   1205   1179   1152   1194    399    378    406    382    352    348    988   1004    990    983    986    988   1007    997    992    977   1024    176    204    227    221    253    227    216    220    184    198    227    282    295    300    323    333    313   1049   1038   1037   1046   1043   1076   1014   1010   1058   1064    222    233     15      0     15     27  
 1186   1168   1183   1148   1174   1166   1200   1174   1147   1188    385    363    391    367    337    334   1000   1016   1002    995    998   1000   1019   1009   1004    989   1037    169    200    222    216    248    223    211    214    181    193    221    268    281    286    309    320    299   1055   1044   1044   1053   1050   1082   1021   1016   1065   1070    216    227      5     15      0     39  
 1216   1198   1213   1178   1204   1195   1230   1204   1176   1219    413    394    419    397    366    361    985   1001    987    980    983    985   1004    994    988    974   1021    202    228    252    245    278    251    240    246    207    222    251    305    319    324    346    358    336   1060   1048   1048   1057   1052   1086   1024   1021   1069   1075    247    258     36     27     39      0  

    0  31129     82      5      0   1462    101      0      0   4151      0      0      0  26957      0      0      0      0     56    321      0      0      0  17211      0      0    946      0      1   4343      0      0      0   2399      3      0      0   9661      0    558  14718      0      0      8      0    200    290  18559      4   3098      0      0      0     19  35238      4      0      0   2708      0  
    0      0      0   4372      0      0      0     56      0      0      0     35     17      0      0      0      0   3348      4    102      0      5      0      0      0      0      0      0  67954      0     57      0    223   4907     92    290      0      0      0  22124      0      0      0   2271      0    123      0  30714   3753     20    270      0      0      0      9   1188   4075  67133      0   1675  
    0      3      0      0    814      0      0      0    620      8      0      0      0      2      0    174      0      0  19156      0      0      0      0      0    635   2674      0      0      0      0      0      0      0      0      0      1      0      0      3      0      0      0   8307      0      0      0   5411      0      0      0      0      0      0      0      0      0      0      0      0      0  
    0      0     19      0      0     12      0      0    152      0      0    358      0   2297      0      0      0      0      0     21    663      7      0      0      0     24      0      0  12627   7362      0      0      0      3      4      0      0      1      0      0      2      0     24  36021      0      4      0      0     39      1      0      0      0  46552      0     16      0  39858      0      0  
    0  44787      0      0      0  14956      6      0      0   2400     17    231      2      2   7808      0      0  12209      0      0  12266  17335      0      0     52   1762      6      0      0      0      0     22      3      0      0     10      0    322      4      0      0      0      0      0      0     11      0      0   2824      0   3717      0      0      5      1      0      0      0      3     54  
    0     52   3395      0    388      0      0   2659      0      0      0      0      0      0    190      0  19375      0      0      0      0      0      0   2116    232      0     49      0  99600      0      1      0      0  87387      0      0      2      0      0    995      0      0      0      0     24      0      0      0      0      0      0      0     28      0      0      0      0      0      0      0  
    0      0      0      0      0      3      0      0      0   2033      0      0      0     12      0    196      0      0      0      0     69      0      0      0      0      0      2      3      3      0      0     39      0      0      0    312      0      0      0      0      0      0     18   4782      0      0      2      0      0      0     57      0    132   8284      0      0      0  91969      0      0  
    5   6325     36     11      0      3      0      0      0      0      0      0    208      0  15488      0      0  32325      0      0      6      0      0      0      0      0      0      0      0      7      8     18  40383      0      0      0      0      0    108    349      0      0      0  11621     23      0      0    189      0      0     20      0      3      0   5919      0      0      0      0     45  
    0      0      0     11  74328      0    768      0      0      0      2      0      4      0      0    750      0  25857      0   2023      0      0      0      0     13      0      1  86114      0      0     22  40138      2      0      0      0      0      0      0      0      0      0   1989      0    142     89      0   1929    229      0    217    721    797      0      0      0      0      0  11470      0  
    0      0      0      0      0      0      0      0     10      0      0      0      0      0    533  30060      0      0      0      0     50      0    173      0      0     27      0   1279      0      1  69826      0     30      0      0      0      0  15621      0      0      0   1766      0      0    506      0      0  14805    173      0      0      0  54109     26      0   3433      0      1  38147      0  
    0      0      0  60422      0     19      2      0     27      0      0      1   4370      0     10      0      0      2      0  18767     36      0      0      0      3      0      0      0      2  12334      0      0      0      2   9269      0      0      0      1     33    963    256  82762    234    148      0      0      0      0     29      0      0      0      0     75      0      0      0    405      0  
    0      0      0  73127   1093      0      0      0   1761      0      0      0      0      0   6282      0      0    467      0      0  84888      0      0  13400      0      0      0      0      0      0      0   3380      0      0      0      0      0      0  36199   6278      0      0      0      0     15      2    438    487    748      0      0      4      0      0      0      0      0      0    923      0  
    1      0      0      0      0      0      0    759   8204  12466     26    146      0      0      0      0      0      0      0      0      0      0   2420      0    125      0      0      0      0     79      0      0      0     79  16654      0      0      0      0      4      0      0      0      0     51     28      0   1858      3      0      0      0      0     25    136      0     37      0    118     33  
    0  28586      0      0      7    489      0  36468  18529      0  97765      5      0      0      0     38      0      0      8  64458    193      0      0   1433      0      0    244  82572  16175      0    682      0      0     31    116      0      0   1477   1124      0      0  72754     54      0      0      5      0   4190      8      0     61      0      0      0      0      0      0     73  33886      0  
   15  48281   1044      0      0      0      0   6062    558      9      0    141      0      0      0  10499    242    334    281      0   1661      0      0      1      0      0      2      3      0  87190      0      0      0      1      2      0      0      0      0      0      0      0      0  17297      3      0      0     27      0      0      0      0      0  37687      0      0      0      0  13124     52  
   64      0      0      0      0      0      0      0      0      0    957      0      0    473      0      0      0   6734      8      0  49293   1300      8      0      0      0      0      0    718   1728      0      0      1      0     64   7332      5      0      0      3      0      0     19      0      0     95      0  20470      0      0      2      0      0      0   1253      7      0      0      9      0  
 7174      0   1584      0      0      0    577      0      0      0     32     77    119      0      0      0      0     61      0  29936   3764      0      0      0   5133      0      0      0      0      0     42      0    640  17685      0      0      0      0      0      0      0      0     29    264    344      0  54251      0     85    664      0      0      0      0    530      0    799     11      0      0  
   13      0      0   1856      2      0      0     28     25      6      0      0     16     32      0      0      0      0      0      0      0  31777     12      0      0      0  21546   9106      0      0      0     12      0      0      0      0      0      0  12809      0    123  15650      0      0     54      0      0      0    164      0      0      0   3974      0      0      0      0      0      0   1630  
    0      0      0      0      0   9536      0      6      0      0      0   2104      0      0      8      0      0      0      0      0      0      0      0      0      0      0      0      0      0      0      3      0    719      0      0      0      2      0     21      2      0  42955      0   4498      0     10      5      0      0      0      9      0  91626      0   1594      0      0     68      0      0  
    0     15      0    692      0      0      0      0      0      0   3551     12      0      0      0      0      0      0      0      0     29      0      0      0      0      1     50      0      0  57294    617  82519     10   2613      0      0     61      0   1698      0  27777  31477      1      0      0      0      0   1640      0      3  34885      0      0      0      0      0      0      0     41      0  
    0      0      0      0      0    604      0   1074      0    977      0     24      8      0     14   3917      0      0      0      0      0      0      0      0      0    302      0  31836      0  20109      6      0      0      0      0      0      0      0      0      6   6585   2254      0      0      0      0      0      0      0    135     64      0     33      0      0     53      0      0      0  25033  
    0      3  43169      0     48    298      0      0      0      0      0      0      0      0      0      0      0      0      0      0      0      0      0      0      1      0      0      0      0      0     48      0    709  15933      0     78      0      0      0      0      0      0  23013      0      0      0   4429      2      0      0      0    130      0    615     47    737   2900      3      0    291  
    4      0      0  25996      0      0      0  59197      0      0      0      0      0      0      7      0      0      0  85384      0   5829    289      0      0      0      0     92  22313     74  12947      0      0      0      0   9862      0      0      0  11128      0  16847      0     23     22      0      0      0      0      0  61755      0      0      0      1      0     17      0      0      0      0  
    0      0      0      0      0      0      0      0      0      4      0      2      0      0      2      0      0      0      0      0      0      2      0      0      0      0      0      0      0    149  93078      0    105      0      0  17368      0    514      2      1      0      0      0      0      0      0    344      0      0      0      0     51      0   1073  78905      0      0      0      0      0  
    0      0      0      0      0    769      0      0      2      0   6067    116      0      0      0      3      0      0      1      0  76515     46     41      0      0      3      1      0      0  57142      0   6159      0      0      0    144    349      0      0      0      0      0   2593      0  57866      0  68014      0      0      0      0      6      0      0      0      0      0   2572      0  10529  
    0      0      0     36      0      0      0      0      0      0      0      1      0      0      0    196      8      0   1154      0      0      0  79783    498   4292      0      0      0  60831      0      0      0     24      0   4342      0    910     23      0      0      0      0    505      0      0      0      0  34692      0      0      0      0      0      0      0    139  20804      0      0    338  
    0      0      0      1      0      0      0      0      0      0      0  26938     10      0      0      0  13989      0      0      0      0      8    103  90771   3589      0      0      4     51      0      0      0    530  18263     20    512   6177      0      0    876   7368      4  66254      0  41636      0     38   6770      0      0      0      0      0      0      0      0      0      0      0   7175  
    0      0    807      0      0      0    941      4  11792      0     17      3      0      0      0      0      0      0      0      0      1      0      0      0      0    273      0      0      0      0      0      0      0     15      0     11      0      5  31748      0      0  32441   2264      4      0      0      0   2505      0    545      0      0    615      0      0      0      0      0      0      0  
    0      0      4    449     16      0   1170      0  50237      2   1252      0      0      1    304      0      0      0      0      0   2090      0      0      0      0    591      0      0      0      0      0      0    199      0      0     17      0   9350      0      0      0      0      0      0     21   1221      1      0    410      0      0      0     34    109      0     61      0      0      0      0  
    0      0      0      0      0      4  28233      0      0     87      0      0      0      0    663      0      0      7     37      0      3     15      1      0      0      0      0      0     26      0      0      1      0     16      0      0    325   3160    668   3586      0      7      0      0  18335      0      0      0      0      0      0      0      0      0    241      0      0      0  14596      0  
    0      0      0      0      0    257      0  32262      0      0      0      0      0      0    401   1830      0      7      0  45244      0      0     36      0      0      0      0      0      0      0      0      0      0      0     30   1614      0      0  91501      0      0      0      0      0      0      0      0      3      0     14      0      0      0    123  66096      0      0      0   9986    146  
  458  66707      0     74    659      0      0      0      0      0      0      0     82   2582      0     44      0      0   2291      0      5      0      0      0      0      0  16523      0      0      0      0      0     22      0      0      0      0  12265   1367      0   4658      0      0   3394      0  86754      4      0    175      0   1283      0  34824      0      0      0  20339      1      0      0  
    0  67474   5146    420      0      0      0      0      0      0      0      0     35      0      0      0      0      0      0      0   1068      0      0      0    191      0      0      0   7377     90     25      0      0     17    301      0      0  36370      0      0      0      0      0      0      0     33      0      0      0      0      0  51664      0      0      0      0      0      0      0  41936  
 3390      3      0   2611      0      0  21730      0   5136    419     22      0      0      0      0      0      0    492      0   1576      0      0    105      1      0      0      0      0      0      0      0      0  13533      0      0      0      0      0      0      1     28  65864      1      0      0   6457      0      0     18      0      9    111      0      0  10155      0      0      0    922      0  
    0      0      0      0      0      0      0      0   2506      0      0      0  45326      0      0      0      0      0      0      0      0      0      0      0      0      0      0      0      0      0      0      0      0      0      0     12   8349   2276      0      0      0      0  25723      0      0      2      0      0  14072      7      0  14217      0    150      0      0      0      0      4      0  
