126

    0     73     52    107     52     75    113     44     97     78     37     73    111     61     34    122     66    610    646    722    666    677    705    688    658    614    654    682    669    626    665    659    716    651    637    717    667    675    650    669    663    667    653    468    425    458    482    436    481    444    521    511    501    514    447    454    492    535    424    478    476    529    452    492    449    477    415    540    499    466    533    436    461    423    431    493    458    481    443    377    445    460    380    440    492    465    484    412    436    450    458    416    421    441    504    455    451    410    902    880    902    906    864    899    883    897    868    862    923    888    899    914    928    905    875    685    662    634    664    659    669    697    647    671    628    677  
   73      0     60     73     21     31     45     30     33     26     37     21     41     14     41     49      8    656    695    768    711    727    748    730    704    657    700    724    716    670    713    705    764    699    687    760    708    722    698    710    710    713    699    511    470    493    526    485    527    489    566    550    549    551    486    496    538    580    467    523    514    565    490    529    495    522    459    585    542    504    573    484    500    467    475    532    501    549    511    447    512    529    448    505    560    528    550    481    501    517    524    481    489    507    571    523    519    479    965    943    966    969    928    961    947    961    934    924    988    951    962    978    993    969    939    732    704    681    708    705    719    749    689    718    675    719  
   52     60      0     58     46     39    103     47     65     46     49     45     85     55     50    101     55    662    698    773    718    728    757    739    710    665    706    733    721    678    717    710    767    703    688    769    719    727    701    721    714    718    705    520    477    509    533    487    533    495    572    562    553    565    498    505    544    587    476    530    527    580    503    543    500    528    467    592    550    517    585    487    512    474    483    545    510    526    489    421    490    504    424    488    536    513    531    456    483    495    504    463    465    486    550    501    495    454    950    927    949    953    911    947    930    944    915    910    969    936    947    961    974    953    921    737    714    686    715    710    721    748    699    723    679    729  
  107     73     58      0     77     44    103     84     50     48     90     54     67     80     93     87     74    715    753    827    771    783    810    792    764    718    759    786    775    731    771    764    822    757    743    822    771    781    756    773    768    772    759    572    530    559    586    542    586    549    626    614    607    615    549    557    597    640    528    583    578    630    554    593    554    582    520    645    603    568    636    542    563    528    536    596    562    583    546    477    547    561    481    545    593    570    588    512    540    552    560    520    522    543    606    557    551    511   1007    985   1006   1010    968   1005    987   1001    971    967   1026    993   1004   1018   1031   1010    978    791    766    740    769    764    776    804    751    777    733    781  
   52     21     46     77      0     34     64     10     48     33     17     27     60     11     21     70     14    643    682    755    698    713    736    719    691    645    687    712    703    658    700    692    750    686    673    748    697    709    684    699    697    700    687    499    457    483    513    471    514    476    553    539    536    540    475    484    525    568    455    511    503    555    479    519    482    509    446    573    530    493    562    470    489    455    463    521    489    530    492    427    493    509    429    487    540    510    532    461    482    498    505    462    469    489    552    504    500    459    948    925    948    952    910    944    929    943    916    907    969    933    945    960    975    951    921    719    692    668    696    692    705    734    678    705    662    707  
   75     31     39     44     34      0     69     42     26      7     49     11     46     37     52     63     31    676    714    788    731    745    769    752    724    678    720    745    736    691    733    725    783    719    705    782    730    742    717    732    729    733    719    532    490    517    546    503    547    509    586    572    568    574    508    517    558    600    488    544    537    588    513    552    515    542    479    606    563    526    595    503    522    488    495    554    522    556    518    452    519    534    454    515    566    539    559    486    510    524    532    490    495    515    579    530    525    484    976    954    976    980    938    973    957    971    943    936    997    962    973    988   1002    979    949    752    725    701    729    725    737    766    711    738    694    741  
  113     45    103    103     64     69      0     70     53     63     76     60     39     54     79     25     51    664    705    775    717    737    754    735    712    664    707    728    724    676    722    713    772    708    697    765    712    730    707    714    718    722    707    517    478    495    533    496    535    497    574    553    559    553    489    502    546    587    474    531    516    566    494    531    504    529    466    592    548    506    577    495    504    476    482    535    507    577    538    476    539    557    477    529    587    551    576    510    526    544    551    506    517    534    598    550    548    508    987    964    988    991    950    981    970    983    958    945   1011    972    984   1001   1017    991    963    741    708    689    714    713    729    760    694    726    683    723  
   44     30     47     84     10     42     70      0     57     42      8     35     69     17     12     78     23    635    673    747    690    704    728    710    683    637    679    704    695    650    692    684    742    678    664    740    689    701    676    691    688    692    678    491    449    476    505    462    506    468    545    531    527    533    467    476    517    559    447    503    496    547    472    511    474    501    438    564    522    485    554    462    481    447    454    513    481    521    483    418    484    500    420    478    531    501    523    452    473    489    496    453    460    479    543    495    491    450    938    916    939    942    901    935    920    934    907    898    960    924    936    951    966    942    912    711    684    660    688    684    697    726    670    697    653    699  
   97     33     65     50     48     26     53     57      0     20     65     24     21     45     69     40     38    689    728    800    743    759    781    763    737    690    732    756    749    702    746    738    796    732    719    793    741    754    730    743    742    746    732    543    502    526    558    517    559    521    599    582    581    583    518    528    571    612    500    556    546    597    523    561    527    554    491    618    574    536    606    516    533    500    507    564    533    577    539    474    540    556    476    534    587    558    579    508    530    545    553    510    516    536    600    551    547    506    995    973    995    999    958    991    977    991    963    955   1017    981    992   1008   1022    999    969    765    736    713    741    738    751    781    722    751    707    751  
   78     26     46     48     33      7     63     42     20      0     49      7     39     34     53     56     27    676    714    788    731    746    769    751    724    678    720    745    736    690    733    725    783    719    705    781    729    742    717    731    729    733    719    532    490    515    546    504    547    509    586    571    568    573    507    517    558    600    488    543    536    587    512    551    515    542    479    605    562    525    594    503    522    488    495    553    521    559    521    455    522    538    457    517    569    541    561    490    512    527    535    492    498    518    582    533    528    488    978    956    978    982    941    975    960    974    946    938   1000    964    975    991   1005    982    951    752    725    701    728    725    738    767    710    738    694    740  
   37     37     49     90     17     49     76      8     65     49      0     43     77     24      4     85     30    628    666    740    683    697    721    704    676    630    672    697    688    643    684    677    735    670    657    733    682    693    669    684    681    685    671    484    442    469    498    455    499    461    538    525    520    526    460    469    510    552    440    495    489    541    465    504    466    494    431    557    515    479    547    455    474    440    447    507    474    513    475    410    476    492    412    470    524    493    515    445    465    481    489    445    453    472    535    487    483    442    931    908    931    935    893    927    912    926    899    890    952    916    928    943    958    934    904    704    677    652    681    677    689    718    663    690    646    693  
   73     21     45     54     27     11     60     35     24      7     43      0     41     27     47     57     21    669    708    781    725    739    762    745    718    671    713    738    729    684    726    718    777    712    699    775    723    735    710    725    723    727    713    525    483    509    540    497    540    502    580    565    562    566    501    510    551    594    481    537    529    581    505    544    508    535    473    599    556    519    588    497    515    481    489    547    515    554    515    450    517    532    452    511    564    535    556    484    507    522    529    487    493    512    576    527    523    482    972    950    973    976    935    969    954    968    940    932    994    958    970    985    999    976    946    746    718    694    722    719    731    760    704    732    688    733  
  111     41     85     67     60     46     39     69     21     39     77     41      0     54     81     20     47    692    732    803    746    763    783    765    740    692    735    758    752    705    750    741    800    735    724    795    742    758    734    744    746    749    735    546    506    526    561    522    562    525    602    583    585    584    519    531    574    615    503    559    547    598    524    562    531    557    494    620    576    537    607    521    534    503    510    565    536    589    551    487    552    569    488    545    600    568    590    521    541    557    564    521    529    547    611    563    559    519   1005    982   1005   1009    968   1000    987   1001    974    964   1028    990   1002   1018   1033   1009    979    768    738    717    743    741    756    786    724    754    711    753  
   61     14     55     80     11     37     54     17     45     34     24     27     54      0     28     62      8    644    683    756    699    715    737    719    692    646    688    712    704    658    701    693    752    687    675    749    697    710    686    699    698    702    688    499    458    483    514    473    515    477    554    539    537    540    475    484    526    568    456    512    503    554    479    518    483    510    447    573    530    493    562    472    489    456    463    521    489    536    497    433    499    515    435    491    546    515    537    468    487    504    511    467    475    494    558    509    506    465    952    929    952    956    915    948    934    948    921    911    974    937    949    965    980    956    926    721    692    669    696    694    707    736    678    706    663    708  
   34     41     50     93     21     52     79     12     69     53      4     47     81     28      0     89     34    624    662    736    680    693    718    700    672    627    668    694    684    639    681    673    731    667    653    730    679    690    665    681    678    681    668    480    438    466    495    451    495    457    534    521    516    523    457    465    506    549    436    492    486    537    462    501    463    490    428    554    511    475    544    451    471    436    444    503    470    509    471    406    472    489    408    466    520    489    511    441    461    477    485    441    449    468    532    483    479    439    927    904    927    931    889    923    908    922    895    886    949    912    924    940    954    930    900    700    674    649    677    673    686    714    659    686    643    689  
  122     49    101     87     70     63     25     78     40     56     85     57     20     62     89      0     56    688    729    799    741    761    778    759    736    688    731    752    748    700    746    737    796    732    721    790    737    754    730    738    742    745    731    541    502    519    557    519    559    521    598    577    582    578    514    526    570    611    498    555    541    591    518    556    528    553    490    616    572    531    601    518    529    499    506    559    531    594    556    493    557    574    494    548    605    571    594    527    545    562    569    525    534    552    616    568    565    525   1007    984   1008   1012    970   1002    990   1003    978    966   1031    992   1004   1021   1036   1011    982    764    732    713    738    737    753    783    718    750    707    747  
   66      8     55     74     14     31     51     23     38     27     30     21     47      8     34     56      0    651    690    763    706    722    744    726    700    653    695    719    711    665    709    700    759    695    682    756    704    717    693    706    705    709    695    506    465    489    521    480    522    484    561    546    544    547    482    491    533    575    463    519    510    561    486    525    490    517    454    581    537    500    569    479    496    463    470    528    496    542    504    440    506    522    441    498    553    522    544    474    494    510    518    474    482    501    565    516    512    472    959    936    959    963    922    955    941    955    928    918    981    944    956    972    986    963    933    728    699    676    704    701    714    743    685    714    670    715  
  610    656    662    715    643    676    664    635    689    676    628    669    692    644    624    688    651      0     51    112     59     84    100     87     49     26     45     86     61     32     62     49    109     48     57    112     79     67     47     82     56     58     44    148    187    187    131    176    130    168     91    128    110    133    182    163    119     78    190    133    161    129    178    151    162    135    199     72    118    169    103    175    165    189    182    143    158    314    312    364    314    332    349    270    319    250    280    350    284    308    298    292    333    304    298    311    331    345    414    390    424    425    393    392    410    417    426    371    459    395    407    438    466    425    417     77     74     27     57     50     76    115     57     63     23     84  
  646    695    698    753    682    714    705    673    728    714    666    708    732    683    662    729    690     51      0     82     57     34     90     87     36     70     42     92     34     68     22     33     71     14     18    100     95     38     12     97     26     32     33    193    228    236    175    211    172    209    134    178    147    184    229    208    160    124    233    175    210    180    226    201    202    177    241    118    165    217    153    212    212    230    225    192    202    311    316    376    317    333    360    278    315    256    279    357    291    311    300    303    339    310    293    313    333    353    364    341    375    376    345    341    361    368    379    322    411    346    358    389    418    375    369     45     92     28     59     33     26     64     81     36     29     93  
  722    768    773    827    755    788    775    747    800    788    740    781    803    756    736    799    763    112     82      0     61     66     42     59     64    114     69     70     53    103     61     64     22     73     98     41     85     48     75     86     61     56     69    259    299    291    243    287    242    280    202    230    221    234    290    274    230    189    301    245    266    225    286    254    274    247    310    183    228    275    205    286    274    301    294    248    269    389    396    457    397    411    442    359    391    336    357    437    372    391    380    384    419    390    369    392    412    433    360    338    373    373    349    331    363    366    389    321    410    341    352    387    418    373    375     38     87     88     64     63     68     79     92     51     95     75  
  666    711    718    771    698    731    717    690    743    731    683    725    746    699    680    741    706     59     57     61      0     70     42     32     21     54     18     36     29     43     44     24     66     43     74     54     41     31     46     43     34     29     25    201    242    231    185    234    185    223    146    170    167    173    230    216    175    131    244    188    206    165    226    194    218    190    253    126    170    215    145    232    214    244    236    188    211    363    365    420    366    383    404    324    367    303    330    404    337    360    349    347    386    357    345    362    383    399    401    379    413    413    386    375    401    406    423    360    450    383    394    427    457    413    411     38     39     42      4     25     65    100     35     30     50     37  
  677    727    728    783    713    745    737    704    759    746    697    739    763    715    693    761    722     84     34     66     70      0     89     93     53     99     60    102     41     95     28     50     48     37     41     96    110     40     38    111     38     41     53    227    260    269    208    243    205    242    167    211    179    217    263    242    193    158    266    208    244    212    259    234    234    210    274    152    198    251    186    243    245    263    257    226    236    324    333    395    333    347    380    297    326    273    293    374    310    327    316    323    356    326    304    328    348    370    336    313    347    347    318    312    334    340    354    294    383    317    329    361    390    347    343     38    108     59     73     49      9     33    101     41     61    104  
  705    748    757    810    736    769    754    728    781    769    721    762    783    737    718    778    744    100     90     42     42     89      0     20     58     92     57     31     56     79     71     59     60     77    108     13     47     53     80     47     64     58     63    238    280    264    224    274    224    262    185    203    208    205    265    253    214    170    282    227    240    194    261    226    257    229    290    165    207    249    178    272    250    283    275    221    248    400    404    460    405    421    444    364    404    342    367    443    377    399    388    387    426    396    382    401    421    439    401    379    414    414    389    373    404    407    429    362    452    383    393    428    459    414    416     52     50     82     43     60     88    112     61     55     90     36  
  688    730    739    792    719    752    735    710    763    751    704    745    765    719    700    759    726     87     87     59     32     93     20      0     52     75     49     12     56     63     71     54     73     74    105     31     28     55     76     28     63     56     56    220    263    244    207    258    208    245    169    184    193    185    247    235    198    153    264    211    221    175    242    207    241    212    273    149    189    230    159    256    231    265    257    202    230    394    396    450    397    414    434    355    398    334    361    434    368    391    380    378    417    388    377    393    414    430    415    393    428    428    402    388    417    421    441    376    465    397    408    442    472    428    428     57     30     74     31     55     90    120     42     55     81     17  
  658    704    710    764    691    724    712    683    737    724    676    718    740    692    672    736    700     49     36     64     21     53     58     52      0     53      8     56     15     45     26      4     63     23     54     69     60     20     25     62     16     13      6    196    235    231    179    224    178    216    139    170    158    175    228    211    167    125    238    181    206    168    224    194    210    183    246    120    165    214    145    223    211    237    230    187    205    344    347    403    348    364    387    307    347    285    311    386    320    342    331    330    368    339    326    344    364    382    388    365    399    399    371    363    386    392    407    346    435    369    381    413    443    399    396     31     57     26     23      5     47     85     49     17     33     58  
  614    657    665    718    645    678    664    637    690    678    630    671    692    646    627    688    653     26     70    114     54     99     92     75     53      0     47     71     68     13     74     56    115     63     79    104     61     73     63     64     65     66     50    147    189    178    133    184    133    170     94    118    118    122    177    162    123     79    191    136    154    115    173    142    166    137    199     74    116    162     93    181    161    191    183    135    157    335    332    382    334    353    366    289    341    270    302    369    303    328    318    310    352    324    321    331    352    364    434    410    444    445    414    410    431    437    448    391    480    415    427    458    487    445    438     84     56     42     51     56     92    132     38     70     42     68  
  654    700    706    759    687    720    707    679    732    720    672    713    735    688    668    731    695     45     42     69     18     60     57     49      8     47      0     52     23     38     33     11     69     29     58     69     54     27     30     56     23     21      9    191    230    224    175    221    174    211    134    164    154    168    222    206    163    121    233    177    199    161    218    188    206    179    242    115    160    208    139    219    206    233    226    181    200    346    348    403    349    366    388    307    350    286    313    387    321    343    332    331    369    340    328    345    366    382    395    372    407    407    378    370    394    400    414    354    443    377    388    421    450    407    403     38     51     26     18     12     54     92     41     24     33     53  
  682    724    733    786    712    745    728    704    756    745    697    738    758    712    694    752    719     86     92     70     36    102     31     12     56     71     52      0     62     59     78     59     84     79    109     40     17     62     81     17     69     63     60    214    258    236    201    254    202    239    165    176    189    177    239    229    193    148    258    205    213    166    235    199    236    206    267    144    183    222    152    252    224    260    251    194    224    396    397    449    398    416    434    355    400    335    363    435    368    392    381    377    417    389    379    395    415    430    426    404    439    438    413    398    427    431    451    386    476    408    418    452    483    438    438     66     21     76     34     60     98    129     35     62     83      6  
  669    716    721    775    703    736    724    695    749    736    688    729    752    704    684    748    711     61     34     53     29     41     56     56     15     68     23     62      0     60     16     13     49     22     52     66     69      6     24     71      9      3     18    209    247    245    192    234    190    228    151    185    168    189    241    224    179    138    250    193    220    183    237    208    222    195    259    133    179    228    159    234    225    249    242    201    218    345    350    408    351    366    392    311    348    288    312    390    324    345    334    335    372    343    326    346    366    385    374    351    386    386    358    349    373    379    395    333    422    356    367    400    429    386    383     17     67     36     32     12     36     72     61      3     42     65  
  626    670    678    731    658    691    676    650    702    690    643    684    705    658    639    700    665     32     68    103     43     95     79     63     45     13     38     59     60      0     68     48    106     58     79     92     49     65     59     52     59     58     43    159    202    189    145    196    146    183    107    128    131    132    188    175    136     91    203    149    164    124    184    152    179    150    212     87    129    173    103    194    172    204    196    145    170    345    343    393    344    363    377    300    350    281    311    380    314    339    329    322    363    335    330    342    362    375    430    407    441    441    411    406    428    434    446    388    477    411    423    455    484    441    436     75     44     40     39     49     87    127     26     62     43     56  
  665    713    717    771    700    733    722    692    746    733    684    726    750    701    681    746    709     62     22     61     44     28     71     71     26     74     33     78     16     68      0     22     51     15     39     80     84     18     16     86     11     15     26    209    245    248    191    230    188    226    150    188    165    193    243    224    177    138    249    192    222    188    239    212    219    194    257    133    179    230    163    230    226    247    241    204    218    332    338    397    339    354    382    300    335    277    300    378    313    332    321    324    360    331    313    334    354    374    363    340    374    375    345    338    361    367    382    321    410    344    356    388    418    375    370     23     82     35     47     21     22     60     74     16     40     80  
  659    705    710    764    692    725    713    684    738    725    677    718    741    693    673    737    700     49     33     64     24     50     59     54      4     56     11     59     13     48     22      0     61     20     51     71     63     18     22     65     12     11      6    197    236    233    180    224    179    217    139    172    158    177    229    212    167    127    239    182    207    170    225    196    211    184    247    121    167    215    147    223    213    238    231    189    207    342    345    402    346    362    386    305    345    284    309    385    319    340    329    329    367    338    324    342    362    380    385    361    396    396    367    360    383    389    404    343    432    366    377    410    439    396    392     29     60     26     26      2     43     81     52     15     33     61  
  716    764    767    822    750    783    772    742    796    783    735    777    800    752    731    796    759    109     71     22     66     48     60     73     63    115     69     84     49    106     51     61      0     65     85     61     98     43     67     99     54     52     67    257    295    293    240    281    238    276    199    233    215    237    290    272    226    187    299    241    268    229    286    256    269    243    307    181    227    276    207    281    273    297    291    249    267    372    380    442    381    395    428    345    374    321    340    422    357    375    364    370    404    374    351    376    396    418    343    321    356    355    330    315    345    348    370    303    393    324    335    369    400    355    357     33     99     84     70     61     53     58    100     47     89     89  
  651    699    703    757    686    719    708    678    732    719    670    712    735    687    667    732    695     48     14     73     43     37     77     74     23     63     29     79     22     58     15     20     65      0     31     88     82     27      3     84     14     20     21    195    231    234    177    216    174    212    135    175    151    181    229    210    162    124    235    177    209    176    225    199    205    180    243    119    165    216    150    216    212    233    227    191    204    324    328    386    329    345    371    289    327    267    291    368    302    323    312    314    350    321    305    325    345    364    372    349    383    383    353    348    370    376    389    330    419    354    365    397    426    383    378     35     79     22     46     19     30     70     69     24     26     80  
  637    687    688    743    673    705    697    664    719    705    657    699    724    675    653    721    682     57     18     98     74     41    108    105     54     79     58    109     52     79     39     51     85     31      0    118    111     56     29    114     44     50     50    190    222    235    170    203    166    203    130    179    140    186    227    204    154    122    227    170    210    184    223    201    195    172    235    116    162    216    156    203    209    224    219    193    198    294    300    360    300    316    344    262    297    239    262    340    275    294    283    287    322    293    275    296    316    336    358    334    368    369    337    337    354    361    370    315    403    340    352    382    410    369    361     61    108     40     76     50     34     65     95     53     37    110  
  717    760    769    822    748    782    765    740    793    781    733    775    795    749    730    790    756    112    100     41     54     96     13     31     69    104     69     40     66     92     80     71     61     88    118      0     57     63     90     56     75     68     74    250    293    275    236    286    237    274    198    215    220    216    277    265    226    182    294    240    251    205    273    238    270    241    303    178    219    261    190    285    261    295    287    232    260    411    415    472    416    432    456    375    414    354    378    455    389    410    399    399    437    408    392    412    432    450    400    378    413    413    389    371    403    406    430    361    451    382    392    427    458    413    416     60     61     94     55     71     95    116     72     65    102     45  
  667    708    719    771    697    730    712    689    741    729    682    723    742    697    679    737    704     79     95     85     41    110     47     28     60     61     54     17     69     49     84     63     98     82    111     57      0     70     84      3     74     69     62    199    243    220    187    242    189    225    152    160    177    161    223    214    180    135    243    192    197    149    219    183    223    193    252    131    169    206    136    239    209    245    237    178    210    392    391    442    392    411    426    348    397    329    358    428    362    386    376    370    411    383    376    389    409    423    439    416    451    451    424    412    439    444    462    398    488    420    431    465    495    451    450     76      6     74     38     64    105    139     23     69     80     12  
  675    722    727    781    709    742    730    701    754    742    693    735    758    710    690    754    717     67     38     48     31     40     53     55     20     73     27     62      6     65     18     18     43     27     56     63     70      0     29     72     14      9     24    215    253    250    198    240    196    234    157    190    174    194    247    230    184    144    256    199    225    188    243    214    228    201    265    139    184    233    165    240    230    255    248    207    224    349    354    413    355    370    397    316    352    293    316    394    329    349    338    340    377    347    330    351    371    390    371    348    383    383    355    345    371    376    392    330    420    353    364    397    427    383    381     11     69     42     35     18     36     69     65      4     48     65  
  650    698    701    756    684    717    707    676    730    717    669    710    734    686    665    730    693     47     12     75     46     38     80     76     25     63     30     81     24     59     16     22     67      3     29     90     84     29      0     86     16     22     22    193    229    233    175    214    173    210    134    174    149    180    228    208    161    123    234    176    208    175    224    198    203    178    242    117    164    215    150    214    211    232    225    190    202    321    326    384    327    342    369    287    325    264    289    366    300    321    310    311    348    319    303    323    343    362    372    348    383    383    353    348    369    375    388    329    418    353    365    397    425    383    377     38     81     22     47     21     30     70     70     26     25     82  
  669    710    721    773    699    732    714    691    743    731    684    725    744    699    681    738    706     82     97     86     43    111     47     28     62     64     56     17     71     52     86     65     99     84    114     56      3     72     86      0     76     71     64    201    246    221    190    244    191    228    154    162    180    162    225    216    182    138    246    194    198    151    221    184    225    195    254    134    171    208    138    242    210    248    239    180    212    394    393    444    395    413    428    351    399    332    361    431    364    389    379    373    413    385    379    392    412    426    440    417    452    452    425    413    441    445    463    399    489    421    432    466    496    452    451     77      8     77     40     66    107    141     26     71     83     11  
  663    710    714    768    697    729    718    688    742    729    681    723    746    698    678    742    705     56     26     61     34     38     64     63     16     65     23     69      9     59     11     12     54     14     44     75     74     14     16     76      0      7     17    203    241    241    186    228    184    222    145    181    162    186    237    218    173    133    245    187    216    180    233    205    215    189    253    127    174    223    156    227    220    243    237    197    213    337    341    399    342    358    384    302    340    280    304    381    316    336    325    327    364    334    318    338    358    377    373    350    384    384    355    348    371    377    392    331    420    354    366    398    427    384    380     23     72     30     37     11     32     69     64     11     36     71  
  667    713    718    772    700    733    722    692    746    733    685    727    749    702    681    745    709     58     32     56     29     41     58     56     13     66     21     63      3     58     15     11     52     20     50     68     69      9     22     71      7      0     16    206    244    242    189    232    187    225    148    182    166    187    239    221    176    136    248    191    217    180    235    206    219    193    256    130    176    225    157    231    222    247    240    199    216    343    347    405    348    364    390    309    347    286    310    388    322    343    331    333    370    340    325    344    364    383    375    352    387    387    359    350    374    380    395    334    423    357    368    401    431    387    384     20     67     33     32     10     36     73     60      5     40     65  
  653    699    705    759    687    719    707    678    732    719    671    713    735    688    668    731    695     44     33     69     25     53     63     56      6     50      9     60     18     43     26      6     67     21     50     74     62     24     22     64     17     16      0    191    230    227    175    219    173    211    134    167    153    171    224    206    162    121    233    177    202    165    220    190    205    178    242    115    161    210    142    218    207    233    226    183    201    339    342    398    343    360    383    302    343    280    306    381    315    337    326    326    364    335    322    339    359    377    389    365    400    400    371    364    387    393    407    347    436    370    382    414    443    400    396     35     59     21     26      7     47     85     49     20     28     61  
  468    511    520    572    499    532    517    491    543    532    484    525    546    499    480    541    506    148    193    259    201    227    238    220    196    147    191    214    209    159    209    197    257    195    190    250    199    215    193    201    203    206    191      0     47     59     21     64     29     32     61     54     59     62     40     16     40     71     45     27     42     78     39     50     37     23     54     77     31     40     68     57     25     48     39     42     11    287    267    292    269    295    276    221    297    215    256    291    233    266    260    231    277    258    284    272    290    286    532    507    539    540    504    515    522    532    529    488    571    514    526    553    577    540    524    225    194    174    198    197    218    254    179    211    169    209  
  425    470    477    530    457    490    478    449    502    490    442    483    506    458    438    502    465    187    228    299    242    260    280    263    235    189    230    258    247    202    245    236    295    231    222    293    243    253    229    246    241    244    230     47      0     78     57     39     57     20     97     98     82    105     53     35     69    111     13     54     76    122     56     89     28     52     16    116     75     67    114     32     52      3     10     84     37    264    239    255    242    268    239    195    274    193    236    259    205    239    234    200    246    230    264    245    262    253    549    525    555    557    519    535    538    548    540    505    585    532    544    569    591    557    538    263    238    212    239    236    252    286    223    249    206    253  
