150

  0    9   20   15  100  112  106  105  120  121  126  116  107  111  106  117  122  123  130  128   78   86   80   78  151  150  161  166  114  108  120  109  180  197  181  189   54   59   69   68  153  145  149  152  163  165  170  168  155  150  161  166  165  174  176  174  157  161  160  159  137  117  127  120  253  248  250  253  136  136  130  137   68   68   61   58  126  123  122  126   75   78   74   77   87   77   74   88  231  231  227  239  154  138  144  146  256  249  244  253  123  132  126  132   42   51   38   48  180  160  171  162  105  106  112  107  185  179  187  190  250  249  244  249  184  196  190  194   73   80   75   78   68   75   59   73   91  105   98  104  182  190  190  195  130  143  135  144  180  174  
  9    0   18   10   94  107  102  100  118  120  124  114   98  102   97  108  113  114  121  119   70   78   73   70  145  144  156  161  107  101  113  102  185  202  187  194   54   59   68   67  145  136  140  143  157  160  165  163  146  141  152  157  173  183  184  183  165  169  168  167  142  121  131  124  251  245  247  250  144  145  138  146   77   77   69   67  132  128  128  132   79   84   79   82   82   71   69   83  238  238  234  247  154  138  144  146  263  257  252  260  131  139  134  139   33   42   30   39  174  154  166  156  108  109  116  110  192  187  195  197  257  257  251  256  189  200  195  199   67   74   69   73   75   83   67   80   97  111  103  111  180  187  188  193  138  151  143  152  182  176  
 20   18    0    8   81   93   87   85  100  102  106   97  101  104   99  111  113  114  122  120   63   70   63   63  131  131  142  147  118  113  125  113  171  189  174  180   72   76   86   84  142  136  138  142  143  145  150  148  148  143  155  158  172  182  183  182  158  162  162  160  157  136  147  140  234  228  230  233  149  151  144  151   75   75   67   65  120  116  115  119   95   98   94   97   68   57   55   68  230  228  225  238  136  121  126  128  254  248  243  251  121  130  125  130   38   43   30   43  161  141  151  142  125  125  132  127  182  178  185  188  249  247  242  246  174  186  180  184   81   88   85   88   68   78   62   73  111  124  117  124  162  170  171  175  132  147  137  146  165  160  
 15   10    8    0   85   98   92   90  108  110  114  104   97  101   95  107  110  112  119  117   63   71   65   64  136  135  147  152  111  105  118  106  179  197  181  188   64   68   77   76  141  133  136  139  148  151  156  154  145  139  151  155  175  184  186  184  163  167  167  165  151  130  140  134  241  235  237  240  149  150  144  151   78   78   70   68  127  123  122  126   89   93   88   91   73   62   60   74  236  235  232  244  145  129  134  137  260  254  249  257  128  136  131  136   32   39   26   38  165  145  156  147  118  119  125  120  188  184  192  194  255  254  248  253  182  194  188  192   73   80   76   80   73   83   66   78  106  119  112  119  170  178  178  183  137  151  142  151  173  168  
100   94   81   85    0   15   15   12   53   60   62   47   92   91   88   99   84   86   99   96   38   31   28   40   51   50   62   67  141  138  149  138  181  202  192  189  143  147  152  150   96  102   93  101   64   67   73   69  120  120  130  126  234  245  245  244  204  208  214  207  235  215  224  218  169  163  165  166  225  228  221  227  144  144  136  137  150  145  142  146  173  178  173  176   14   24   25   16  266  261  261  274   98   93   86   98  286  283  277  283  164  173  171  171   78   70   72   77   80   60   72   62  201  203  209  202  214  214  221  222  283  279  271  276  179  193  185  192  124  131  134  136  126  141  127  132  191  205  197  204  104  111  112  117  187  202  188  196  146  141  
112  107   93   98   15    0    8    8   44   52   52   38  106  104  101  111   95   98  111  107   53   46   44   55   38   38   49   55  156  152  164  153  176  198  189  184  157  161  167  164  103  111  101  109   50   53   59   56  130  130  140  135  238  250  250  249  206  210  217  208  249  228  237  232  153  148  150  151  233  237  230  236  152  152  144  145  149  144  142  145  186  191  186  189   25   36   39   25  265  259  259  273   87   85   76   89  284  282  276  281  166  174  173  172   93   86   86   92   68   49   59   49  215  216  223  216  213  214  220  221  281  277  269  273  173  188  179  187  139  147  149  151  132  147  135  138  204  217  210  217   89   96   98  102  191  206  191  199  137  132  
106  102   87   92   15    8    0    3   39   47   48   33  107  105  102  113   98  101  114  110   52   46   42   54   45   46   55   62  155  152  163  152  170  192  182  178  152  157  163  160  108  115  106  114   56   58   64   62  134  134  143  139  231  242  242  241  198  202  209  201  243  222  232  226  156  150  152  154  226  230  223  229  144  145  136  138  142  137  134  138  181  185  180  183   21   30   34   19  257  252  252  266   84   80   72   84  277  275  268  274  158  166  166  165   89   82   82   89   75   56   65   56  209  211  217  211  206  206  213  213  274  270  262  266  167  182  173  181  137  144  146  149  124  140  127  130  198  211  204  211   90   97   98  103  183  198  183  191  132  128  
105  100   85   90   12    8    3    0   42   49   51   36  104  103   99  110   95   98  111  107   49   43   39   51   46   46   57   63  152  149  161  150  172  193  184  180  150  154  160  158  106  113  104  111   58   60   66   63  132  131  141  137  231  242  242  241  199  203  210  201  241  221  230  224  158  153  155  156  225  229  222  228  144  144  136  137  143  138  136  139  179  183  179  182   18   28   31   17  259  253  254  267   87   82   75   87  278  276  270  276  159  167  166  166   87   80   80   86   76   57   66   57  207  209  215  209  207  207  214  215  275  271  263  268  169  184  175  183  134  142  143  146  124  139  126  130  196  209  203  209   92  100  101  105  183  198  183  192  135  130  
120  118  100  108   53   44   39   42    0    8    9    6  145  143  140  151  137  139  152  149   87   82   77   89   62   66   67   78  189  185  198  186  135  156  149  142  172  176  184  182  146  154  145  153   66   64   66   69  173  173  183  178  214  226  225  224  174  178  187  177  255  235  247  238  133  128  130  133  220  226  218  223  139  139  132  135  116  110  108  111  194  195  193  195   52   56   61   47  227  220  222  236   45   41   34   45  245  244  237  243  136  143  144  141  115  111  106  116   86   74   73   68  225  225  231  227  176  178  184  184  243  238  229  234  130  145  137  145  166  174  174  177  115  130  121  120  208  220  214  219   62   70   70   75  164  179  162  170   93   89  
121  120  102  110   60   52   47   49    8    0    5   14  151  150  146  158  144  147  160  156   93   89   83   95   70   73   74   85  195  191  203  191  127  148  141  134  174  178  187  185  154  162  153  161   73   70   71   75  181  180  190  186  208  220  219  219  168  171  181  171  256  236  247  238  132  127  129  133  217  223  215  220  136  136  129  132  109  104  101  104  195  195  194  196   59   62   67   53  220  213  214  228   39   33   27   38  237  236  230  235  130  137  138  135  119  116  110  121   92   82   80   74  226  226  232  228  169  171  177  176  235  230  221  226  122  137  129  136  170  178  178  181  112  127  118  117  208  220  214  219   61   69   69   74  159  173  157  164   86   81  
126  124  106  114   62   52   48   51    9    5    0   15  154  152  149  160  146  149  162  158   96   91   86   98   68   71   72   83  198  194  206  195  128  149  142  135  178  183  191  189  155  163  153  162   70   67   68   72  182  182  192  187  212  224  223  223  171  175  185  174  260  240  252  243  128  123  125  128  221  228  220  224  140  140  134  137  112  107  104  107  199  199  198  200   61   65   70   56  222  215  216  230   36   33   24   37  239  238  232  237  133  140  141  138  123  119  114  124   89   80   77   72  230  230  237  233  171  173  179  178  237  232  223  227  123  138  129  137  174  182  181  185  116  131  123  121  213  225  219  223   56   64   64   69  162  177  160  167   85   80  
116  114   97  104   47   38   33   36    6   14   15    0  139  137  134  145  131  134  147  143   81   76   71   83   59   62   65   75  184  180  192  180  140  161  153  147  167  172  180  178  141  148  139  147   64   63   65   67  167  167  177  172  215  227  226  226  177  180  190  180  252  232  243  235  137  132  134  137  219  225  218  223  138  138  131  133  118  113  111  114  191  192  190  192   46   51   56   41  231  224  226  239   51   47   39   51  249  248  241  247  138  145  146  143  110  106  101  111   84   71   72   65  221  222  228  224  180  181  187  187  247  242  233  238  135  150  142  150  161  168  168  172  115  130  120  120  205  218  212  216   66   74   75   79  166  181  164  172   99   94  
107   98  101   97   92  106  107  104  145  151  154  139    0    6    5   10   25   24   23   23   59   62   69   57  126  122  136  134   56   55   64   56  259  280  267  268  112  114  111  108   58   42   53   51  140  145  153  145   48   42   54   59  272  281  283  281  259  263  264  261  204  185  189  191  255  249  251  251  240  239  233  241  175  175  167  165  216  211  210  214  151  163  153  157   93   92   87   98  329  327  325  338  190  183  178  188  353  348  342  350  221  230  226  229   65   58   72   59  147  128  146  137  167  172  177  165  280  277  285  286  348  346  340  344  260  274  266  272   66   69   77   78  169  180  163  175  173  186  178  189  195  201  203  207  234  248  238  247  235  230  
111  102  104  101   91  104  105  103  143  150  152  137    6    0    6    8   19   18   19   18   59   61   68   57  123  119  133  130   61   60   68   61  260  281  268  269  118  120  116  114   52   36   47   46  136  142  149  142   44   39   51   55  275  285  286  285  261  265  267  263  210  191  194  196  251  245  248  248  244  243  238  246  178  179  170  168  217  213  211  215  156  168  158  162   92   92   87   98  332  329  327  340  189  182  177  188  355  350  344  352  224  232  228  232   69   61   75   63  143  124  142  133  173  177  183  171  282  279  287  288  350  348  341  346  260  274  267  273   72   75   83   84  172  183  166  177  178  192  184  194  193  199  201  205  237  251  241  250  234  229  
106   97   99   95   88  101  102   99  140  146  149  134    5    6    0   13   22   22   24   23   54   58   64   52  121  117  131  129   61   59   68   60  255  276  263  264  113  115  112  109   56   41   51   50  135  141  148  140   50   45   56   61  270  279  281  279  256  260  261  258  206  187  190  192  250  244  247  246  239  238  232  240  173  173  165  163  212  207  206  210  151  163  153  157   88   87   82   94  326  324  322  335  185  178  173  184  349  344  339  346  218  227  223  226   63   56   69   57  142  123  141  132  169  173  179  167  277  274  281  283  345  343  336  341  255  269  262  268   68   71   79   80  166  177  161  172  173  187  179  189  190  196  198  202  231  245  235  244  230  225  
117  108  111  107   99  111  113  110  151  158  160  145   10    8   13    0   22   20   15   16   67   69   76   65  129  125  139  135   58   58   64   58  268  289  276  277  121  123  119  116   52   34   47   44  142  148  156  148   38   32   44   50  282  291  293  291  268  273  274  271  212  193  196  198  258  252  255  254  250  248  243  251  185  185  177  175  225  221  219  223  159  172  161  166  100  100   95  106  339  337  335  348  197  190  185  196  362  357  352  360  231  240  236  239   75   68   82   69  148  130  148  140  175  179  185  173  290  287  294  296  358  356  349  354  268  282  275  281   73   75   84   85  179  190  173  185  182  195  187  197  200  206  208  212  244  258  248  257  242  237  
122  113  113  110   84   95   98   95  137  144  146  131   25   19   22   22    0    3   16   12   58   58   66   57  109  105  118  114   80   79   87   80  260  281  269  269  134  137  134  132   34   23   29   30  122  128  135  127   38   36   47   47  284  294  296  294  267  271  274  269  228  209  213  214  238  232  235  233  257  257  251  259  188  188  179  178  220  215  214  218  173  184  174  179   88   90   85   94  336  333  331  344  182  177  170  182  358  354  348  355  229  237  234  236   80   71   85   74  127  109  127  119  191  195  201  189  285  283  291  292  354  351  344  349  259  273  266  272   90   94  101  102  179  191  175  185  195  208  200  210  182  188  190  194  244  259  247  256  230  225  
123  114  114  112   86   98  101   98  139  147  149  134   24   18   22   20    3    0   13   10   61   60   68   59  111  107  121  116   78   78   85   78  262  283  271  271  135  137  134  131   34   22   29   29  124  130  138  130   36   34   45   45  286  296  297  296  269  273  275  271  228  209  212  214  240  234  237  236  258  258  252  260  189  189  181  179  222  218  216  220  173  185  175  179   90   92   88   96  338  335  333  346  184  179  173  185  360  356  350  357  230  239  236  238   81   72   86   75  129  111  129  121  191  195  201  189  287  285  293  294  356  353  346  351  261  276  268  274   90   93  101  102  180  192  176  186  195  209  200  210  184  190  192  196  246  260  249  258  232  227  
130  121  122  119   99  111  114  111  152  160  162  147   23   19   24   15   16   13    0    4   72   73   80   70  124  120  133  129   70   71   77   72  274  295  282  283  136  137  134  131   38   19   33   30  137  143  150  142   26   22   34   37  293  303  305  303  278  282  284  280  227  208  211  213  253  247  250  248  263  262  256  264  197  197  188  186  233  228  226  230  174  187  176  180  103  104   99  108  348  345  343  357  198  192  186  197  371  366  361  368  240  249  245  248   87   79   93   81  141  123  142  134  190  194  200  188  298  295  303  304  366  364  357  362  273  288  280  286   88   90   99   99  189  201  184  195  196  210  202  212  197  203  205  209  254  269  258  267  245  240  
128  119  120  117   96  107  110  107  149  156  158  143   23   18   23   16   12   10    4    0   69   69   77   67  121  116  130  125   73   73   79   74  271  292  279  280  136  137  134  131   36   18   31   28  133  140  147  139   28   25   36   38  292  301  303  301  276  280  282  278  227  209  212  214  249  243  246  245  262  261  255  263  195  195  186  185  230  225  224  228  174  186  176  180   99  101   96  105  345  342  341  354  194  189  182  194  368  363  358  365  238  247  243  246   86   77   91   80  138  120  138  130  190  195  201  188  295  293  300  302  364  361  354  359  270  284  277  283   89   91  100  100  187  199  182  193  196  210  202  212  194  200  202  206  252  267  256  265  241  237  
 78   70   63   63   38   53   52   49   87   93   96   81   59   59   54   67   58   61   72   69    0    9   10    2   85   82   96   98  103  100  111  100  202  223  210  211  111  115  118  116   82   80   78   84   98  103  109  104   96   94  105  105  231  242  243  242  210  214  218  212  206  185  193  190  207  201  204  205  212  213  207  214  136  136  127  127  162  157  155  159  145  152  145  149   35   33   28   40  278  274  273  286  132  124  120  130  300  296  290  297  171  180  177  179   45   35   42   42  112   91  106   97  170  173  179  170  227  225  232  234  296  293  286  291  202  216  208  214   86   94   96   99  124  137  121  130  165  179  171  179  142  149  150  155  188  203  191  200  176  171  
 86   78   70   71   31   46   46   43   82   89   91   76   62   61   58   69   58   60   73   69    9    0    8   10   76   73   87   89  110  106  118  107  202  223  211  210  120  124  127  125   79   79   75   81   90   94  101   96   96   94  105  104  236  247  248  247  213  218  222  216  215  194  202  198  199  193  196  197  219  221  214  221  142  142  133  133  164  159  157  161  154  161  154  158   31   32   27   36  280  276  275  289  128  120  116  126  301  298  292  299  174  183  180  182   54   44   50   51  103   82   97   88  179  182  188  180  229  227  235  236  298  295  287  292  201  215  207  214   95  102  105  108  128  142  127  135  173  187  180  188  135  142  144  148  193  208  195  204  173  168  
 80   73   63   65   28   44   42   39   77   83   86   71   69   68   64   76   66   68   80   77   10    8    0   12   77   75   88   90  114  110  122  110  194  215  203  203  117  121  125  123   87   87   83   89   90   94  101   96  104  102  113  112  229  240  240  239  205  209  213  208  212  191  199  195  197  191  194  195  212  214  207  214  135  135  126  126  155  151  149  152  150  156  150  154   24   24   19   30  272  268  267  280  122  114  110  120  293  290  284  291  166  175  172  173   51   43   47   49  105   84   98   88  176  178  185  177  221  219  226  228  289  287  279  284  193  207  200  206   96  103  105  108  120  134  119  127  169  183  175  183  132  139  140  145  185  200  187  196  166  161  
 78   70   63   64   40   55   54   51   89   95   98   83   57   57   52   65   57   59   70   67    2   10   12    0   86   84   97   99  101   98  109   98  204  225  212  213  110  114  117  115   81   79   77   82  100  104  111  106   95   92  103  103  232  243  244  243  211  216  219  214  205  185  192  189  209  203  205  206  212  214  207  214  137  137  128  128  164  159  157  161  144  152  145  149   37   35   30   42  279  276  275  288  134  126  122  132  301  297  292  299  173  181  178  180   44   35   42   41  113   92  107   98  169  172  178  170  229  227  234  236  297  295  288  293  204  218  210  216   85   92   95   97  125  138  122  131  164  178  171  179  144  151  152  157  190  205  192  201  178  173  
151  145  131  136   51   38   45   46   62   70   68   59  126  123  121  129  109  111  124  121   85   76   77   86    0    5   11   17  181  178  189  179  195  217  210  202  193  197  202  200  104  119  105  113   14   19   26   20  138  140  147  139  272  284  283  283  236  239  248  238  286  266  275  269  129  123  126  125  271  275  268  273  189  189  181  183  177  172  170  173  224  229  224  227   63   74   76   63  289  282  284  298   93   99   84  100  306  306  299  304  197  204  204  202  128  120  122  126   29   12   21   12  252  253  260  253  239  240  246  246  305  300  291  295  190  204  196  204  171  178  181  183  168  183  171  174  242  255  248  255   77   82   84   88  223  238  223  230  146  142  
150  144  131  135   50   38   46   46   66   73   71   62  122  119  117  125  105  107  120  116   82   73   75   84    5    0   14   17  177  175  185  175  199  221  214  206  192  196  200  198   99  114  100  108   17   23   30   23  133  135  143  134  274  286  285  285  238  242  251  241  285  264  273  268  133  127  130  129  271  276  268  274  190  190  182  183  180  175  173  176  223  228  223  226   63   74   75   63  293  286  287  301   98  103   89  104  310  309  303  308  199  207  207  205  126  117  121  124   30   10   24   15  250  252  259  251  242  244  249  249  308  303  294  299  194  208  200  208  168  175  178  181  169  185  172  175  241  254  247  254   82   87   89   92  225  241  225  233  150  147  
161  156  142  147   62   49   55   57   67   74   72   65  136  133  131  139  118  121  133  130   96   87   88   97   11   14    0   12  191  189  199  189  198  219  213  204  204  209  213  211  111  127  112  121    4   10   17    9  146  148  155  146  280  291  291  290  241  245  254  244  297  276  285  280  119  114  116  115  280  284  277  283  198  198  190  192  183  178  175  178  235  239  235  238   74   85   87   73  293  286  288  302   94  101   86  102  310  309  303  308  203  210  211  208  139  131  133  137   20   12   10    1  263  264  271  264  243  245  251  250  308  303  294  298  191  206  197  206  182  189  192  194  176  192  180  182  252  266  259  265   73   76   79   82  230  245  229  237  146  142  
166  161  147  152   67   55   62   63   78   85   83   75  134  130  129  135  114  116  129  125   98   89   90   99   17   17   12    0  189  187  197  188  209  230  225  215  208  212  216  213  104  121  105  114   14   20   26   17  140  142  149  139  289  301  300  300  252  256  265  255  301  281  289  284  125  119  122  120  288  292  285  291  206  206  198  200  194  189  186  189  239  244  239  243   79   90   92   80  305  297  299  313  105  113   97  113  321  321  314  319  213  221  221  219  142  133  137  139   14    7   14   12  266  268  275  267  254  256  262  261  320  314  305  310  203  218  209  217  183  189  193  195  185  201  188  191  258  271  264  271   83   86   89   91  240  255  239  247  157  154  
114  107  118  111  141  156  155  152  189  195  198  184   56   61   61   58   80   78   70   73  103  110  114  101  181  177  191  189    0    6    8    6  288  307  292  298   91   91   82   79  108   88  103   99  194  200  207  200   82   75   82   94  273  281  283  281  271  275  273  273  169  153  152  158  308  302  305  305  230  225  221  230  180  181  174  170  238  234  233  237  127  142  130  134  138  133  128  143  345  345  341  353  234  224  222  230  370  363  359  367  238  246  241  246   83   82   93   79  203  183  201  192  134  139  144  130  299  294  302  304  364  364  358  363  291  304  297  302   43   39   48   46  182  189  174  187  149  160  152  164  245  252  253  258  243  256  249  258  274  269  
108  101  113  105  138  152  152  149  185  191  194  180   55   60   59   58   79   78   71   73  100  106  110   98  178  175  189  187    6    0   13    1  283  301  286  292   86   85   77   74  109   89  104  100  192  197  204  198   85   77   85   96  267  275  277  275  265  269  267  267  165  148  148  153  305  299  302  302  224  220  215  224  174  175  168  164  232  229  228  232  121  137  124  129  134  129  124  139  339  339  335  347  230  219  218  226  364  357  353  361  232  240  235  240   78   77   87   74  201  181  198  189  129  135  139  126  293  288  296  299  358  358  353  358  285  298  292  296   37   33   42   41  176  183  168  181  143  155  147  158  241  248  250  254  237  250  243  252  269  264  
120  113  125  118  149  164  163  161  198  203  206  192   64   68   68   64   87   85   77   79  111  118  122  109  189  185  199  197    8   13    0   12  296  314  299  305   94   94   84   81  114   94  110  105  202  208  215  208   87   79   85   98  277  285  288  286  277  281  278  278  168  152  151  158  316  310  313  313  233  228  224  233  186  186  179  175  245  241  240  244  129  144  132  136  146  141  136  151  351  351  347  359  242  232  230  238  376  369  365  373  244  252  247  252   90   90  100   86  210  191  208  200  133  139  144  129  305  300  308  311  370  370  365  370  298  311  304  309   48   42   51   49  188  195  179  193  150  161  154  165  253  260  261  266  248  261  254  263  282  277  
109  102  113  106  138  153  152  150  186  191  195  180   56   61   60   58   80   78   72   74  100  107  110   98  179  175  189  188    6    1   12    0  283  302  287  293   86   85   77   74  109   90  105  101  193  198  205  198   85   78   85   97  267  275  277  276  265  270  267  267  164  148  148  153  306  300  302  303  224  220  215  224  175  175  168  164  233  229  228  232  121  137  124  129  134  130  125  139  339  339  336  348  230  220  219  226  364  358  353  361  232  241  235  240   78   78   88   74  202  181  199  190  129  134  139  125  293  288  296  299  359  358  353  358  286  299  292  297   37   33   42   41  177  183  168  181  143  155  147  158  242  249  250  255  237  250  243  252  270  264  
180  185  171  179  181  176  170  172  135  127  128  140  259  260  255  268  260  262  274  271  202  202  194  204  195  199  198  209  288  283  296  283    0   22   20    9  229  233  245  245  277  281  274  281  196  191  190  196  298  296  307  305  140  150  146  148   85   86  102   87  275  259  274  259  191  189  189  197  185  196  189  189  137  137  138  143   57   59   59   55  229  219  226  225  173  170  175  168  101   91   95  108  107   97  112   97  113  114  108  111   76   73   80   71  206  208  196  210  213  207  201  198  258  255  260  264   58   66   67   64  113  106   97  101   13   16   14   14  251  259  254  257  119  122  131  117  230  236  234  232  145  148  146  148  101  108   93   93   64   64  
197  202  189  197  202  198  192  193  156  148  149  161  280  281  276  289  281  283  295  292  223  223  215  225  217  221  219  230  307  301  314  302   22    0   18   16  244  248  261  261  298  302  295  302  217  212  211  217  319  316  328  326  137  147  143  144   83   83  100   86  284  270  285  269  206  205  204  213  188  201  194  193  149  149  151  156   71   74   75   71  241  231  238  237  195  191  195  189   83   72   78   90  127  118  133  118   93   96   89   92   84   79   88   78  225  227  215  229  234  228  222  219  270  267  271  276   49   59   57   53   94   87   77   81   29   17   24   16  269  277  271  275  133  135  145  131  241  246  245  242  164  167  165  167  106  109   97   94   82   82  
181  187  174  181  192  189  182  184  149  141  142  153  267  268  263  276  269  271  282  279  210  211  203  212  210  214  213  225  292  286  299  287   20   18    0   22  227  231  244  244  287  290  284  291  211  207  206  212  307  304  315  314  123  133  129  130   68   69   85   71  267  252  267  252  211  209  208  216  172  184  177  176  132  132  134  139   55   58   59   55  224  213  221  220  184  179  184  178   82   73   77   90  124  112  129  113   96   97   90   95   67   62   70   61  210  213  200  215  229  222  217  213  253  249  254  258   39   47   48   45   95   90   81   85   32   28   31   25  254  261  255  259  116  117  128  114  223  229  228  224  163  167  165  167   89   93   80   78   83   83  
189  194  180  188  189  184  178  180  142  134  135  147  268  269  264  277  269  271  283  280  211  210  203  213  202  206  204  215  298  292  305  293    9   16   22    0  238  242  254  254  285  289  282  290  202  197  195  202  307  304  315  314  144  155  151  152   90   90  107   92  283  268  283  268  192  190  190  198  192  203  197  196  146  146  147  152   66   68   68   64  238  228  235  234  182  179  183  176   98   88   93  105  112  103  118  102  109  111  104  107   84   80   88   78  215  217  205  219  219  213  206  204  267  264  269  273   60   69   68   65  109  102   92   96   13    7   10    5  261  268  263  267  128  131  140  126  238  245  243  241  148  152  149  151  108  114  100   99   66   67  
 54   54   72   64  143  157  152  150  172  174  178  167  112  118  113  121  134  135  136  136  111  120  117  110  193  192  204  208   91   86   94   86  229  244  227  238    0    4   16   17  168  154  163  163  207  210  216  212  158  151  161  170  185  192  195  193  192  196  191  193   96   75   82   80  304  299  301  304  138  134  130  139  100  101   96   91  173  170  170  174   39   52   41   45  132  122  119  134  267  269  264  275  208  192  198  200  293  285  281  290  165  173  166  173   66   76   71   70  222  201  215  205   59   62   68   59  225  219  227  230  286  287  283  288  235  245  240  243   51   53   43   45  111  113  100  114   61   74   66   76  234  241  242  247  162  173  170  178  234  228  
 59   59   76   68  147  161  157  154  176  178  183  172  114  120  115  123  137  137  137  137  115  124  121  114  197  196  209  212   91   85   94   85  233  248  231  242    4    0   13   14  171  156  166  165  211  214  220  216  159  152  162  171  187  194  197  195  195  199  193  196   92   72   79   77  309  303  305  308  139  134  131  139  104  104   99   94  177  174  174  178   37   51   39   44  136  127  123  138  270  272  267  278  213  197  202  204  296  288  284  293  168  176  169  176   70   79   75   73  226  205  219  209   56   59   65   56  229  222  230  233  289  290  286  291  239  249  244  247   51   53   43   45  115  116  104  118   59   72   64   75  238  246  246  251  165  175  173  181  238  233  
 69   68   86   77  152  167  163  160  184  187  191  180  111  116  112  119  134  134  134  134  118  127  125  117  202  200  213  216   82   77   84   77  245  261  244  254   16   13    0    3  168  152  163  162  215  219  225  221  154  147  157  166  199  206  209  207  208  212  206  209   94   75   78   80  316  311  313  315  150  144  141  150  116  117  112  107  189  187  187  190   45   60   48   52  142  133  129  145  283  285  279  290  222  206  211  214  309  301  297  306  181  189  182  189   74   83   81   76  230  209  223  214   56   61   66   55  241  235  243  246  302  303  299  304  251  261  257  259   46   46   36   37  128  129  116  130   66   79   71   82  246  254  254  259  178  188  185  194  249  243  
 68   67   84   76  150  164  160  158  182  185  189  178  108  114  109  116  132  131  131  131  116  125  123  115  200  198  211  213   79   74   81   74  245  261  244  254   17   14    3    0  165  149  160  159  213  217  223  219  151  144  154  163  201  207  211  208  209  213  207  210   96   78   81   83  314  309  311  313  152  147  143  152  117  117  113  108  189  187  186  190   47   63   50   55  140  131  127  143  283  286  280  291  221  205  210  213  309  301  298  306  181  189  182  190   72   80   78   74  227  206  221  211   59   64   69   58  242  235  243  247  303  304  300  305  250  261  256  259   43   43   33   34  128  129  117  131   69   81   73   84  244  252  253  257  179  189  186  195  248  242  
153  145  142  141   96  103  108  106  146  154  155  141   58   52   56   52   34   34   38   36   82   79   87   81  104   99  111  104  108  109  114  109  277  298  287  285  168  171  168  165    0   21    5   11  115  122  128  120   36   41   45   35  313  323  324  323  292  296  300  294  262  243  246  248  229  223  226  224  289  289  283  291  217  217  208  207  242  237  235  239  206  218  208  212  104  109  105  109  358  354  353  367  189  187  178  192  379  376  370  377  253  261  259  260  112  103  115  106  115  100  118  112  225  229  235  223  307  306  313  314  376  373  365  370  274  289  281  288  124  127  135  136  206  219  203  212  229  242  234  244  181  186  189  192  271  285  273  282  240  235  
145  136  136  133  102  111  115  113  154  162  163  148   42   36   41   34   23   22   19   18   80   79   87   79  119  114  127  121   88   89   94   90  281  302  290  289  154  156  152  149   21    0   17   11  130  137  144  135   19   22   29   25  307  317  319  317  290  294  296  292  246  227  230  232  246  240  243  241  280  279  273  281  211  211  202  201  242  237  235  239  192  205  194  199  107  111  106  113  358  355  353  367  198  195  187  200  380  376  370  377  251  260  256  259  103   94  107   97  132  116  134  127  209  213  219  207  307  305  313  314  376  373  366  371  279  293  286  292  107  109  118  118  202  214  198  208  215  228  220  230  194  200  202  206  267  281  270  279  247  243  
149  140  138  136   93  101  106  104  145  153  153  139   53   47   51   47   29   29   33   31   78   75   83   77  105  100  112  105  103  104  110  105  274  295  284  282  163  166  163  160    5   17    0    9  116  122  129  120   34   38   43   35  309  319  320  319  288  292  296  291  257  237  241  243  230  224  227  225  284  284  278  286  213  213  204  203  239  234  232  235  201  213  203  207  101  106  102  106  355  351  350  364  188  186  177  190  376  373  367  374  249  258  255  257  107   98  111  102  116  101  119  113  220  224  230  218  304  302  310  311  373  369  362  367  272  287  279  286  119  122  130  131  202  215  199  208  224  237  229  239  181  186  189  192  267  281  269  278  238  233  
152  143  142  139  101  109  114  111  153  161  162  147   51   46   50   44   30   29   30   28   84   81   89   82  113  108  121  114   99  100  105  101  281  302  291  290  163  165  162  159   11   11    9    0  124  131  138  129   26   30   35   26  313  323  324  323  294  298  301  296  256  237  240  242  239  233  236  234  287  286  280  288  216  217  208  207  245  240  238  242  202  214  203  208  108  112  108  113  361  357  356  370  196  194  185  198  383  379  373  380  255  263  260  262  110  101  114  104  125  110  128  121  219  223  229  217  310  308  316  317  379  376  368  373  279  294  286  293  117  120  128  129  206  219  203  212  224  237  229  239  190  195  197  201  272  286  274  283  246  241  
163  157  143  148   64   50   56   58   66   73   70   64  140  136  135  142  122  124  137  133   98   90   90  100   14   17    4   14  194  192  202  193  196  217  211  202  207  211  215  213  115  130  116  124    0    7   14    6  150  152  159  150  279  291  290  290  240  244  254  243  299  278  287  282  116  110  113  112  280  285  277  283  198  198  190  192  182  177  174  177  236  241  236  239   76   86   89   75  292  284  286  300   91   99   83   99  308  308  301  306  202  209  210  207  141  133  135  139   20   15    8    3  265  266  273  266  241  244  249  249  306  301  292  296  189  204  195  203  185  191  195  197  176  192  181  182  254  267  260  267   69   73   75   78  230  245  228  236  143  140  
165  160  145  151   67   53   58   60   64   70   67   63  145  142  141  148  128  130  143  140  103   94   94  104   19   23   10   20  200  197  208  198  191  212  207  197  210  214  219  217  122  137  122  131    7    0    7    5  156  158  165  157  278  290  289  288  238  242  252  241  302  281  290  284  110  104  107  106  280  285  278  283  198  198  191  193  179  174  171  174  239  243  239  242   78   89   91   77  288  280  283  296   86   95   79   95  304  304  297  302  200  207  208  205  145  137  139  143   22   22    9   10  268  269  276  269  238  240  246  245  303  297  288  292  184  199  190  199  189  196  199  202  176  192  181  182  256  270  263  269   63   66   69   71  228  243  227  234  138  135  
170  165  150  156   73   59   64   66   66   71   68   65  153  149  148  156  135  138  150  147  109  101  101  111   26   30   17   26  207  204  215  205  190  211  206  195  216  220  225  223  128  144  129  138   14    7    0    9  163  165  172  164  279  291  290  290  239  242  253  242  307  286  296  290  102   97   99   98  283  289  281  287  202  202  194  196  180  175  172  174  244  248  244  247   84   94   97   82  287  279  282  295   84   94   77   93  302  303  296  300  201  208  209  206  151  143  145  150   24   28   12   17  273  275  281  275  237  240  245  245  301  296  286  290  182  197  188  197  196  203  206  208  179  195  184  185  261  275  268  274   57   60   63   66  230  245  228  235  135  132  
168  163  148  154   69   56   62   63   69   75   72   67  145  142  140  148  127  130  142  139  104   96   96  106   20   23    9   17  200  198  208  198  196  217  212  202  212  216  221  219  120  135  120  129    6    5    9    0  154  157  164  155  282  294  293  293  243  247  256  246  304  284  293  287  110  105  108  106  284  289  282  287  202  203  195  197  184  179  176  179  242  246  242  245   81   92   94   80  293  285  288  301   91  100   84  100  309  309  302  307  205  212  213  210  147  139  141  145   17   20    4    8  270  272  278  271  243  245  251  250  307  302  293  297  189  204  195  204  190  197  200  203  180  196  185  186  259  273  266  272   66   69   72   75  233  248  231  239  142  139  
155  146  148  145  120  130  134  132  173  181  182  167   48   44   50   38   38   36   26   28   96   96  104   95  138  133  146  140   82   85   87   85  298  319  307  307  158  159  154  151   36   19   34   26  150  156  163  154    0    7    9   12  319  329  330  329  304  308  310  306  247  229  230  234  264  259  262  260  288  286  281  289  222  223  214  212  258  253  252  256  196  210  199  203  125  128  123  131  373  370  369  382  218  214  206  219  396  392  386  393  266  275  271  274  113  105  119  107  151  135  153  146  210  215  220  207  323  321  328  330  392  389  382  387  297  311  304  310  109  110  119  119  215  226  210  221  219  232  224  234  214  219  221  225  280  295  284  293  266  262  
150  141  143  139  120  130  134  131  173  180  182  167   42   39   45   32   36   34   22   25   94   94  102   92  140  135  148  142   75   77   79   78  296  316  304  304  151  152  147  144   41   22   38   30  152  158  165  157    7    0   12   19  314  323  325  324  300  304  306  302  239  221  223  227  267  261  264  262  282  280  275  283  217  217  209  207  255  250  248  252  189  203  192  196  124  126  121  130  370  367  365  378  217  213  206  218  392  388  382  390  262  271  267  270  108  100  114  102  154  137  156  149  203  208  213  200  320  317  325  326  388  386  379  384  295  309  302  308  102  102  112  112  211  222  205  216  212  225  217  227  215  221  223  226  276  290  279  289  265  261  
161  152  155  151  130  140  143  141  183  190  192  177   54   51   56   44   47   45   34   36  105  105  113  103  147  143  155  149   82   85   85   85  307  328  315  315  161  162  157  154   45   29   43   35  159  165  172  164    9   12    0   13  326  335  337  335  312  316  317  314  248  231  232  236  274  268  271  269  293  291  286  294  229  229  221  219  266  262  260  264  200  213  202  206  135  137  132  140  381  379  377  390  227  223  215  228  404  400  394  401  274  283  279  282  119  112  126  113  160  144  162  156  212  217  222  209  331  329  336  338  400  397  391  395  306  320  313  319  111  112  121  121  222  233  217  228  222  235  227  237  223  229  231  234  287  302  291  300  276  271  
166  157  158  155  126  135  139  137  178  186  187  172   59   55   61   50   47   45   37   38  105  104  112  103  139  134  146  139   94   96   98   97  305  326  314  314  170  171  166  163   35   25   35   26  150  157  164  155   12   19   13    0  330  339  341  340  313  318  320  316  259  241  242  246  264  258  261  259  300  298  293  301  233  233  225  223  267  262  260  264  208  222  210  215  132  135  131  138  382  379  378  391  222  219  211  224  404  400  395  402  275  284  280  283  124  116  129  118  150  135  153  147  222  227  232  219  332  330  337  339  400  398  391  395  304  318  310  317  121  122  131  131  225  237  220  231  231  244  236  246  216  221  223  227  290  305  294  303  271  267  
165  173  172  175  234  238  231  231  214  208  212  215  272  275  270  282  284  286  293  292  231  236  229  232  272  274  280  289  273  267  277  267  140  137  123  144  185  187  199  201  313  307  309  313  279  278  279  282  319  314  326  330    0   12   11   11   55   54   38   52  179  172  186  169  317  314  314  321   65   78   74   69   97   97  105  107  106  110  113  112  162  146  158  155  221  212  213  217  102  110  101  107  213  195  212  200  127  116  115  124   81   76   72   79  206  214  200  212  299  284  287  280  180  175  177  187   90   80   84   89  119  124  125  129  152  150  153  148  230  235  226  229  108   94  110  102  149  148  151  142  255  261  260  263   50   36   54   49  193  190  
