50

  0   17   20   23   21   24   20  174  144  153  161  163  178  168  206  185  169  187  202  203  198  338  336  337  304  326  329  312   43   17   31   31   31   10   23   58   29   71   55   35   34   74  161  184  163  192  162  170  184  137  
 17    0   24   15    5   16   14  163  132  141  147  149  166  154  192  171  156  173  190  189  186  325  324  323  291  313  315  299   30    3   25   14   21   10   13   43   13   54   40   18   17   57  144  168  148  176  146  153  168  126  
 20   24    0   14   29   15   12  157  128  136  149  148  161  154  192  170  154  174  187  189  181  322  320  322  289  310  315  298   54   26   47   35   20   15   36   67   26   75   63   35   32   74  162  189  170  196  165  171  187  121  
 23   15   14    0   20    1    4  151  121  130  139  140  155  145  183  161  146  165  179  180  174  315  313  314  281  303  306  289   43   18   40   22    8   13   28   54   12   61   51   21   18   60  148  175  156  182  151  157  172  114  
 21    5   29   20    0   20   19  164  133  142  146  149  166  154  192  171  156  172  190  189  186  325  324  323  291  313  315  298   25    4   21   10   24   15    9   38   14   50   35   16   16   53  140  164  143  171  141  148  163  127  
 24   16   15    1   20    0    4  151  120  129  138  139  154  144  183  161  145  164  179  180  174  314  312  313  281  302  305  289   43   18   40   22    7   14   28   54   12   60   51   20   18   59  148  175  156  182  150  157  172  114  
 20   14   12    4   19    4    0  155  124  133  142  143  158  149  187  165  149  168  183  184  178  319  317  317  285  307  310  293   43   17   39   23   12   10   26   55   14   63   52   23   20   62  151  177  158  184  153  159  175  118  
174  163  157  151  164  151  155    0   33   23   54   37   14   43   58   35   31   58   38   57   27  167  164  169  135  156  164  146  174  165  183  157  144  164  172  171  150  154  168  150  149  140  167  205  203  208  175  174  188   38  
144  132  128  121  133  120  124   33    0   11   38   26   34   35   68   44   29   57   59   66   54  195  192  194  161  183  188  170  141  134  151  125  113  134  140  137  119  121  134  118  117  107  140  178  174  182  148  148  163    7  
153  141  136  130  142  129  133   23   11    0   42   27   25   35   65   40   26   57   52   63   45  187  184  187  153  175  181  163  151  143  161  135  122  143  150  148  128  131  145  127  126  117  149  187  184  191  157  157  171   15  
161  147  149  139  146  138  142   54   38   42    0   17   43   12   46   32   23   26   52   43   57  182  182  178  147  168  169  153  149  148  161  137  131  151  152  141  134  121  138  130  130  107  114  152  152  154  123  121  134   44  
163  149  148  140  149  139  143   37   26   27   17    0   27    9   44   22    8   31   42   42   43  176  176  174  142  164  167  150  154  151  166  141  132  152  156  148  136  129  145  133  133  115  130  168  168  171  139  137  151   33  
178  166  161  155  166  154  158   14   34   25   43   27    0   31   44   21   20   45   27   43   20  161  158  161  128  150  156  138  175  168  184  159  147  168  174  170  153  152  167  151  151  138  157  195  195  198  166  164  177   40  
168  154  154  145  154  144  149   43   35   35   12    9   31    0   38   20   12   23   41   35   44  172  172  170  138  159  161  145  158  156  170  145  137  158  160  151  141  131  148  138  138  118  127  164  165  166  135  133  146   42  
206  192  192  183  192  183  187   58   68   65   46   44   44   38    0   25   40   23   25    3   38  136  136  132  101  122  123  107  195  194  207  183  175  196  198  187  179  167  184  176  176  153  147  181  187  182  155  151  161   76  
185  171  170  161  171  161  165   35   44   40   32   22   21   20   25    0   16   24   21   23   26  154  153  152  120  142  145  128  176  173  188  163  153  174  178  170  158  151  167  156  155  137  144  181  183  183  153  150  162   51  
169  156  154  146  156  145  149   31   29   26   23    8   20   12   40   16    0   31   35   38   35  170  168  168  136  157  161  144  162  157  173  147  138  159  163  155  142  137  153  140  140  123  138  175  175  178  146  144  157   36  
187  173  174  165  172  164  168   58   57   57   26   31   45   23   23   24   31    0   39   19   49  158  159  153  123  144  144  128  174  174  187  163  157  177  178  165  159  145  163  156  156  132  126  161  166  163  134  131  142   64  
202  190  187  179  190  179  183   38   59   52   52   42   27   41   25   21   35   39    0   26   14  136  134  135  102  124  129  112  196  192  207  182  171  192  197  190  176  171  187  174  174  157  163  200  203  201  172  169  180   66  
203  189  189  180  189  180  184   57   66   63   43   42   43   35    3   23   38   19   26    0   39  139  140  135  105  126  126  110  192  191  204  180  172  193  195  183  176  163  181  173  173  150  143  178  184  179  152  148  158   73  
198  186  181  174  186  174  178   27   54   45   57   43   20   44   38   26   35   49   14   39    0  142  139  142  109  130  137  120  194  188  204  179  167  188  194  189  173  171  186  171  171  157  170  207  209  209  179  177  189   60  
338  325  322  315  325  314  319  167  195  187  182  176  161  172  136  154  170  158  136  139  142    0   14   15   34   14   31   34  330  327  342  317  307  328  332  322  312  302  320  310  309  289  270  299  310  297  278  272  278  201  
336  324  320  313  324  312  317  164  192  184  182  176  158  172  136  153  168  159  134  140  139   14    0   29   37   23   44   43  330  326  341  316  305  326  331  323  310  303  320  309  308  289  275  305  315  303  283  277  284  199  
337  323  322  314  323  313  317  169  194  187  178  174  161  170  132  152  168  153  135  135  142   15   29    0   34   13   17   26  327  325  339  315  306  327  330  318  310  298  316  307  307  285  261  290  302  288  270  264  268  201  
304  291  289  281  291  281  285  135  161  153  147  142  128  138  101  120  136  123  102  105  109   34   37   34    0   22   33   17  296  293  308  283  273  294  298  288  278  268  286  276  275  255  237  268  278  267  246  240  247  168  
326  313  310  303  313  302  307  156  183  175  168  164  150  159  122  142  157  144  124  126  130   14   23   13   22    0   22   20  317  315  329  304  295  316  320  309  300  289  307  297  297  276  256  285  296  283  264  258  264  190  
329  315  315  306  315  305  310  164  188  181  169  167  156  161  123  145  161  144  129  126  137   31   44   17   33   22    0   18  317  317  330  306  298  319  321  308  302  288  306  299  299  275  248  275  288  273  256  249  254  195  
312  299  298  289  298  289  293  146  170  163  153  150  138  145  107  128  144  128  112  110  120   34   43   26   17   20   18    0  302  301  314  290  281  302  305  293  286  273  291  283  283  260  237  265  277  263  245  239  244  177  
 43   30   54   43   25   43   43  174  141  151  149  154  175  158  195  176  162  174  196  192  194  330  330  327  296  317  317  302    0   28   17   23   45   40   20   16   33   35   15   28   31   44  123  143  122  151  123  131  145  136  
 17    3   26   18    4   18   17  165  134  143  148  151  168  156  194  173  157  174  192  191  188  327  326  325  293  315  317  301   28    0   22   13   23   12   10   42   15   54   39   19   18   57  144  167  147  175  145  152  167  128  
 31   25   47   40   21   40   39  183  151  161  161  166  184  170  207  188  173  187  207  204  204  342  341  339  308  329  330  314   17   22    0   26   45   32   12   33   34   51   32   33   34   60  140  159  137  167  140  148  162  145  
 31   14   35   22   10   22   23  157  125  135  137  141  159  145  183  163  147  163  182  180  179  317  316  315  283  304  306  290   23   13   26    0   22   23   15   32   11   41   29    7    9   44  131  155  135  163  132  139  154  120  
 31   21   20    8   24    7   12  144  113  122  131  132  147  137  175  153  138  157  171  172  167  307  305  306  273  295  298  281   45   23   45   22    0   21   32   54   12   58   50   19   16   55  143  171  153  178  146  152  168  107  
 10   10   15   13   15   14   10  164  134  143  151  152  168  158  196  174  159  177  192  193  188  328  326  327  294  316  319  302   40   12   32   23   21    0   21   53   19   64   50   26   24   66  154  178  158  186  155  162  177  128  
 23   13   36   28    9   28   26  172  140  150  152  156  174  160  198  178  163  178  197  195  194  332  331  330  298  320  321  305   20   10   12   15   32   21    0   35   22   50   32   23   23   56  140  162  141  170  141  148  163  134  
 58   43   67   54   38   54   55  171  137  148  141  148  170  151  187  170  155  165  190  183  189  322  323  318  288  309  308  293   16   42   33   32   54   53   35    0   43   21    4   35   38   34  108  127  106  135  108  115  129  133  
 29   13   26   12   14   12   14  150  119  128  134  136  153  141  179  158  142  159  176  176  173  312  310  310  278  300  302  286   33   15   34   11   12   19   22   43    0   48   39    8    6   48  136  163  143  170  139  145  160  113  
 71   54   75   61   50   60   63  154  121  131  121  129  152  131  167  151  137  145  171  163  171  302  303  298  268  289  288  273   35   54   51   41   58   64   50   21   48    0   20   40   43   14   90  114   95  122   91   99  113  117  
 55   40   63   51   35   51   52  168  134  145  138  145  167  148  184  167  153  163  187  181  186  320  320  316  286  307  306  291   15   39   32   29   50   50   32    4   39   20    0   32   34   32  109  129  108  137  109  116  131  130  
 35   18   35   21   16   20   23  150  118  127  130  133  151  138  176  156  140  156  174  173  171  310  309  307  276  297  299  283   28   19   33    7   19   26   23   35    8   40   32    0    3   40  128  154  135  162  130  137  152  112  
 34   17   32   18   16   18   20  149  117  126  130  133  151  138  176  155  140  156  174  173  171  309  308  307  275  297  299  283   31   18   34    9   16   24   23   38    6   43   34    3    0   42  131  157  138  164  133  139  155  111  
 74   57   74   60   53   59   62  140  107  117  107  115  138  118  153  137  123  132  157  150  157  289  289  285  255  276  275  260   44   57   60   44   55   66   56   34   48   14   32   40   42    0   88  116   99  123   91   97  113  103  
161  144  162  148  140  148  151  167  140  149  114  130  157  127  147  144  138  126  163  143  170  270  275  261  237  256  248  237  123  144  140  131  143  154  140  108  136   90  109  128  131   88    0   38   41   42    9    9   25  141  
184  168  189  175  164  175  177  205  178  187  152  168  195  164  181  181  175  161  200  178  207  299  305  290  268  285  275  265  143  167  159  155  171  178  162  127  163  114  129  154  157  116   38    0   25    8   30   31   21  179  
163  148  170  156  143  156  158  203  174  184  152  168  195  165  187  183  175  166  203  184  209  310  315  302  278  296  288  277  122  147  137  135  153  158  141  106  143   95  108  135  138   99   41   25    0   33   32   39   39  175  
192  176  196  182  171  182  184  208  182  191  154  171  198  166  182  183  178  163  201  179  209  297  303  288  267  283  273  263  151  175  167  163  178  186  170  135  170  122  137  162  164  123   42    8   33    0   35   34   21  183  
162  146  165  151  141  150  153  175  148  157  123  139  166  135  155  153  146  134  172  152  179  278  283  270  246  264  256  245  123  145  140  132  146  155  141  108  139   91  109  130  133   91    9   30   32   35    0    9   22  149  
170  153  171  157  148  157  159  174  148  157  121  137  164  133  151  150  144  131  169  148  177  272  277  264  240  258  249  239  131  152  148  139  152  162  148  115  145   99  116  137  139   97    9   31   39   34    9    0   16  149  
184  168  187  172  163  172  175  188  163  171  134  151  177  146  161  162  157  142  180  158  189  278  284  268  247  264  254  244  145  167  162  154  168  177  163  129  160  113  131  152  155  113   25   21   39   21   22   16    0  164  
137  126  121  114  127  114  118   38    7   15   44   33   40   42   76   51   36   64   66   73   60  201  199  201  168  190  195  177  136  128  145  120  107  128  134  133  113  117  130  112  111  103  141  179  175  183  149  149  164    0  

  0    0    0   13    0    0    0    0    0    0    0    0    0   43    0   95    0    0    0    0    0   53    0    0   75    0    0    0    0    0    0    0    0    0    0   97   71    0    0    0    0    0    0    0    0    0    0    0    0   50  
  0    0    0    0    0    0    0    0    0    0    0   63   62    0    0    0    0    0   26    0   12   39    0    2    0    0    0    0    0    0    0   90   47    0   20    0    0    0   22   10    0    0   66    0    0    0    0    0   15    0  
  0    0    0    0    0   80    0   63    0    0    0    0    0    0    0    0    0    0    0    0   13    0    0    0    0    0    0   55    0    0    0   10    0    0    0    0    0   62    0    0    0   40    0    0    0   81    0    0    0    0  
 79    0    0    0    0    0    0    0    0    0   93    0    0   38    0    0    0    0    0    0    0    0    0    0    0    0    0    0    0    0    0    0    0    0    0   98    0    0    0    0    0    0    0    0    0    0    0    0    0   26  
  0    0    0    0    0    0    0    0   76    0   54    0    0    0   61    0    0    0    0    0    0    0    0    0    0    0    0    0    0    0    0    0    0    0    0    0    0    0    0    0    0    0    0   50   26    0    0    0    0    0  
  0    0   29    0    0    0    0   73    0    0    0    0    0    0    0    0    0    0   58    0   99    0    0    0    0    0    0   85    0    0    0   60    0    0    0    0    0    0   75   38    0   65    0    0    0   54    0    0    0    0  
  0    0    0    0    0    0    0    0    0   20    0    0    0    0    0    0    0    0    0    0    0    0    0    0    0   53    0    0    0    0    0    0    0   43    0    0    0    0    0    0    0    0    0    0    0    0    3    0    0    0  
  0    0   76    0    0   51    0    0    0    0    0    0    0    0    0    0    0    0   92    0   31    0    0    0    0    0    0   87    0    0    0   64    0    0    0    0    0    0    1    0    0   69    0    0    0   89    0    0    0    0  
  0    0    0    0   76    0    0    0    0    0   12    0    0    0   55    0    0    0    0    0    0    0    0    0    0    0    0    0    0    0    0    0    0    0    0    0    0    0    0    0    0    0    0   89   40    0    0    0    0    0  
  0    0    0    0    0    0   41    0    0    0    0    0    0    0    0    0    0    0    0    0   47    0    0    0    0   74    0    0    0    0    0   35    0    3    0    0    0    0    0    0    0    0    0    0    0    0   32    0    0    0  
  0    0    0   41   60    0    0    0   91    0    0    0   44   73    0    0    0    0    0    0    0    0    0    0    0    0    0    0    0    0    0    0    0    0    0   52    0    0    0    0    0    0   13    0    0    0    0    0    0   55  
  0    1    0    0    0    0    0    0    0    0    0    0    0    0   80    0    0    0   49    0    0    0    0    0    0    0    0    0    0   50    0    0    0    0    0    0    0    0   43    1    0    0    0   56    0    0    0   31   68    0  
  0   96    0    0    0    0    0    0    0    0   76    0    0    4    0    0    0    0    0    0    0    5    0   16   37    0    0    0    0    0    0    0   70    0   49   21   89    0    0    0    0    0   33    0    0    0    0    0   66   88  
 66    0    0   42    0    0    0    0    0    0   99    0   46    0    0    0    0    0    0    0    0   53    0   74   35    0    0    0    0    0    0    0    0    0   65   35   36    0    0    0    0    0   98    0    0    0    0    0    0   44  
  0    0    0    0   82    0    0    0   92    0    0   66    0    0    0    0    0   56    0    0    0    0    0    0    0    0    0    0    0    0    0    0    0    0    0    0    0    0    0    0    0    0    0   80   29    0    0   42   71    0  
 28    0    0    0    0    0    0    0    0    0    0    0    0    0    0    0    0    0    0    0    0    0    0    0   13    0   50    0    0    0    0    0    0    0    0    0    0    0    0    0    0    0    0    0    0    0    0    0    0    0  
  0    0    0    0    0    0    0    0    0    0    0    0    0    0    0    0    0    0    0   22    0    0   30    0    0    0   41    0   60    0    0    0    0    0   99    0    0    0    0    0   11    0    0    0    0    0    0    0    0    0  
  0    0    0    0    0    0    0    0    0    0    0    0    0    0   63    0    0    0    0    0    0    0    0    0    0    0    0    0    0    0    0    0    0    0    0    0    0    0    0    0    0    0    0   11   68    0    0    0    0    0  
  0   22    0    0    0   88    0   15    0    0    0   94    0    0    0    0    0    0    0    0   80    0    0    0    0    0    0    0    0   46    0   38    0    0    0    0    0    0   67   69    0    0    0    0    0    0    0   81   11    0  
  0    0    0    0    0    0    0    0    0    0    0    0    0    0    0    0   93    0    0    0    0    0    0    0    0    0    0    0   32    0    0    0    0    0    2    0    0    0    0    0   56    0    0    0    0    0   51    0    0    0  
  0   16   64    0    0   74    0   92    0   67    0    0    0    0    0    0    0    0   89    0    0    0    0    0    0    0    0    0    0    0    0   83    0    0    0    0    0    0   59   12    0   33    0    0    0    0    0    0    0    0  
 53   95    0    0    0    0    0    0    0    0    0    0   41   28    0    0    0    0    0    0    0    0    0   80   54    0    0    0    0    0    0    0   55    0   76   41   32    0    0    0   72    0   88    0    0    0    0    0    0   98  
  0    0    0    0    0    0    0    0    0    0    0    0    0    0    0    0   20    0    0    0    0    0    0    0    0    0   49    0   58    0   79    0    0    0    0    0    0    0    0    0    0    0    0    0    0    0    0    0    0    0  
  0    8    0    0    0    0    0    0    0    0    0    0   32   90    0    0    0    0    0    0    0   36    0    0    0    0    0    0    0    0    0    0   86    0   87   23   52    0    0    3    0    0   43    0    0    0    0    0   74   21  
 40    0    0    0    0    0    0    0    0    0    0    0   15   68    0   52    0    0    0    0    0   77    0    0    0    0    0    0   57    0    0    0    0    0   27   92   14    0    0    0   87    0   78    0    0    0    0    0    0   82  
  0    0    0    0    0    0   48    0    0   14    0    0    0    0    0    0    0    0    0    0    0    0    0    0    0    0    0    0    0    0    0    0    0   17    0    0    0    0    0    0    0    0    0    0    0    0    7    0    0    0  
  0    0    0    0    0    0    0    0    0    0    0    0    0    0    0   77   30    0    0    0    0    0   61    0    0    0    0    0   25    0    0    0    0    0    0    0    0    0    0    0    0    0    0    0    0    0    0    0    0    0  
  0    0   52    0    0   56    0   85    0    0    0    0    0    0    0    0    0    0    0    0    0    0    0    0    0    0    0    0    0    0    0    0    0    0    0    0    0   16    0    0    0   41    0    0    0   85    0    0    0    0  
  0    0    0    0    0    0    0    0    0    0    0    0    0    0    0    0   50    0    0   15    0    0    5    0   28    0   19    0    0    0    0    0    0    0    0    0    0    0    0    0   82    0    0    0    0    0    0    0    0    0  
  0    0    0    0    0    0    0    0    0    0    0    8    0    0    0    0    0    0   79    0    0    0    0    0    0    0    0    0    0    0    0    0    0    0    0    0    0    0   92    0    0    0    0    0    0    0    0   50    0    0  
  0    0    0    0    0    0    0    0    0    0    0    0    0    0    0    0    0    0    0    0    0    0   19    0    0    0    0    0    0    0    0    0    0    0    0    0    0    0    0    0    0    0    0    0    0    0    0    0    0    0  
  0   20   17    0    0   67    0   57    0    9    0    0    0    0    0    0    0    0   21    0   13    0    0    0    0    0    0    0    0    0    0    0    0    0    0    0    0    0   53   19    0   11    0    0    0    0    0    0    0    0  
  0    1    0    0    0    0    0    0    0    0    0    0    4    0    0    0    0    0    0    0    0   69    0   32    0    0    0    0    0    0    0    0    0    0   16   48   57    0    0   28    9    0   11    0    0    0    0    0   71    0  
  0    0    0    0    0    0   95    0    0    3    0    0    0    0    0    0    0    0    0    0    0    0    0    0    0   21    0    0    0    0    0    0    0    0    0    0    0    0    0    0    0    0    0    0    0    0   61    0    0    0  
  0   69    0    0    0    0    0    0    0    0    0    0   22   86    0    0   99    0    0   41    0   64    0   29    1    0    0    0    0    0    0    0   58    0    0   87   41    0    0    0   12    0   93    0    0    0   94    0    0    0  
 37    0    0    8    0    0    0    0    0    0   61    0   20   21    0    0    0    0    0    0    0   47    0   11   26    0    0    0    0    0    0    0   10    0   39    0   38    0    0    0    0    0   88    0    0    0    0    0    0   58  
 98    0    0    0    0    0    0    0    0    0    0    0   32   39    0    0    0    0    0    0    0   98    0    1   62    0    0    0    0    0    0    0    2    0   78   23    0    0    0    0   61    0   91    0    0    0    0    0    0   88  
  0    0   64    0    0    0    0    0    0    0    0    0    0    0    0    0    0    0    0    0    0    0    0    0    0    0    0   37    0    0    0    0    0    0    0    0    0    0    0    0    0   44    0    0    0   26    0    0    0    0  
  0   84    0    0    0   92    0    3    0    0    0   15    0    0    0    0    0    0   51    0   38    0    0    0    0    0    0    0    0   69    0   91    0    0    0    0    0    0    0   90    0    0    0    0    0    0    0   45   40    0  
  0   93    0    0    0   41    0    0    0    0    0   67    0    0    0    0    0    0   79    0   84    0    0   86    0    0    0    0    0    0    0   29   42    0    0    0    0    0   97    0    0    0    0    0    0    0    0   81   23    0  
  0    0    0    0    0    0    0    0    0    0    0    0    0    0    0    0   32    0    0   18    0   56    0    0   75    0    0    0   10    0    0    0   93    0   93    0   30    0    0    0    0    0    0    0    0    0   40    0    0    0  
  0    0   49    0    0   30    0   36    0    0    0    0    0    0    0    0    0    0    0    0   29    0    0    0    0    0    0   55    0    0    0   42    0    0    0    0    0   74    0    0    0    0    0    0    0   33    0    0    0    0  
  0   27    0    0    0    0    0    0    0    0    7    0   90   31    0    0    0    0    0    0    0   92    0   79   90    0    0    0    0    0    0    0   13    0   77   35   45    0    0    0    0    0    0    0    0    0    0    0    0   59  
  0    0    0    0   82    0    0    0   62    0    0   34    0    0   55    0    0   47    0    0    0    0    0    0    0    0    0    0    0    0    0    0    0    0    0    0    0    0    0    0    0    0    0    0   10    0    0   68    0    0  
  0    0    0    0   84    0    0    0   29    0    0    0    0    0    7    0    0   44    0    0    0    0    0    0    0    0    0    0    0    0    0    0    0    0    0    0    0    0    0    0    0    0    0    2    0    0    0   94    0    0  
  0    0   39    0    0   19    0   52    0    0    0    0    0    0    0    0    0    0    0    0    0    0    0    0    0    0    0    1    0    0    0    0    0    0    0    0    0   84    0    0    0   15    0    0    0    0    0    0    0    0  
  0    0    0    0    0    0   57    0    0   82    0    0    0    0    0    0    0    0    0   54    0    0    0    0    0   18    0    0    0    0    0    0    0   69   96    0    0    0    0    0   53    0    0    0    0    0    0    0    0    0  
  0    0    0    0    0    0    0    0    0    0    0   85    0    0   40    0    0    0   44    0    0    0    0    0    0    0    0    0    0   33    0    0    0    0    0    0    0    0   18   77    0    0    0   20   74    0    0    0   39    0  
  0   45    0    0    0    0    0    0    0    0    0   89   52    0   64    0    0    0   65    0    0    0    0    7    0    0    0    0    0    0    0    0   78    0    0    0    0    0   95   40    0    0    0    0    0    0    0   99    0    0  
 28    0    0   27    0    0    0    0    0    0   99    0   65   77    0    0    0    0    0    0    0    5    0   69    5    0    0    0    0    0    0    0    0    0    0   77   79    0    0    0    0    0   33    0    0    0    0    0    0    0  
