160

  0   15   24   26   10   16   20   19   16   11   32   18   48  168  176  157  137  151  168  159  162  155  161  184  175  168  166  167  187  195  192  179  198  165   49   73   64   69   37   40   82   70  249  262   92  109  134  114  113  135  112  109  122  109  188   52   68   67   79   79   57   39   69   78   75   64   62  218  213  202  234  225  199  215  213  208  204  197  227  221  215  223  222  239  142  109  135  149  137  127  130  282  231  245  264  268  261  247  258  259  258  261  250  260  265  260  265  254  273  292  278  306  283  284  297  269  282  300  282  296  288   54   38   34   63   46   56   53   59   51   61   46   53   47   44   59   71   48   35  139  144  158  133  148  142  149   76   76   83   76   57   91   69   63   73   83   43   50   85   42  
 15    0    9   14    9    1    5   17   19    8   32   10   37  179  184  166  146  160  177  169  171  164  169  194  184  178  175  172  193  201  197  184  203  172   34   58   49   54   23   26   67   55  249  259   77   94  119   99   98  120   97   94  108   95  201   50   65   58   71   74   56   37   59   75   68   56   56  224  219  209  240  230  207  221  219  213  209  203  234  227  221  230  229  245  136  100  129  140  129  120  123  293  242  257  276  279  272  258  269  270  269  272  262  271  276  271  276  266  285  292  277  304  281  281  296  267  280  298  281  294  285   64   50   47   76   58   71   63   70   65   75   55   68   62   57   74   85   58   47  148  152  168  142  157  150  159   89   91   95   87   72  105   83   74   84   97   57   64   99   55  
 24    9    0   10   16    8    4   21   25   15   35   13   32  186  190  172  152  166  182  176  177  170  175  201  190  184  181  176  197  205  201  188  207  178   25   50   40   45   16   17   58   46  249  259   68   86  110   90   89  111   88   85   99   86  209   52   64   55   67   73   57   39   55   75   66   53   54  229  223  214  244  234  212  225  223  218  213  208  239  231  226  235  233  249  133   96  126  136  125  117  120  301  249  264  284  286  279  265  277  277  276  279  269  278  282  278  282  273  292  292  276  304  281  280  295  267  280  297  282  294  284   72   58   56   84   66   80   70   78   73   84   62   77   71   66   83   93   65   55  155  157  174  148  163  156  166   97  100  102   95   80  113   91   81   91  106   65   73  107   63  
 26   14   10    0   16   13   11   15   20   15   26    8   23  193  198  180  160  174  190  183  185  178  183  208  198  191  189  185  206  214  210  197  216  186   28   48   43   46   24   22   59   48  260  269   71   88  112   94   89  111   89   86  101   84  214   62   75   64   77   84   68   49   65   85   76   63   65  238  232  222  253  243  220  234  232  227  222  217  248  240  235  244  242  258  143  106  136  146  134  127  130  307  255  270  289  293  286  271  283  284  282  286  275  284  289  284  289  279  298  303  287  314  291  291  306  278  290  308  292  305  295   78   63   60   88   71   81   77   84   77   87   69   78   72   70   85   97   71   60  162  166  181  155  171  164  173  102  102  108  101   83  117   95   87   97  108   69   76  111   67  
 10    9   16   16    0   10   13   11   11    1   26    8   38  178  185  166  146  160  177  168  171  164  170  194  185  177  175  175  195  203  200  187  206  174   41   64   56   61   32   33   73   62  254  266   84  102  126  107  104  126  104  100  115  100  197   56   71   66   79   81   61   43   68   81   76   64   63  226  221  210  242  233  208  223  221  216  211  206  236  229  223  232  231  247  143  109  137  148  137  128  131  291  240  254  274  278  271  256  267  269  267  271  260  270  275  269  275  264  283  297  283  310  287  288  302  274  286  304  287  300  291   63   48   44   73   56   65   62   69   61   71   55   62   56   54   69   81   57   45  148  153  167  142  157  151  158   86   86   93   85   67  101   79   73   82   92   53   60   95   51  
 16    1    8   13   10    0    4   18   20    9   32   10   37  180  185  166  146  161  177  170  171  164  170  195  185  178  175  172  193  201  197  184  203  173   33   58   48   53   22   25   66   54  249  259   76   93  118   98   97  119   96   93  107   94  202   50   64   58   70   74   56   37   59   75   68   55   55  224  219  209  240  230  207  221  219  214  209  204  235  227  222  231  229  245  135  100  128  140  128  119  123  294  242  257  277  280  273  258  270  271  269  273  262  271  276  271  276  266  285  292  276  304  281  281  295  267  280  298  281  294  285   65   51   48   77   59   72   64   71   66   76   56   69   63   58   75   86   58   48  149  152  168  142  157  150  160   90   92   95   88   72  105   84   74   84   98   58   65  100   56  
 20    5    4   11   13    4    0   19   22   12   33   10   34  183  188  170  149  164  180  173  175  168  173  198  188  182  179  174  196  203  199  186  206  176   29   54   44   49   19   21   62   50  249  259   72   90  114   94   93  115   92   89  103   90  206   51   65   57   69   74   57   39   57   75   67   55   55  227  222  212  243  232  210  223  221  216  211  206  238  229  224  233  232  248  135   99  128  139  127  119  122  298  246  261  281  283  276  262  274  275  273  276  266  275  280  275  280  270  289  293  277  304  281  281  296  268  280  298  282  295  285   69   54   52   81   63   76   67   75   70   80   59   73   67   62   79   90   62   52  152  155  172  145  161  154  163   94   96   99   92   77  109   88   78   88  102   62   69  104   60  
 19   17   21   15   11   18   19    0    6   11   15    8   31  187  195  176  156  170  187  178  181  174  180  203  194  186  185  186  205  214  211  198  216  184   43   61   58   61   37   36   73   63  265  276   86  102  126  109  103  124  104  100  116   97  204   66   82   75   88   92   72   54   76   92   86   73   73  237  232  221  253  243  218  234  232  226  222  216  246  239  234  242  241  258  153  117  146  157  146  137  140  300  249  262  282  287  279  265  275  278  276  280  268  279  284  278  284  272  291  308  293  321  298  299  312  284  297  315  298  311  302   73   57   51   80   64   69   72   78   67   77   65   66   60   62   74   88   67   54  158  163  177  152  167  161  168   93   91  101   94   73  108   86   82   92   98   61   67  101   59  
 16   19   25   20   11   20   22    6    0   12   16   13   36  183  191  172  153  166  184  174  178  170  177  199  191  182  182  184  203  211  209  195  214  181   48   66   63   67   41   41   79   68  265  277   91  108  132  114  109  130  109  105  121  103  199   66   82   77   90   92   72   54   79   92   87   75   75  234  229  218  250  241  215  231  229  224  220  214  243  237  231  239  239  255  155  120  148  160  148  139  142  295  245  257  277  283  275  261  271  273  272  276  264  275  280  273  280  268  287  308  293  321  298  299  312  284  297  315  297  311  302   69   53   47   76   60   63   68   74   63   72   62   60   54   57   68   83   63   50  154  160  173  149  163  158  164   88   86   97   90   67  104   81   79   88   93   56   62   96   55  
 11    8   15   15    1    9   12   11   12    0   26    7   37  179  186  167  147  161  178  169  172  165  171  195  185  178  176  175  195  204  200  187  206  174   40   62   55   60   31   32   72   61  254  266   83  101  125  106  103  125  103   99  114   99  199   56   71   66   78   81   61   43   67   81   76   63   63  227  222  211  243  233  208  223  221  216  212  206  236  229  224  232  231  248  143  108  136  148  136  127  131  292  241  255  275  279  272  257  268  270  268  272  261  271  276  270  276  265  284  297  283  310  287  288  301  273  286  304  287  300  291   64   49   45   74   57   66   63   70   62   72   56   63   57   55   70   82   58   46  149  154  168  143  158  151  159   87   87   93   86   68  102   80   74   83   93   54   61   96   53  
 32   32   35   26   26   32   33   15   16   26    0   22   30  197  206  187  168  180  198  188  193  185  192  214  205  196  196  199  218  227  224  211  229  196   53   64   67   68   50   47   80   71  280  291   93  109  132  116  108  128  110  106  123  100  210   81   96   89  102  106   87   68   90  107  100   87   88  249  244  233  266  257  229  246  244  239  235  229  258  252  247  254  254  271  167  131  161  171  160  152  155  308  258  270  290  296  288  274  284  287  285  289  277  288  293  287  293  281  300  323  308  336  313  313  327  299  312  330  312  326  317   84   68   61   88   74   72   83   88   75   83   77   69   64   71   78   95   78   65  168  175  187  164  178  172  178  101   96  110  104   79  116   93   93  102  104   69   74  107   69  
 18   10   13    8    8   10   10    8   13    7   22    0   30  186  193  174  154  168  185  177  179  172  178  202  192  185  183  181  202  210  207  193  212  181   35   56   51   54   29   28   67   56  259  269   78   96  120  101   97  119   98   94  109   92  206   60   74   67   79   84   66   47   68   85   78   65   66  233  228  218  249  239  215  230  228  223  218  213  243  236  231  239  238  254  145  109  138  149  137  129  132  300  249  263  282  286  279  265  276  277  276  279  268  278  283  278  283  272  291  302  286  314  291  291  305  277  290  308  291  304  295   72   56   52   81   64   73   70   77   69   79   63   70   63   62   77   89   65   54  156  161  175  150  165  159  167   94   94  101   94   75  110   87   81   91  101   62   68  103   60  
 48   37   32   23   38   37   34   31   36   37   30   30    0  216  222  203  183  197  214  206  208  201  207  231  222  215  212  208  230  237  233  220  240  210   34   35   44   43   40   33   53   46  279  287   68   81  104   90   79   98   81   77   95   70  235   84   95   80   92  103   89   71   80  106   93   81   83  261  256  246  276  266  244  257  255  250  245  240  271  263  258  267  265  282  159  119  152  158  148  143  145  329  278  292  312  316  309  294  305  307  305  309  298  308  312  307  312  302  321  323  305  332  309  308  324  296  309  326  312  323  313  101   86   81  110   94   99  100  107   98  107   92   96   90   92  104  118   95   83  185  189  205  179  194  187  196  123  121  130  123  103  139  116  110  120  129   91   97  131   89  
168  179  186  193  178  180  183  187  183  179  197  186  216    0   33   26   43   25   30   13   28   26   33   20   27    7   26   81   64   78   89   81   80   48  203  233  215  222  188  197  233  221  183  213  234  252  273  250  262  284  258  256  261  266   63  147  151  176  177  154  145  154  179  146  167  170  163   82   83   63  100  102   51   85   85   82   87   74   81   88   81   77   86  103  181  188  179  203  194  176  183  116   63   85  101  100   94   79   93   92   90   93   85   92   97   92   97   89  107  212  219  245  226  236  232  212  225  242  207  228  232  115  130  136  109  123  134  116  109  123  117  124  136  138  126  125  104  121  133   33   47   15   46   29   41   20   98  111   86   93  122   85  105  106   96  101  127  124   97  128  
176  184  190  198  185  185  188  195  191  186  206  193  222   33    0   20   38   28    8   28   14   23   15   23    7   26   11   52   31   45   56   49   47   20  204  234  214  222  190  198  231  220  151  181  230  247  266  243  258  280  253  252  255  264   95  145  146  171  170  146  142  154  174  138  160  165  158   52   51   32   71   70   24   54   54   50   54   42   55   57   50   51   56   74  162  175  161  185  177  159  165  126   74  103  115  103  101   86  106   98   96   98   97   95   98  100   97  100  116  179  187  213  193  204  199  179  192  209  174  196  200  122  138  146  122  133  151  123  118  136  133  130  152  153  137  141  120  128  142   40   33   27   43   30   34   37  114  130   99  105  137  103  121  113  105  121  139  137  117  139  
157  166  172  180  166  166  170  176  172  167  187  174  203   26   20    0   21    8   12   14    6    3    9   31   18   20    9   56   46   59   68   58   62   25  188  218  198  205  173  181  215  204  161  190  216  233  253  230  243  266  239  237  241  249   87  129  131  156  156  132  126  137  159  125  146  151  143   71   69   52   90   87   44   72   71   67   70   57   75   76   69   71   75   94  156  165  154  178  169  151  158  137   83  108  124  117  113   97  115  110  108  111  106  108  112  111  112  109  127  193  197  224  204  214  211  190  203  220  187  208  210  103  119  127  102  113  130  104   99  116  113  111  132  133  117  121  100  109  122   20   21   13   25   10   18   19   94  110   79   85  117   83  101   94   85  101  119  118   97  119  
137  146  152  160  146  146  149  156  153  147  168  154  183   43   38   21    0   18   31   30   25   20   24   51   39   38   29   53   55   67   72   59   70   31  167  197  177  184  152  161  194  183  160  187  195  212  232  209  222  245  218  216  220  228   98  108  110  135  136  112  105  117  138  104  126  130  122   84   81   66  102   97   62   84   82   77   77   67   91   88   82   87   89  107  139  145  137  161  151  133  140  157  104  127  143  137  133  118  135  131  129  131  126  129  133  132  133  129  148  195  196  224  203  211  211  188  201  219  188  208  209   84  100  108   85   95  115   85   80   99   97   92  116  117   99  105   85   90  103   14   11   28    4   14    5   26   79   97   63   68  101   70   85   75   67   88  101  101   84  101  
151  160  166  174  160  161  164  170  166  161  180  168  197   25   28    8   18    0   21   12   15    6   17   35   26   20   17   62   54   67   76   65   70   32  183  213  193  201  168  176  211  199  168  197  212  229  249  226  239  262  235  233  238  244   83  125  128  153  154  130  122  132  156  122  143  147  140   79   78   60   98   96   52   80   80   75   78   66   84   84   77   79   84  102  157  163  154  179  169  151  158  139   86  109  125  121  116  101  117  113  112  114  108  112  117  115  116  112  130  200  204  231  211  220  218  196  210  227  194  215  217   97  113  120   95  107  123   98   92  108  105  105  124  126  110  113   92  103  116   12   23   10   22    4   17   12   86  102   72   78  109   75   93   87   78   93  112  110   88  112  
168  177  182  190  177  177  180  187  184  178  198  185  214   30    8   12   31   21    0   23    6   15    8   26    9   23    5   51   35   49   59   50   51   18  197  227  207  214  182  191  224  213  153  183  224  240  260  237  252  274  246  245  248  257   93  138  139  164  163  139  135  147  167  132  153  158  151   59   57   39   78   76   32   60   59   55   59   46   63   64   57   58   63   81  158  170  156  180  172  154  161  131   78  106  119  109  107   91  110  104  102  104  102  101  105  106  104  104  122  183  189  216  196  206  202  182  195  212  178  199  202  114  130  138  114  125  143  116  110  128  125  122  144  146  129  133  112  120  134   32   27   21   35   22   27   31  106  123   91   97  129   95  113  105   97  113  131  130  109  131  
159  169  176  183  168  170  173  178  174  169  188  177  206   13   28   14   30   12   23    0   18   13   23   25   23    9   18   71   58   71   81   72   74   39  193  222  203  211  178  186  222  210  175  204  223  240  261  238  250  273  246  244  249  255   73  136  139  164  165  141  133  143  167  133  155  158  151   80   79   60   98   98   50   82   81   78   81   69   81   85   78   77   84  102  168  175  166  190  181  163  170  128   75   97  114  110  105   90  105  103  101  104   97  102  107  104  107  100  119  205  211  238  218  228  224  203  217  234  200  221  224  105  121  128  101  114  128  106  100  115  110  114  130  132  117  118   98  112  124   21   34    2   33   16   29   11   91  106   78   85  115   79   98   96   86   96  119  117   92  120  
162  171  177  185  171  171  175  181  178  172  193  179  208   28   14    6   25   15    6   18    0    9    5   28   13   21    4   53   40   54   63   53   56   20  192  222  202  209  177  186  219  208  157  186  219  236  256  233  247  269  242  241  244  253   90  133  135  160  159  135  130  142  163  128  149  154  147   65   63   45   83   81   38   66   65   61   64   52   69   69   63   64   69   87  156  167  155  179  170  152  159  134   81  108  122  113  110   94  113  107  105  107  104  105  109  109  108  107  125  187  193  219  199  209  206  185  198  215  182  203  206  109  125  133  108  119  137  110  104  122  119  117  138  140  123  127  106  114  128   26   23   17   30   16   21   25  100  117   85   91  123   89  107   99   91  107  125  124  103  125  
155  164  170  178  164  164  168  174  170  165  185  172  201   26   23    3   20    6   15   13    9    0   12   32   21   20   12   58   48   62   70   60   65   27  186  216  196  204  171  180  214  202  163  192  214  231  251  228  242  264  237  236  240  247   86  128  130  155  155  131  125  136  158  124  145  149  142   74   72   54   92   90   47   75   74   70   72   60   78   78   72   73   78   96  156  164  154  178  169  151  158  137   84  109  124  118  114   98  115  111  109  112  107  110  114  113  113  110  128  195  199  226  206  215  213  192  205  222  189  210  212  101  117  125  100  111  128  102   97  113  110  109  130  131  115  118   98  107  120   17   21   11   24    7   17   17   91  108   77   82  114   80   98   92   83   98  117  115   94  117  
161  169  175  183  170  170  173  180  177  171  192  178  207   33   15    9   24   17    8   23    5   12    0   33   16   26    9   48   36   50   59   49   53   16  190  220  199  207  175  184  217  205  152  181  216  233  252  229  244  266  239  237  241  250   95  131  131  156  156  132  127  139  159  124  146  151  144   63   61   44   82   78   38   63   62   58   60   48   68   67   61   64   67   86  151  162  150  174  165  148  154  138   85  112  126  117  114   98  117  111  109  111  109  108  112  113  111  111  129  183  188  215  195  205  202  180  194  211  178  198  201  107  124  132  108  119  137  109  104  122  119  115  139  140  123  128  107  113  127   27   19   21   28   17   19   29  101  118   85   91  123   90  107   98   90  108  124  124  104  124  
184  194  201  208  194  195  198  203  199  195  214  202  231   20   23   31   51   35   26   25   28   32   33    0   18   17   24   76   52   65   78   72   67   43  217  247  227  235  202  211  246  234  172  203  246  263  283  260  274  296  269  267  271  279   74  159  162  187  187  163  156  167  190  155  177  181  174   65   67   47   83   86   34   69   69   67   74   61   63   70   64   58   68   85  184  195  182  206  198  180  187  106   53   80   94   86   82   67   85   80   78   80   76   78   82   81   82   79   97  198  208  233  214  225  219  201  213  229  194  215  221  130  146  153  126  140  152  132  125  140  136  139  155  157  143  143  123  137  149   46   51   27   55   38   48   36  116  130  104  110  140  103  124  121  112  121  145  142  116  145  
175  184  190  198  185  185  188  194  191  185  205  192  222   27    7   18   39   26    9   23   13   21   16   18    0   20    9   58   38   51   63   56   54   26  205  235  215  223  191  199  233  221  157  188  232  249  269  246  260  282  255  254  257  266   88  147  148  173  172  148  143  155  176  141  162  167  160   57   57   37   76   76   27   59   59   56   61   48   59   62   55   54   61   79  167  179  165  189  181  163  170  122   69   97  111  100   97   82  101   95   93   95   93   92   96   96   95   95  112  185  193  219  200  211  205  186  199  215  181  202  206  122  138  145  120  132  148  123  117  134  131  130  150  151  136  139  118  128  141   38   36   23   43   28   35   33  112  128   97  103  135  100  118  112  104  118  137  136  114  137  
168  178  184  191  177  178  182  186  182  178  196  185  215    7   26   20   38   20   23    9   21   20   26   17   20    0   19   74   57   71   82   74   73   41  201  231  212  220  186  195  230  218  176  206  231  249  269  246  259  281  254  253  257  263   70  144  148  172  173  150  141  151  176  142  163  167  159   76   77   57   95   95   46   79   79   76   80   68   77   82   75   72   80   98  175  183  173  197  188  170  177  119   66   90  105  102   96   81   97   94   92   95   89   93   98   95   98   92  110  205  212  239  219  229  225  205  218  235  200  221  225  114  129  136  109  123  135  115  108  123  118  123  137  139  126  126  105  120  132   30   41   11   42   24   36   19   99  113   86   93  122   86  106  104   95  103  127  125   99  128  
166  175  181  189  175  175  179  185  182  176  196  183  212   26   11    9   29   17    5   18    4   12    9   24    9   19    0   55   40   54   64   55   56   22  196  226  206  214  181  190  224  212  158  188  223  240  260  237  251  273  246  245  248  257   88  137  139  164  163  139  134  146  167  132  153  158  151   63   62   43   82   80   35   65   64   60   63   51   67   68   61   62   67   85  160  171  158  182  174  156  163  130   77  104  118  109  106   90  109  103  101  103  100  101  105  105  104  103  121  188  194  220  200  211  207  186  199  216  183  203  207  112  128  136  111  123  140  113  108  125  122  120  141  143  126  130  109  118  132   29   27   17   33   19   25   26  103  119   88   94  126   92  110  103   94  110  128  127  105  128  
167  172  176  185  175  172  174  186  184  175  199  181  208   81   52   56   53   62   51   71   53   58   48   76   58   74   55    0   31   31   25   12   33   33  184  213  190  198  171  180  206  196  107  134  202  217  233  211  230  250  223  223  222  239  143  125  119  143  138  116  120  137  145  109  130  138  132   57   51   50   70   58   57   52   49   44   38   36   71   58   55   69   61   75  115  136  116  138  132  116  122  173  124  154  165  147  148  133  155  145  143  143  147  139  142  148  140  148  164  142  143  170  149  158  158  135  148  166  135  155  155  119  135  145  128  133  159  120  119  140  141  124  160  159  138  150  131  123  138   66   42   69   55   60   50   74  125  145  109  111  144  120  130  112  107  137  140  142  133  138  
187  193  197  206  195  193  196  205  203  195  218  202  230   64   31   46   55   54   35   58   40   48   36   52   38   57   40   31    0   14   26   22   16   24  209  238  216  224  195  204  232  222  120  151  229  245  262  240  257  278  251  250  251  265  126  149  145  170  166  143  144  159  172  136  157  165  158   31   27   19   48   43   27   29   27   22   24   12   43   34   29   39   36   53  147  167  147  169  163  147  153  143   95  127  136  116  118  103  126  115  113  113  118  109  111  118  109  119  134  148  156  181  162  173  168  148  161  178  143  164  169  135  151  160  139  147  170  136  133  152  152  141  171  171  152  160  139  140  154   63   45   56   58   53   50   65  133  152  118  122  155  125  140  126  120  143  154  154  139  153  
195  201  205  214  203  201  203  214  211  204  227  210  237   78   45   59   67   67   49   71   54   62   50   65   51   71   54   31   14    0   15   19    3   36  215  244  221  229  201  210  237  227  107  138  233  248  264  243  261  282  255  254  254  270  139  155  150  174  170  147  150  166  177  141  161  170  163   26   19   23   39   30   35   20   18   13   10    6   41   27   23   39   30   44  144  168  145  167  162  146  152  150  104  136  144  122  125  111  134  121  119  119  126  114  116  125  114  127  140  134  143  168  149  161  154  136  148  165  130  151  156  145  161  170  150  157  181  146  143  163  163  150  182  182  162  171  151  149  164   76   57   70   70   67   63   79  145  164  129  133  166  137  151  136  130  155  164  165  151  163  
192  197  201  210  200  197  199  211  209  200  224  207  233   89   56   68   72   76   59   81   63   70   59   78   63   82   64   25   26   15    0   14   14   44  209  238  215  222  196  205  230  220   94  125  225  239  255  233  253  273  246  246  244  262  151  150  143  166  162  139  145  162  169  133  153  163  156   38   30   38   46   34   50   30   28   24   15   21   53   36   35   52   41   52  132  157  133  154  150  135  140  165  119  151  159  136  140  126  149  136  134  133  141  129  131  139  128  142  155  125  130  157  137  148  143  123  136  153  119  140  143  144  159  169  152  157  183  145  143  164  165  149  184  183  162  173  153  148  163   82   61   80   74   74   68   87  148  167  131  134  168  141  153  136  131  159  164  166  155  163  
179  184  188  197  187  184  186  198  195  187  211  193  220   81   49   58   59   65   50   72   53   60   49   72   56   74   55   12   22   19   14    0   21   33  197  226  203  211  183  192  218  208  103  133  214  229  245  223  242  262  236  235  234  251  143  137  132  155  151  128  132  149  158  122  142  151  145   45   38   40   57   46   49   39   37   32   25   25   60   46   43   58   49   63  126  148  126  148  143  127  132  166  117  149  158  138  140  126  149  137  135  135  140  131  133  140  131  141  156  136  140  166  146  156  153  132  145  162  130  150  152  130  146  156  138  143  169  131  129  150  151  135  170  169  148  160  140  134  149   71   48   70   61   63   55   77  134  154  118  121  154  128  140  122  117  146  150  152  142  149  
198  203  207  216  206  203  206  216  214  206  229  212  240   80   47   62   70   70   51   74   56   65   53   67   54   73   56   33   16    3   14   21    0   39  217  246  223  231  203  212  239  229  105  137  235  250  266  244  263  283  257  256  255  272  141  157  152  176  172  149  152  169  178  143  163  172  165   25   17   24   37   28   37   18   16   11    8    7   40   25   22   38   28   42  145  169  146  168  163  147  153  150  105  137  145  122  125  112  135  122  120  119  127  115  116  125  114  128  141  132  141  166  147  159  152  134  146  162  127  149  154  147  163  173  153  160  184  148  146  166  166  153  185  185  165  174  154  152  167   79   59   73   73   70   66   82  148  167  132  136  169  140  154  139  133  158  167  168  154  166  
165  172  178  186  174  173  176  184  181  174  196  181  210   48   20   25   31   32   18   39   20   27   16   43   26   41   22   33   24   36   44   33   39    0  190  220  199  206  176  185  216  205  137  166  214  230  249  226  242  264  236  235  237  249  111  131  129  154  152  128  126  140  157  121  143  149  142   54   50   36   71   66   35   52   51   46   47   36   62   57   51   58   58   76  142  156  141  164  157  139  145  146   94  123  136  122  121  106  126  118  116  117  118  114  117  120  116  120  136  168  173  199  179  189  186  165  178  195  162  183  186  113  129  138  116  125  146  114  110  129  128  120  147  148  129  136  116  118  132   40   21   37   35   31   27   44  110  128   94   98  132  101  116  104   97  119  131  131  115  131  
 49   34   25   28   41   33   29   43   48   40   53   35   34  203  204  188  167  183  197  193  192  186  190  217  205  201  196  184  209  215  209  197  217  190    0   30   16   21   15    8   33   21  249  255   43   61   85   66   65   87   64   60   74   64  231   60   66   48   59   73   65   50   47   77   62   49   54  240  234  226  254  243  226  235  233  228  222  218  251  241  237  247  244  259  125   85  118  124  114  110  111  319  267  284  303  303  297  282  295  295  293  296  288  295  299  296  299  292  310  292  273  300  277  276  292  264  276  293  281  292  280   91   79   79  106   88  105   90   98   96  108   81  102   95   88  107  116   84   77  171  171  191  163  179  171  183  120  124  123  115  104  135  114  100  110  129   88   96  130   86  
 73   58   50   48   64   58   54   61   66   62   64   56   35  233  234  218  197  213  227  222  222  216  220  247  235  231  226  213  238  244  238  226  246  220   30    0   24   17   45   37   20   20  272  276   36   47   69   56   44   64   46   42   60   37  259   90   94   73   81  100   94   80   71  105   87   76   81  269  263  255  283  271  255  264  262  257  251  247  281  270  266  277  273  288  144  103  138  139  130  130  130  349  296  313  332  333  327  312  325  325  323  326  317  325  329  326  329  321  340  315  295  321  298  296  314  286  298  314  304  314  301  120  107  106  134  116  129  119  127  123  134  110  125  119  116  132  143  113  105  201  201  221  193  209  201  213  147  149  151  144  130  163  141  129  140  155  115  123  157  113  
 64   49   40   43   56   48   44   58   63   55   67   51   44  215  214  198  177  193  207  203  202  196  199  227  215  212  206  190  216  221  215  203  223  199   16   24    0    8   28   23   19    7  248  253   28   45   70   51   50   73   48   45   59   51  244   68   71   49   58   76   72   61   47   81   63   52   58  247  240  234  260  248  234  242  239  234  228  225  259  248  244  255  251  265  121   80  115  118  108  107  107  331  278  296  315  314  308  293  307  306  304  307  299  305  310  307  309  303  322  292  271  297  275  273  291  263  274  291  280  290  278  104   93   94  120  102  120  103  111  111  122   94  117  111  103  122  130   97   91  182  180  202  172  189  180  195  134  138  136  128  119  148  128  112  123  143  103  111  145  100  
 69   54   45   46   61   53   49   61   67   60   68   54   43  222  222  205  184  201  214  211  209  204  207  235  223  220  214  198  224  229  222  211  231  206   21   17    8    0   35   29   13    3  255  259   25   41   65   48   44   66   43   40   55   44  251   76   79   57   65   84   80   68   55   89   70   60   66  254  248  241  268  256  242  249  247  242  236  233  266  256  251  263  259  273  127   86  121  123  114  113  113  338  285  304  322  321  316  301  315  314  312  315  307  313  317  314  317  310  329  298  278  304  281  278  297  269  280  297  287  297  284  111  100  100  127  109  125  110  118  117  128  101  122  116  109  128  137  104   98  190  188  209  180  197  188  202  140  144  143  135  125  155  134  120  130  150  109  117  151  106  
 37   23   16   24   32   22   19   37   41   31   50   29   40  188  190  173  152  168  182  178  177  171  175  202  191  186  181  171  195  201  196  183  203  176   15   45   28   35    0    9   47   35  239  247   55   73   97   77   78  101   77   73   86   78  216   46   55   41   53   63   51   36   41   66   53   40   43  226  220  212  240  229  211  221  219  214  209  204  237  228  223  233  230  246  120   81  113  121  110  104  106  304  252  269  288  288  282  267  280  280  278  282  273  280  284  281  284  277  295  283  265  292  269  268  284  256  268  286  271  283  273   76   65   65   92   74   93   75   83   83   94   66   90   83   74   94  102   69   63  156  157  176  148  164  156  168  105  110  108  100   91  120  100   85   95  115   74   83  116   72  
 40   26   17   22   33   25   21   36   41   32   47   28   33  197  198  181  161  176  191  186  186  180  184  211  199  195  190  180  204  210  205  192  212  185    8   37   23   29    9    0   41   29  247  255   51   69   93   74   73   95   72   68   82   71  223   55   63   48   59   71   60   44   47   74   61   48   51  235  229  220  249  238  220  230  228  223  217  213  246  236  232  242  239  254  126   87  119  127  116  110  112  312  260  277  296  296  290  276  288  288  287  290  281  288  293  289  292  285  303  291  273  300  277  276  292  264  276  293  279  291  280   84   71   71   98   80   97   82   91   88  100   74   94   87   80   99  108   77   69  165  165  184  156  173  165  177  112  115  115  108   96  127  106   92  103  121   80   88  122   78  
 82   67   58   59   73   66   62   73   79   72   80   67   53  233  231  215  194  211  224  222  219  214  217  246  233  230  224  206  232  237  230  218  239  216   33   20   19   13   47   41    0   12  258  260   16   29   53   37   31   54   31   27   43   33  263   86   87   63   70   91   90   79   61   97   77   67   74  263  256  250  275  263  251  257  255  250  243  241  275  264  260  272  267  281  129   87  122  122  114  115  114  349  296  315  333  332  326  311  326  324  322  325  318  323  328  325  327  321  340  301  280  305  283  279  299  271  282  298  290  299  285  123  112  112  139  121  138  122  130  130  141  113  135  129  121  140  149  116  110  200  198  220  190  208  198  213  152  157  155  147  137  167  147  131  142  162  121  130  164  119  
 70   55   46   48   62   54   50   63   68   61   71   56   46  221  220  204  183  199  213  210  208  202  205  234  221  218  212  196  222  227  220  208  229  205   21   20    7    3   35   29   12    0  252  256   23   40   64   46   44   66   42   39   53   45  251   75   77   54   62   81   78   67   52   87   68   58   64  252  246  239  266  254  240  247  245  240  234  231  265  254  249  261  256  271  124   83  118  119  110  110  110  337  284  303  321  320  315  300  314  313  311  314  306  312  316  313  316  309  328  295  274  300  278  275  294  266  277  294  284  293  281  111  100  100  127  109  126  109  118  118  129  101  123  117  109  128  137  104   98  188  187  208  179  196  187  201  140  145  142  135  125  155  134  119  130  150  109  117  151  107  
249  249  249  260  254  249  249  265  265  254  280  259  279  183  151  161  160  168  153  175  157  163  152  172  157  176  158  107  120  107   94  103  105  137  249  272  248  255  239  247  258  252    0   34  249  257  265  248  272  287  264  265  257  286  245  199  185  201  191  176  193  212  202  174  187  199  196  116  110  128  106   94  141  108  107  107   99  111  128  110  115  130  115  109  132  172  137  147  150  144  146  244  206  239  243  214  221  209  234  217  216  213  226  208  208  221  205  226  236   43   36   64   43   54   51   29   42   59   32   48   49  212  225  236  226  226  257  213  214  236  240  214  257  255  231  248  231  214  228  173  149  173  162  166  157  180  227  247  210  211  242  224  230  207  206  240  234  238  236  231  
262  259  259  269  266  259  259  276  277  266  291  269  287  213  181  190  187  197  183  204  186  192  181  203  188  206  188  134  151  138  125  133  137  166  255  276  253  259  247  255  260  256   34    0  249  255  260  245  270  283  262  264  254  286  276  210  195  207  196  185  205  223  208  184  194  207  204  149  143  160  140  128  173  141  140  140  131  144  162  144  148  164  148  143  132  173  138  142  148  146  146  278  240  272  276  248  255  243  267  251  249  247  260  242  242  255  239  259  269   52   20   45   22   24   39   14   22   39   40   39   26  230  241  252  246  244  276  230  233  254  260  230  276  273  249  268  252  231  244  200  177  203  188  194  184  209  248  268  232  232  261  247  251  226  226  262  251  256  259  249  
 92   77   68   71   84   76   72   86   91   83   93   78   68  234  230  216  195  212  224  223  219  214  216  246  232  231  223  202  229  233  225  214  235  214   43   36   28   25   55   51   16   23  249  249    0   18   42   23   28   50   23   21   31   38  268   87   85   60   64   86   90   83   57   93   72   65   72  259  252  248  271  258  249  254  251  246  239  238  272  260  256  269  263  277  117   77  112  109  102  105  103  351  297  317  335  332  327  312  327  325  323  326  319  324  328  326  327  323  341  291  268  293  271  267  288  260  271  287  279  288  274  128  118  120  145  128  147  127  135  137  149  118  144  138  128  149  156  121  117  201  197  221  191  208  198  214  159  165  159  152  145  173  153  135  146  169  129  137  171  126  
109   94   86   88  102   93   90  102  108  101  109   96   81  252  247  233  212  229  240  240  236  231  233  263  249  249  240  217  245  248  239  229  250  230   61   47   45   41   73   69   29   40  257  255   18    0   24   12   15   33    7    9   14   32  286  105  101   77   78  102  107  101   73  109   88   82   89  274  267  263  286  272  265  268  266  261  254  253  287  275  271  284  278  291  125   86  120  114  108  114  112  368  315  335  353  349  345  330  345  342  341  343  337  341  345  344  344  340  359  300  275  299  278  273  294  267  277  292  288  294  280  146  137  138  164  146  166  145  154  156  167  136  162  156  147  167  174  140  136  219  214  238  208  225  215  232  177  183  178  170  164  192  172  154  164  188  147  156  189  144  
134  119  110  112  126  118  114  126  132  125  132  120  104  273  266  253  232  249  260  261  256  251  252  283  269  269  260  233  262  264  255  245  266  249   85   69   70   65   97   93   53   64  265  260   42   24    0   23   27   24   23   27   12   43  309  127  121   97   97  121  129  124   94  128  106  103  110  290  283  281  301  287  284  284  282  277  269  269  304  290  287  301  294  306  134   98  129  119  115  124  121  389  335  357  374  369  365  350  366  363  361  363  358  360  364  364  363  361  379  306  280  302  282  276  299  272  282  296  294  299  283  169  160  162  188  170  190  168  177  180  191  160  187  180  171  191  198  163  159  240  233  259  228  246  235  253  201  207  201  193  188  215  196  177  187  212  171  180  213  168  
114   99   90   94  107   98   94  109  114  106  116  101   90  250  243  230  209  226  237  238  233  228  229  260  246  246  237  211  240  243  233  223  244  226   66   56   51   48   77   74   37   46  248  245   23   12   23    0   26   40   18   21   11   43  287  104   98   74   74   98  106  101   71  105   84   80   87  268  262  258  279  266  261  262  260  255  248  247  282  269  266  279  272  285  116   78  111  103   98  105  103  366  312  334  351  346  342  327  343  340  338  340  335  338  341  341  341  338  356  290  265  289  267  262  284  257  267  282  278  284  269  147  139  141  166  148  169  146  155  158  170  137  166  160  149  170  176  141  138  217  210  236  205  223  212  230  179  186  178  171  167  193  174  154  165  190  150  158  191  147  
113   98   89   89  104   97   93  103  109  103  108   97   79  262  258  243  222  239  252  250  247  242  244  274  260  259  251  230  257  261  253  242  263  242   65   44   50   44   78   73   31   44  272  270   28   15   27   26    0   23    8    7   22   18  294  115  113   88   91  114  118  109   85  121  100   93  100  287  280  275  299  286  277  281  279  274  267  265  300  287  284  297  291  304  140  101  135  129  123  129  127  378  325  345  363  360  355  340  355  353  351  354  347  352  356  354  355  350  369  315  290  314  293  288  309  282  292  307  302  309  295  154  143  143  170  152  169  152  161  161  172  144  166  160  153  172  180  147  141  229  225  248  218  236  226  242  184  188  185  178  169  198  178  162  172  193  153  161  195  150  
