160

  0   11  137  163  153  135  124  136  159  132  141  138  133  114  140  104  104   90  129  123  136  213  214  209  250  228  214  247  228   62   52   72   62   49   60   76   88   68  257  270  248  279  270  267  249  279  261  264  286  122  122  140  110  113  142  177  169  160  156  147  167  151  176  172  174  169  144  132  151  157  140  167  157  164  162  173  172  126  150  163  152  147  153  128  141  147  124  134  154  133  137  132  164  156  151  154  138  138  143  214  201  192  186  199  182  175  175  262  291  292  257  257  259  261  268  110   98  106  176  186  211  190  190  197  205  213  200  203  207  196  225  206  224  215  245  199  105  108  118  127  150  129  143  124  126  114  207  212  190  194  207  154  147  163  170  174  152  176  150  133  
 11    0  128  155  144  128  117  127  151  124  134  142  137  118  144  108  109   95  133  126  139  203  205  200  240  217  204  237  219   51   41   65   55   38   54   76   92   70  247  260  238  270  260  258  239  269  252  254  276  113  113  131  100  103  133  175  169  160  155  146  165  150  175  170  174  168  134  122  141  146  129  157  146  154  152  162  161  116  139  152  141  136  142  117  130  136  113  123  146  125  128  122  156  147  143  146  131  130  134  204  191  182  175  189  173  166  166  254  282  283  248  248  249  252  259   98   87   94  166  175  202  180  180  188  195  202  190  193  197  186  213  195  213  204  234  188   96   99  108  118  140  119  134  116  117  105  201  208  187  190  202  146  139  157  163  169  146  169  142  125  
137  128    0   30   17   32   23    7   32   14   28  264  258  240  265  230  234  222  256  247  261  206  220  212  246  211  216  232  232   83   94   66   77   97   79  189  217  192  243  251  236  272  255  264  240  258  252  241  274  165  164  172  147  145  172  268  271  264  258  247  259  255  273  270  279  270   35   46   46   48   47   46   39   38   37   71  139  131  125  134  136  118  123  122  137  114  120  137   17   12   11   19   27   22   14   25   16   13   15   80   75   62   66   71   52   45   43  268  292  286  267  258  259  269  271   86   61   81  186  174  204  189  195  200  197  194  196  195  186  189  148  126  148  139  153  121   37   30   37   12   35   25   11   13   12  146  268  286  271  266  273   24   18   56   47   61   47   49   22  176  
163  155   30    0   23   34   39   35   11   31   27  293  287  269  293  259  262  249  284  276  290  229  244  236  268  233  240  253  256  112  123   91  101  125  103  218  245  220  264  271  258  294  275  286  262  277  274  261  295  194  193  200  175  174  200  297  301  294  288  276  288  284  302  299  309  300   55   71   64   64   70   55   53   46   45   84  161  158  150  158  162  142  147  149  164  139  148  164   17   30   37   46   15   29   17   10   25   25   36   67   71   56   70   67   48   43   40  291  314  308  291  281  282  293  294  115   90  109  211  197  227  214  221  225  220  215  219  218  208  213  159  139  160  151  160  135   67   58   66   41   51   52   31   42   42  175  297  315  300  295  302    9   16   39   21   38   35   20   14  205  
153  144   17   23    0   42   38   17   31   28   37  278  272  255  278  244  249  237  270  261  275  206  221  213  245  210  217  230  233   98  109   82   93  111   96  203  231  206  241  249  235  271  252  263  239  255  251  239  272  173  172  178  155  153  178  278  283  275  270  258  269  266  283  281  290  281   32   48   41   42   47   35   31   26   25   63  138  136  127  135  139  119  124  127  141  116  126  142    6   26   18   26   13    7    8   24   26   24   14   63   60   46   53   56   36   29   27  268  291  285  268  258  259  270  271   93   71   88  188  174  204  191  198  202  197  193  196  195  185  190  139  118  140  131  142  114   51   45   45   26   29   31   10   29   27  154  275  294  280  274  280   23   22   59   44   61   52   43   24  183  
135  128   32   34   42    0   16   38   26   18    7  269  263  245  271  235  237  224  260  253  267  235  248  240  275  241  244  262  260   92  102   64   73  104   75  197  220  197  273  282  266  302  285  293  270  289  282  272  304  186  185  195  167  166  195  283  284  276  271  259  274  266  287  283  291  283   67   76   78   80   78   77   71   68   67  103  169  155  153  163  164  146  152  148  163  143  145  162   38   21   43   49   45   50   35   25   17   19   47  100  101   87   96   97   77   71   68  296  321  316  295  287  288  298  300  111   81  104  212  202  233  217  223  228  226  223  224  224  216  218  179  158  180  171  184  153   56   43   63   37   66   54   42   35   37  167  289  305  289  285  293   25   21   31   35   41   20   42   21  197  
124  117   23   39   38   16    0   28   34   10   19  257  251  232  258  222  225  212  248  240  254  220  232  225  260  226  229  248  245   78   88   52   62   90   64  183  208  184  259  268  251  288  271  279  255  275  268  258  290  170  169  179  151  150  180  268  270  262  256  245  259  252  272  269  277  268   55   62   67   70   66   69   62   61   59   93  154  140  138  149  149  131  137  132  148  128  129  147   36   12   32   37   45   44   32   30   15   15   38  100   97   84   89   94   73   67   65  281  307  302  280  272  273  283  285   95   65   89  197  187  218  202  207  213  211  209  209  209  201  203  169  147  169  160  175  141   40   27   48   24   56   41   34   21   24  152  274  289  273  269  278   30   23   47   47   56   36   52   25  182  
136  127    7   35   17   38   28    0   38   21   35  261  255  238  262  227  232  220  253  244  258  199  213  205  239  204  209  225  225   80   92   66   77   94   79  186  214  189  236  244  229  265  248  257  233  251  245  234  267  159  158  166  141  139  166  263  267  260  254  242  254  250  268  265  275  266   28   39   39   42   40   42   34   34   32   65  132  124  118  127  129  111  116  116  131  108  114  131   20   18    4   12   30   20   18   31   23   20   10   79   72   59   62   68   49   42   41  261  285  279  261  251  252  262  264   80   55   75  179  167  197  182  189  193  190  187  189  188  179  182  141  120  142  132  147  114   34   28   31    9   28   18    8   12   10  140  262  280  266  260  267   30   25   63   53   68   54   55   29  170  
159  151   32   11   31   26   34   38    0   28   19  291  285  267  292  256  259  246  282  274  288  236  251  243  275  240  247  261  263  111  121   87   97  124   98  217  242  218  272  279  265  301  283  293  269  285  281  269  303  197  196  204  178  177  204  298  301  294  288  277  290  284  303  300  309  300   62   76   72   72   77   65   62   55   55   93  169  163  156  164  167  148  154  154  169  145  152  169   24   28   42   50   25   37   24    7   21   23   42   77   82   67   80   78   58   54   50  298  322  315  298  288  289  300  301  118   92  113  217  204  234  220  227  231  227  223  226  225  215  219  169  148  170  161  170  144   68   57   69   43   59   56   37   43   43  178  300  317  303  298  305    8   14   29   15   30   25   18   11  208  
132  124   14   31   28   18   10   21   28    0   17  263  257  239  264  228  231  219  254  246  260  217  230  223  257  223  227  244  243   83   93   60   70   96   72  189  215  190  255  264  248  284  267  276  252  271  264  254  287  171  171  179  153  151  180  271  274  266  260  249  262  256  276  272  281  273   49   58   60   63   60   61   54   53   51   86  151  139  136  146  147  128  134  131  147  125  129  146   26    3   25   31   35   35   23   22    7    6   30   91   88   74   80   84   64   58   55  279  304  298  278  269  270  280  282   94   66   88  195  185  215  200  206  211  208  206  206  206  198  200  162  140  163  153  168  135   41   30   46   20   49   36   25   18   20  153  275  291  276  271  279   22   15   46   42   53   36   46   18  183  
141  134   28   27   37    7   19   35   19   17    0  275  269  250  276  240  242  229  266  258  272  234  247  239  273  239  243  260  260   96  106   70   79  109   81  202  226  202  271  280  264  301  283  292  268  286  281  270  303  187  187  196  169  168  197  286  288  280  275  263  277  271  290  287  295  287   63   74   74   76   76   72   66   63   61   99  167  156  153  162  163  145  151  148  163  142  145  163   32   19   40   47   38   44   29   17   13   15   43   93   95   80   90   91   70   65   62  295  320  315  295  286  287  297  299  111   82  105  212  201  232  216  222  227  225  222  223  223  214  217  175  154  176  167  179  149   57   45   62   36   62   53   38   34   36  169  291  307  291  287  295   18   15   29   29   38   19   35   14  199  
138  142  264  293  278  269  257  261  291  263  275    0    7   25    7   35   36   51   10   17    3  232  220  220  253  250  223  262  230  181  170  205  197  168  196   76   50   73  268  282  259  277  279  264  257  291  266  281  287  147  148  162  154  159  164   93   68   62   65   68   88   59   83   77   67   70  260  243  262  268  250  281  272  282  279  276  232  184  214  223  208  217  220  193  194  219  190  187  281  263  261  254  291  279  279  285  270  268  266  332  313  308  296  313  301  294  295  252  278  286  243  252  255  248  258  202  210  203  196  221  231  213  206  213  228  243  221  227  242  222  298  287  297  291  325  280  228  235  235  253  267  249  268  251  252  158  151  138  115  131  146  285  278  299  304  310  288  309  281  149  
133  137  258  287  272  263  251  255  285  257  269    7    0   19    8   29   33   47    7   11    4  226  214  214  247  244  217  256  225  175  164  199  191  161  190   70   45   67  262  276  253  272  274  259  251  286  260  276  282  141  142  155  147  152  157   90   66   59   61   63   84   55   80   74   65   68  253  237  256  261  243  274  265  275  273  269  225  177  207  217  201  210  213  186  187  212  183  180  275  257  254  247  285  273  272  279  263  262  260  325  307  302  289  306  294  288  289  247  273  280  238  247  249  243  253  195  203  196  190  214  225  207  200  207  222  237  215  221  235  216  291  280  290  284  319  273  221  229  229  247  260  243  262  245  246  152  147  135  112  127  142  279  272  293  298  304  282  303  275  142  
114  118  240  269  255  245  232  238  267  239  250   25   19    0   27   10   15   29   15   11   22  221  211  210  245  239  213  252  222  157  146  181  172  143  172   54   26   49  259  273  249  270  271  258  248  283  258  272  280  132  132  147  136  141  150   98   77   69   69   68   91   62   90   84   78   78  237  221  240  245  227  258  249  259  256  254  214  166  196  206  190  198  201  174  177  200  171  169  257  239  237  230  267  256  255  261  245  244  243  309  291  286  273  290  278  271  272  247  273  280  238  246  248  243  253  181  187  181  183  207  220  201  195  202  216  230  209  215  228  210  280  268  279  272  307  261  204  211  212  229  243  226  244  227  228  141  152  142  119  132  148  261  254  274  279  286  263  285  257  135  
140  144  265  293  278  271  258  262  292  264  276    7    8   27    0   36   40   55   14   18    7  227  215  215  247  245  218  257  225  181  171  206  198  168  198   76   53   74  263  277  253  271  274  259  252  286  261  276  281  144  145  158  151  156  160   87   62   55   58   62   81   53   76   70   60   64  259  242  261  267  249  280  271  281  279  274  228  182  211  220  205  214  217  191  191  216  188  184  281  264  261  254  291  279  279  286  270  269  266  331  312  308  295  312  300  294  295  247  272  280  237  247  249  242  253  201  210  201  191  217  227  209  201  208  223  238  217  223  237  218  295  284  294  288  323  278  228  235  235  253  266  249  268  252  253  155  145  131  108  124  139  286  279  300  305  311  289  310  282  145  
104  108  230  259  244  235  222  227  256  228  240   35   29   10   36    0   15   24   26   19   32  214  205  204  239  232  207  246  217  147  136  170  162  133  162   44   17   39  253  268  244  266  265  253  243  277  253  266  275  124  124  140  127  132  142   99   80   71   70   67   91   64   92   86   82   81  226  210  229  235  217  248  239  248  246  244  206  157  187  197  182  189  192  165  168  190  162  160  247  229  227  220  257  246  244  251  235  234  232  299  281  275  263  280  267  261  262  243  269  276  234  241  243  239  248  171  177  171  177  199  214  194  188  195  209  223  203  208  221  203  271  259  270  263  298  252  194  201  202  219  233  215  234  217  218  132  150  143  119  131  147  250  244  264  269  276  253  275  246  127  
104  109  234  262  249  237  225  232  259  231  242   36   33   15   40   15    0   15   27   26   34  228  219  218  254  246  222  260  231  151  140  173  164  137  163   54   18   44  267  282  258  280  280  267  257  291  267  280  290  136  137  153  139  143  156  113   92   84   83   81  105   77  105   99   93   93  232  217  236  242  224  254  245  254  252  252  217  168  198  208  193  200  203  176  180  201  172  172  251  232  231  225  261  250  248  254  238  237  237  305  288  281  270  286  273  267  267  257  284  290  248  256  258  253  263  179  182  178  190  212  227  208  202  209  223  237  216  222  234  216  282  269  281  274  308  262  198  204  207  223  239  220  238  221  222  143  165  157  133  146  161  254  247  266  272  277  254  277  249  141  
 90   95  222  249  237  224  212  220  246  219  229   51   47   29   55   24   15    0   42   40   49  228  220  219  256  246  222  261  233  140  128  160  150  126  149   49   13   36  268  283  259  283  281  270  258  292  269  280  292  134  135  152  134  139  154  123  104   95   94   91  114   88  116  110  105  105  222  207  226  232  214  244  234  243  241  243  213  163  193  204  189  194  198  170  175  195  166  167  239  219  220  213  249  239  236  241  225  224  226  294  277  271  261  276  262  256  256  260  287  293  252  258  260  257  266  170  172  169  190  210  227  207  202  209  222  235  216  221  232  215  276  263  276  268  302  255  187  192  196  211  229  209  227  209  210  139  172  166  142  154  169  241  234  252  259  264  241  264  237  140  
129  133  256  284  270  260  248  253  282  254  266   10    7   15   14   26   27   42    0   11    7  230  219  219  252  248  221  261  229  173  162  196  187  159  187   69   41   64  267  281  257  277  278  264  256  290  265  280  287  143  144  158  149  153  160   97   73   66   68   69   91   62   87   81   72   75  252  235  255  260  242  273  264  274  271  269  227  179  209  218  203  211  214  187  189  213  184  182  273  254  253  245  282  271  270  276  261  260  258  324  306  301  288  305  293  286  287  253  278  286  243  252  254  248  258  195  202  195  193  217  229  211  204  211  225  240  219  224  239  220  293  281  292  285  320  274  219  226  227  244  259  241  260  243  244  153  153  142  118  133  148  276  269  290  295  301  278  300  272  145  
123  126  247  276  261  253  240  244  274  246  258   17   11   11   18   19   26   40   11    0   14  218  207  207  241  236  210  249  218  164  153  189  180  151  180   59   36   56  256  270  246  266  267  253  245  279  254  269  276  132  132  147  137  142  149   89   67   59   60   60   82   54   80   74   67   68  242  226  245  251  232  264  254  264  262  259  215  168  198  207  192  200  203  176  178  202  173  170  264  246  244  236  274  262  262  268  253  251  249  314  296  291  278  295  283  277  278  242  268  275  233  241  244  238  248  185  193  185  182  206  218  199  192  199  214  229  207  213  227  208  281  270  281  274  309  263  211  218  218  236  249  232  251  234  235  142  144  134  110  125  140  268  261  283  287  294  271  292  264  134  
136  139  261  290  275  267  254  258  288  260  272    3    4   22    7   32   34   49    7   14    0  230  218  218  251  248  221  260  228  178  167  202  194  165  193   73   47   70  266  280  257  275  277  263  255  290  264  279  285  145  146  159  151  156  161   93   68   62   64   66   87   58   82   77   67   70  257  240  259  265  247  278  269  279  276  273  229  182  212  221  205  214  217  190  191  216  187  184  278  260  258  251  288  277  276  282  267  265  263  329  310  305  293  310  298  291  292  251  276  284  241  251  253  246  257  199  207  200  194  218  229  211  204  211  226  241  219  225  239  220  295  284  294  288  323  277  225  232  232  250  264  246  265  248  249  156  150  137  114  130  145  282  275  296  301  307  285  306  278  146  
213  203  206  229  206  235  220  199  236  217  234  232  226  221  227  214  228  228  230  218  230    0   21   15   40   18   16   34   28  175  177  205  209  177  212  180  215  196   44   57   35   69   57   59   37   66   50   53   74   96   96   77  104  100   75  162  185  184  178  169  160  180  175  177  193  182  174  160  166  167  160  179  177  187  186  153   68   90   82   72   72   89   83   93   77   92   97   82  213  215  195  187  217  201  213  229  221  219  194  215  190  198  176  193  198  196  200   62   86   83   63   52   53   64   65  129  160  136   39   33    2   23   26   19    9   20   14   11   26   18  109  115  107  108  136  113  182  195  172  198  178  181  199  200  198   99  118  145  148  131  126  228  224  262  250  266  253  249  227   88  
214  205  220  244  221  248  232  213  251  230  247  220  214  211  215  205  219  220  219  207  218   21    0    8   36   36    6   42   14  182  182  213  216  182  219  174  208  191   48   63   39   65   61   53   38   72   49   62   73   93   93   74  104  102   72  145  169  169  163  155  144  166  158  160  177  166  189  174  181  183  174  196  193  203  202  170   84   97   95   87   84  102   97  102   86  105  106   89  227  228  209  201  232  216  227  243  235  232  209  234  209  215  194  211  215  213  217   50   78   78   48   43   45   51   55  139  170  146   39   47   23   31   26   20   27   41   25   28   46   32  130  135  128  129  158  133  194  207  185  211  193  195  214  213  211  100   98  125  130  112  106  243  238  276  265  281  266  264  241   84  
209  200  212  236  213  240  225  205  243  223  239  220  214  210  215  204  218  219  219  207  218   15    8    0   40   31    4   42   21  175  176  206  209  176  212  172  206  188   50   64   40   70   63   58   40   73   52   61   77   90   89   71  100   96   68  148  171  171  165  157  147  168  161  163  179  169  181  166  173  175  166  187  185  195  194  162   76   91   87   78   76   94   89   95   79   98   99   82  219  220  201  193  224  208  219  236  227  224  201  225  201  207  186  203  207  205  208   57   84   83   56   49   50   58   61  132  163  138   34   39   16   23   20   13   19   34   17   20   39   24  122  127  121  121  150  125  186  199  177  203  185  187  206  205  203   95  103  130  134  117  111  235  230  268  257  273  258  256  233   81  
250  240  246  268  245  275  260  239  275  257  273  253  247  245  247  239  254  256  252  241  251   40   36   40    0   37   36   22   23  215  216  244  248  216  251  209  243  226   18   31   15   30   27   19    9   40   13   35   37  129  129  110  140  137  108  173  198  199  194  187  173  197  186  189  205  195  213  200  204  205  199  217  216  225  224  189  107  130  122  111  112  129  123  133  117  132  137  121  251  255  235  227  255  240  252  268  261  258  233  250  225  234  212  228  235  233  237   25   47   43   31   14   14   30   27  169  200  176   74   73   42   61   60   53   49   53   53   51   61   58  136  146  134  137  161  146  222  235  212  238  217  221  239  240  238  136  119  145  155  137  128  267  263  302  289  305  292  288  267  120  
228  217  211  233  210  241  226  204  240  223  239  250  244  239  245  232  246  246  248  236  248   18   36   31   37    0   30   22   36  187  189  215  219  190  223  197  233  214   33   44   25   61   45   54   30   52   41   37   64  113  112   94  119  115   92  180  203  202  196  187  178  198  192  194  211  200  178  165  169  169  164  180  180  189  189  153   72  103   89   78   82   96   90  104   89   99  109   95  216  221  200  192  219  204  216  233  227  224  198  213  189  197  176  192  198  197  201   61   82   75   65   51   51   65   63  138  169  145   56   43   19   39   44   37   24   17   30   25   25   31  101  110   99  102  127  109  190  202  179  203  181  187  204  206  204  114  133  160  165  148  142  232  229  267  253  270  258  252  232  106  
214  204  216  240  217  244  229  209  247  227  243  223  217  213  218  207  222  222  221  210  221   16    6    4   36   30    0   39   16  180  181  210  214  181  217  175  210  192   46   60   36   65   59   54   36   70   48   58   73   94   93   75  104  101   72  150  173  173  167  159  148  170  163  165  181  171  185  170  177  178  170  191  189  199  198  165   80   95   91   82   80   99   93   99   83  102  103   87  223  225  205  197  228  212  223  240  231  229  205  229  204  211  189  206  210  208  212   53   80   79   51   44   46   54   57  136  167  143   38   43   17   27   24   17   22   35   21   23   41   28  124  130  123  123  152  128  190  203  181  207  189  191  210  209  207  100  103  130  135  117  112  239  234  272  261  277  262  260  238   84  
247  237  232  253  230  262  248  225  261  244  260  262  256  252  257  246  260  261  261  249  260   34   42   42   22   22   39    0   35  208  210  236  241  211  244  213  248  230   11   23    7   41   24   35   12   32   21   19   43  130  130  111  138  134  109  187  211  211  206  198  186  208  200  202  219  208  198  186  189  190  185  201  200  209  209  173   93  124  111   99  103  118  111  125  110  120  130  115  237  242  221  213  240  225  237  254  248  245  219  231  207  216  195  210  218  217  221   46   62   55   53   35   35   51   46  159  190  166   73   64   36   57   60   52   42   39   48   44   46   51  115  127  114  118  140  127  211  224  200  225  202  208  225  227  225  134  136  163  170  152  144  253  250  288  274  291  279  273  253  122  
228  219  232  256  233  260  245  225  263  243  260  230  225  222  225  217  231  233  229  218  228   28   14   21   23   36   16   35    0  196  196  227  230  196  233  186  220  203   38   52   29   51   49   39   27   61   36   53   60  107  107   88  119  116   86  152  177  177  172  165  152  175  165  168  184  174  201  186  193  194  186  207  205  215  214  181   95  111  107   98   97  115  109  116   99  118  119  103  240  241  222  213  244  228  239  256  247  245  221  243  218  226  204  221  226  224  228   36   64   64   35   29   31   37   41  152  184  159   53   59   30   44   40   33   36   47   37   38   53   43  135  143  134  135  162  141  207  220  198  224  205  207  226  226  224  115  101  128  136  117  110  255  250  288  277  293  279  276  254   97  
 62   51   83  112   98   92   78   80  111   83   96  181  175  157  181  147  151  140  173  164  178  175  182  175  215  187  180  208  196    0   11   34   34   14   37  106  134  108  218  230  210  244  231  233  212  238  225  222  249  101  101  115   84   84  117  191  192  184  178  167  182  174  195  191  199  191   83   70   89   95   78  106   96  104  102  111  122   85  100  113  105   95  102   82   98   94   78   93  100   83   80   74  110   99   98  105   90   88   86  155  140  132  124  138  123  116  117  232  259  258  228  224  226  232  237   53   36   48  143  144  173  153  156  162  166  170  162  164  164  157  166  147  166  157  185  140   47   54   57   72   90   70   87   70   71   86  203  216  198  196  206  104   98  124  125  134  112  129  101  114  
 52   41   94  123  109  102   88   92  121   93  106  170  164  146  171  136  140  128  162  153  167  177  182  176  216  189  181  210  196   11    0   40   37    3   39   96  123   97  221  233  212  246  234  234  214  241  227  226  251   98   98  113   81   83  115  184  183  175  169  158  174  165  186  183  190  182   95   81  100  106   89  117  107  116  113  121  127   87  105  118  109  101  107   86  100  100   81   95  111   93   91   85  121  110  109  115  100   98   97  166  151  143  135  149  134  128  128  232  260  259  228  225  227  232  237   60   46   55  143  147  175  155  157  164  168  173  164  166  167  160  174  156  174  165  194  148   58   65   69   83  101   81   98   81   82   84  198  210  191  190  201  115  108  132  135  143  121  139  111  111  
 72   65   66   91   82   64   52   66   87   60   70  205  199  181  206  170  173  160  196  189  202  205  213  206  244  215  210  236  227   34   40    0   11   42   14  133  156  132  247  258  238  274  260  263  241  266  254  250  278  135  135  148  117  118  150  223  222  214  209  198  214  204  226  222  229  221   80   73   89   94   80  101   91   97   94  115  146  115  126  138  133  120  127  111  127  118  107  124   83   61   67   64   93   86   80   82   66   66   74  145  135  124  121  132  114  107  106  263  290  287  260  255  256  263  267   77   48   70  174  173  203  184  187  193  195  198  192  193  191  187  181  160  181  171  195  153   40   38   56   56   85   63   73   53   56  119  237  249  231  230  240   82   75   94   99  105   83  105   78  148  
 62   55   77  101   93   73   62   77   97   70   79  197  191  172  198  162  164  150  187  180  194  209  216  209  248  219  214  241  230   34   37   11    0   39    4  126  147  124  252  263  243  278  264  267  245  271  258  255  282  135  135  149  117  118  151  219  217  208  203  193  209  198  221  217  223  216   91   84  100  105   91  112  102  108  106  125  153  119  131  144  138  126  133  115  131  124  111  127   94   71   78   75  104   97   91   92   77   76   85  156  146  135  133  143  125  118  117  266  293  291  263  258  260  266  271   83   56   76  177  177  207  187  190  196  200  203  196  198  196  191  190  169  190  180  205  162   51   49   66   68   96   74   84   65   67  120  235  247  228  227  238   92   85  102  108  114   91  115   88  148  
 49   38   97  125  111  104   90   94  124   96  109  168  161  143  168  133  137  126  159  151  165  177  182  176  216  190  181  211  196   14    3   42   39    0   40   93  120   95  221  233  212  246  234  234  214  242  227  226  251   98   97  113   81   82  114  181  181  172  167  156  172  163  184  180  187  180   97   84  103  109   91  120  110  118  116  124  128   87  106  119  110  102  108   86  101  101   82   95  114   96   94   88  124  113  111  118  102  101  100  169  154  146  138  152  137  130  131  232  260  259  228  225  227  232  237   62   49   57  143  147  175  155  156  164  168  174  164  167  168  160  176  157  176  167  196  150   61   67   71   86  104   84  101   84   85   84  197  208  189  189  199  118  111  135  137  145  123  142  114  110  
 60   54   79  103   96   75   64   79   98   72   81  196  190  172  198  162  163  149  187  180  193  212  219  212  251  223  217  244  233   37   39   14    4   40    0  126  146  124  255  266  246  281  268  270  249  274  261  258  286  137  137  152  120  121  153  220  217  209  204  193  210  199  222  218  224  217   94   87  103  109   94  115  105  111  109  129  156  122  135  148  141  129  136  119  134  128  114  130   96   73   81   78  106  100   93   94   78   78   88  158  149  138  136  146  128  121  120  269  296  294  265  261  263  269  274   86   60   80  180  180  210  190  193  199  203  206  199  201  199  194  193  173  193  184  209  166   54   52   70   70   99   77   87   67   70  122  237  248  229  229  239   94   87  103  110  114   92  116   90  150  
 76   76  189  218  203  197  183  186  217  189  202   76   70   54   76   44   54   49   69   59   73  180  174  172  209  197  175  213  186  106   96  133  126   93  126    0   38   17  221  235  212  237  234  224  211  245  222  232  246   85   86  103   85   90  106  102   93   84   80   71   92   74  100   95   99   93  183  167  186  192  174  205  195  205  203  200  164  114  144  155  140  146  150  122  126  147  118  119  206  189  185  178  216  204  204  211  196  194  190  256  237  232  220  236  224  218  219  216  244  248  208  213  215  213  222  126  134  127  141  161  179  158  154  161  174  186  167  173  183  167  228  215  228  220  254  208  152  160  159  178  190  173  192  176  177   90  139  140  117  124  138  211  204  227  230  238  216  235  207   91  
 88   92  217  245  231  220  208  214  242  215  226   50   45   26   53   17   18   13   41   36   47  215  208  206  243  233  210  248  220  134  123  156  147  120  146   38    0   26  256  270  246  270  268  257  245  279  256  267  279  122  123  139  123  128  142  112   95   86   84   80  103   78  106  100   97   95  215  199  219  224  206  237  227  237  234  235  201  152  182  193  177  183  187  159  164  184  156  156  234  215  214  207  244  233  231  237  221  220  220  287  270  264  253  269  256  249  250  247  275  280  239  245  247  244  253  161  165  161  177  198  214  194  189  197  210  223  203  209  220  203  266  252  265  258  291  245  181  187  190  206  222  203  221  204  205  128  160  155  131  142  157  237  230  249  255  261  238  260  232  127  
 68   70  192  220  206  197  184  189  218  190  202   73   67   49   74   39   44   36   64   56   70  196  191  188  226  214  192  230  203  108   97  132  124   95  124   17   26    0  238  252  228  254  251  241  228  262  239  249  263  101  102  119  100  104  122  115  103   93   90   83  105   84  111  106  107  103  189  173  192  198  180  211  201  211  208  208  178  128  157  169  154  158  162  135  140  159  131  132  209  190  189  181  218  207  206  212  197  195  194  261  244  238  227  243  230  223  224  233  261  266  226  230  232  230  239  135  139  135  158  177  195  175  170  178  190  203  184  189  199  183  241  227  240  233  266  220  155  162  164  180  196  177  196  179  180  105  155  154  131  139  153  212  205  226  231  237  215  236  208  108  
257  247  243  264  241  273  259  236  272  255  271  268  262  259  263  253  267  268  267  256  266   44   48   50   18   33   46   11   38  218  221  247  252  221  255  221  256  238    0   14   10   30   13   26   11   24   12   17   31  139  139  120  148  144  118  190  215  215  210  203  190  213  203  206  222  212  210  198  200  201  196  211  211  220  220  184  105  134  122  110  114  129  122  136  121  131  140  126  248  253  232  224  251  236  248  265  259  256  230  241  217  227  205  221  228  228  232   39   52   44   47   29   28   45   38  170  201  177   82   75   46   67   69   61   53   50   58   55   58   61  125  137  123  127  148  138  222  235  211  236  213  219  236  238  236  143  137  164  173  154  146  264  261  299  285  302  290  284  264  130  
270  260  251  271  249  282  268  244  279  264  280  282  276  273  277  268  282  283  281  270  280   57   63   64   31   44   60   23   52  230  233  258  263  233  266  235  270  252   14    0   24   28    6   31   25    9   19   11   25  153  152  134  161  157  131  204  228  229  224  217  204  227  217  220  236  226  217  206  208  208  204  218  218  227  227  190  114  146  132  120  125  139  132  148  133  141  152  138  255  261  240  233  258  243  256  273  267  265  238  245  222  232  211  225  234  234  238   46   52   40   56   38   37   53   44  181  211  188   96   86   59   80   82   75   65   60   71   67   67   74  127  141  125  130  148  142  232  245  220  244  220  228  243  247  245  156  150  176  186  168  158  272  269  307  292  309  298  291  272  144  
248  238  236  258  235  266  251  229  265  248  264  259  253  249  253  244  258  259  257  246  257   35   39   40   15   25   36    7   29  210  212  238  243  212  246  212  246  228   10   24    0   36   23   29    5   33   16   24   40  129  129  110  138  135  108  182  206  207  201  194  181  204  195  197  214  204  203  190  194  194  189  206  205  214  214  178   97  125  114  103  105  121  114  127  112  124  132  117  241  246  225  217  244  229  242  258  252  249  224  237  213  222  200  216  223  222  226   39   57   50   46   28   28   44   40  162  193  169   72   66   36   57   59   51   43   43   48   45   50   52  122  133  120  124  147  133  215  227  204  229  206  212  229  231  229  134  130  157  165  147  139  257  254  292  279  295  283  277  257  121  
279  270  272  294  271  302  288  265  301  284  301  277  272  270  271  266  280  283  277  266  275   69   65   70   30   61   65   41   51  244  246  274  278  246  281  237  270  254   30   28   36    0   22   13   33   30   20   39   11  158  158  140  169  166  137  193  219  221  216  210  194  220  206  210  226  216  239  227  230  230  225  241  241  250  250  213  133  159  150  139  141  157  150  162  146  160  166  151  277  282  261  253  280  265  278  295  288  285  260  271  247  257  235  250  258  258  262   26   23   14   37   25   22   32   21  198  229  204  103  101   71   91   90   82   78   79   82   80   86   87  154  167  152  157  176  167  251  263  240  265  242  248  265  267  265  165  136  161  174  155  144  294  290  328  315  331  319  313  293  148  
270  260  255  275  252  285  271  248  283  267  283  279  274  271  274  265  280  281  278  267  277   57   61   63   27   45   59   24   49  231  234  260  264  234  268  234  268  251   13    6   23   22    0   25   23   13   14   17   20  152  152  133  161  157  131  200  225  226  221  213  200  224  213  216  232  222  221  209  211  211  207  222  222  231  230  193  116  147  134  123  127  141  134  149  134  144  153  139  259  264  243  236  261  246  259  276  270  268  241  250  226  236  215  230  238  238  242   41   46   34   50   33   31   47   38  183  214  190   95   87   59   80   82   74   66   62   71   68   70   74  132  146  130  135  153  146  235  247  223  247  224  231  247  250  248  156  145  171  182  163  154  275  272  310  296  313  302  294  275  143  
267  258  264  286  263  293  279  257  293  276  292  264  259  258  259  253  267  270  264  253  263   59   53   58   19   54   54   35   39  233  234  263  267  234  270  224  257  241   26   31   29   13   25    0   24   36   14   40   23  146  146  127  157  154  125  181  207  208  204  197  182  207  194  198  214  204  231  218  222  223  217  234  234  243  242  207  125  148  140  130  131  148  141  152  136  150  156  140  270  273  253  245  273  258  270  286  279  277  251  266  242  251  229  245  252  251  255   16   28   25   26   12    9   22   13  187  219  194   91   91   61   79   78   71   68   71   71   70   78   77  150  162  149  153  174  162  241  254  231  256  235  239  257  258  256  153  125  150  162  144  133  285  282  320  307  323  311  306  285  136  
249  239  240  262  239  270  255  233  269  252  268  257  251  248  252  243  257  258  256  245  255   37   38   40    9   30   36   12   27  212  214  241  245  214  249  211  245  228   11   25    5   33   23   24    0   34   13   27   37  130  129  111  139  136  108  179  204  204  199  192  179  202  192  195  211  201  207  194  198  199  193  210  210  219  218  183  101  127  117  106  108  124  118  130  114  127  134  119  246  250  229  221  249  234  246  263  256  253  228  242  218  227  205  221  228  227  231   34   52   47   40   23   22   39   34  165  196  172   73   69   39   59   60   52   46   47   50   48   54   55  127  139  126  129  152  138  218  231  207  232  211  216  233  235  233  135  126  153  162  144  135  262  258  296  283  300  287  282  261  121  
279  269  258  277  255  289  275  251  285  271  286  291  286  283  286  277  291  292  290  279  290   66   72   73   40   52   70   32   61  238  241  266  271  242  274  245  279  262   24    9   33   30   13   36   34    0   27   17   23  162  162  143  170  166  141  212  237  238  233  226  212  236  225  228  245  235  224  213  214  213  210  223  224  232  232  195  121  155  140  128  133  147  140  156  141  149  161  147  261  268  247  239  263  249  262  279  274  271  244  249  226  236  215  230  239  239  243   52   52   39   62   45   43   58   49  189  219  196  105   95   68   89   92   84   74   68   80   76   75   83  130  145  128  134  149  146  239  252  227  251  226  234  250  254  251  166  158  184  195  176  166  278  275  313  298  315  305  296  278  154  
261  252  252  274  251  282  268  245  281  264  281  266  260  258  261  253  267  269  265  254  264   50   49   52   13   41   48   21   36  225  227  254  258  227  261  222  256  239   12   19   16   20   14   14   13   27    0   26   25  142  141  123  152  148  120  186  211  212  207  200  186  210  199  202  218  208  219  207  210  210  205  222  221  230  230  194  113  140  130  119  121  137  131  143  127  140  147  132  258  262  241  233  261  245  258  275  268  265  240  252  228  237  216  231  239  238  242   28   41   34   37   19   18   34   27  178  209  185   86   82   52   72   72   64   59   59   63   61   66   67  136  148  134  139  159  148  231  243  220  245  222  228  245  247  245  147  131  157  168  149  140  274  270  308  295  312  299  294  273  132  
264  254  241  261  239  272  258  234  269  254  270  281  276  272  276  266  280  280  280  269  279   53   62   61   35   37   58   19   53  222  226  250  255  226  258  232  267  249   17   11   24   39   17   40   27   17   26    0   36  149  148  130  156  152  127  205  230  230  225  217  205  227  218  221  237  227  207  196  197  197  194  207  208  216  216  179  104  139  124  111  117  130  123  140  125  132  145  131  245  252  230  223  247  232  246  263  257  255  228  234  211  221  200  214  223  223  227   55   62   51   63   45   44   61   53  173  203  179   91   79   54   75   79   71   60   52   66   61   59   68  115  130  114  119  137  131  223  235  211  235  210  218  233  237  235  151  153  180  189  170  162  262  258  297  282  299  288  280  261  141  
286  276  274  295  272  304  290  267  303  287  303  287  282  280  281  275  290  292  287  276  285   74   73   77   37   64   73   43   60  249  251  278  282  251  286  246  279  263   31   25   40   11   20   23   37   23   25   36    0  166  166  147  176  173  145  204  230  231  227  220  205  230  217  220  237  227  241  229  231  231  227  242  242  251  250  214  136  164  153  142  145  160  154  167  151  163  171  156  279  284  263  256  281  266  279  296  290  287  261  270  246  256  235  250  258  258  262   37   30   16   48   35   32   43   32  202  232  208  110  106   76   96   97   89   83   81   87   85   89   92  151  165  150  155  172  166  254  266  242  267  244  250  267  270  267  172  147  172  185  166  155  295  292  330  316  333  321  314  295  156  
