180

  0   12   28    7   20   14   38   29    6   13   13   40   18   25   17   17  131  146  173   99   94  119  124  113  105  124  167  110   88   91  104   85  100  119  101   95  100   92   99   92   80   85   77   83  111   63   66  114   91   92  102   98  100  121  141  112  113  144  108  110  128  115  133  104  132   49   47   36   81   45   82   81   68   53   61   80   54   57   39   72   43   56   43   44  146  172  159  153  155  134  130  160  128  138  168  164  138  160  165  133  169  139   48   51   58   55   65   34   53   35   48   57   38   63   70  238  193  233  237  218  210  213  223  202   90   57   61   53   81   69   62   70   66   63   59   73   60   93   72   48   84  151  165  139  124  149  141  141  122  164   47   38   65   56   68   59   54   44   42   31   58   46   38   58  187  162  173  179  192  205  190  154  186  157  169  174  188  180  194  165  
 12    0   19   16   21   22   46   34   17    2   22   44   17   34   27   19  137  152  179   92   89  114  119  110   99  117  157  122   96  102  116   95  111  129  110  106  111  104  111  104   91   94   88   94  122   74   77  125  102  103  114  110  111  133  153  124  125  156  119  122  140  127  145  115  144   38   36   28   71   34   73   72   59   42   51   72   49   52   29   61   34   45   36   33  155  182  169  163  166  145  141  170  138  149  178  175  149  170  176  143  180  149   46   58   62   61   68   40   59   44   53   61   41   65   75  235  191  230  234  216  206  209  222  200   78   45   49   41   70   59   51   60   55   55   47   61   51   81   63   37   72  139  154  128  113  138  130  130  110  154   59   49   77   68   80   71   65   56   54   43   70   57   50   70  179  155  165  172  184  197  182  147  180  148  161  166  180  172  187  156  
 28   19    0   29   19   30   48   32   34   17   32   39   16   41   36   20  133  146  172   72   70   95  100   92   80   98  139  129   96  111  124   99  119  133  112  111  119  113  120  113   97   97   95  100  129   81   84  131  111  111  127  124  126  146  167  137  134  167  129  132  149  141  158  125  154   37   39   39   75   36   76   77   63   45   55   79   63   66   34   63   40   47   47   37  174  200  187  181  183  163  158  188  156  166  196  192  166  188  193  161  197  167   62   77   81   81   86   59   78   63   72   80   60   84   94  218  174  212  217  199  189  191  205  183   64   36   41   31   54   41   35   43   38   36   37   47   32   67   44   21   59  132  150  122  109  135  127  128  106  152   75   57   92   80   95   87   82   65   70   58   83   65   66   83  159  136  146  153  165  177  163  127  160  129  142  147  160  153  167  137  
  7   16   29    0   16    8   32   23    8   17    6   34   16   19   11   13  124  140  167   98   92  116  122  109  102  122  168  105   81   86   99   79   95  113   94   89   95   87   95   88   75   78   72   78  105   58   61  109   86   86   99   96   97  118  139  109  109  140  103  106  124  112  130   99  128   54   53   42   87   51   88   87   74   59   67   87   60   63   45   77   49   62   49   49  147  173  160  153  155  134  130  160  128  137  168  164  138  159  164  133  168  139   54   54   63   59   70   38   57   37   52   62   43   68   74  233  189  229  233  214  206  209  218  197   92   61   65   56   83   70   63   72   67   62   63   75   59   95   72   50   87  155  170  144  129  155  146  147  127  170   46   32   63   52   67   58   54   39   41   29   55   41   38   55  185  160  172  177  191  203  188  153  184  155  167  172  187  178  192  163  
 20   21   19   16    0   12   29   14   24   20   16   23    4   23   19    3  118  132  158   82   76  100  105   93   86  106  155  110   78   92  105   80  100  114   93   92  100   94  101   94   78   78   76   81  109   61   65  112   92   92  110  107  109  127  150  119  115  149  110  114  130  123  140  106  136   54   54   48   90   51   91   91   77   60   70   92   70   73   48   79   53   63   56   51  163  188  176  168  170  149  145  175  143  152  183  178  152  174  179  148  182  154   66   70   78   75   85   53   73   53   68   77   58   83   90  218  173  213  217  198  190  193  203  182   83   55   60   50   72   58   53   60   56   47   56   66   45   86   58   40   78  151  169  141  127  153  145  146  124  170   61   38   76   63   80   72   69   46   56   43   66   45   53   65  169  144  156  161  176  187  172  137  168  140  151  156  172  162  176  148  
 14   22   30    8   12    0   24   16   16   23    4   26   14   13    7   10  116  132  159   94   87  111  117  103   97  118  167  101   74   82   95   73   91  107   88   84   91   84   91   84   70   72   67   72  101   52   56  104   82   82   98   95   97  116  138  108  105  137  100  103  120  111  129   96  125   60   58   49   94   56   95   94   81   65   73   94   68   71   51   84   56   68   57   56  151  175  163  156  157  137  132  163  130  139  171  166  140  162  166  135  169  142   62   60   70   66   78   45   64   42   59   69   51   75   81  226  182  223  226  207  199  203  211  190   94   64   68   59   84   70   64   72   67   60   66   77   58   97   71   51   89  159  176  149  134  160  152  152  132  176   48   28   64   51   67   60   56   35   43   30   54   36   41   53  182  156  168  173  188  199  184  149  179  152  162  169  184  174  188  160  
 38   46   48   32   29   24    0   16   38   46   26   15   32   15   21   29   93  109  136   97   86  107  113   95   95  117  176   83   50   67   78   51   73   85   65   64   74   70   76   68   51   49   49   53   82   35   39   84   66   65   91   89   91  104  129   98   90  125   85   89  104  102  118   81  111   82   81   73  117   79  119  118  104   88   97  118   92   94   75  107   79   90   80   79  156  177  167  159  157  138  134  165  132  139  172  164  139  161  164  137  167  144   85   74   88   82   98   63   80   57   77   88   71   95   97  214  169  212  213  194  188  192  197  177  109   84   88   78   98   82   79   86   81   67   84   93   67  112   79   68  105  179  197  169  156  182  174  175  153  198   53   18   62   45   66   63   62   25   49   38   48   22   48   46  182  154  169  170  189  199  184  149  176  154  161  168  186  173  186  162  
 29   34   32   23   14   16   16    0   31   33   19   11   18   17   18   15  104  118  145   85   76   98  104   89   86  107  162   99   64   82   94   67   89  101   80   80   89   85   91   83   67   65   65   69   98   50   55  100   81   81  104  102  103  119  142  112  105  139  100  104  120  116  132   97  126   67   68   61  104   65  105  105   91   74   84  106   82   85   61   93   66   76   69   65  163  186  175  167  167  147  143  174  141  149  181  175  149  171  175  146  178  153   77   74   85   81   94   60   79   57   75   85   67   91   96  211  167  208  211  192  184  188  196  175   93   68   73   62   82   67   63   70   66   53   69   77   52   96   65   52   89  164  182  154  141  167  159  160  138  183   59   30   72   57   76   70   68   38   54   42   60   36   53   58  171  144  158  161  178  189  173  138  167  142  151  158  175  163  176  151  
  6   17   34    8   24   16   38   31    0   19   13   42   23   24   17   21  131  147  174  105   99  124  129  117  110  129  173  107   86   87  101   83   96  117   99   92   96   88   95   89   77   83   74   80  107   60   63  111   87   88   97   93   94  117  136  107  109  139  103  105  124  110  128   99  127   53   51   38   83   49   85   83   71   56   64   82   54   57   43   75   47   60   44   47  140  167  154  147  150  129  124  154  122  132  162  159  133  154  160  127  163  133   47   46   54   51   62   29   49   30   44   54   35   59   66  242  197  237  241  222  214  217  227  206   95   62   66   58   87   75   67   76   71   68   64   78   65   98   78   53   89  155  169  143  128  153  144  145  126  168   42   35   60   51   63   54   48   41   37   26   53   43   33   54  192  167  179  184  198  210  195  160  191  162  174  179  194  185  199  170  
 13    2   17   17   20   23   46   33   19    0   23   43   16   35   28   18  137  151  178   90   87  112  117  108   97  116  155  122   96  103  117   96  112  130  110  106  112  105  112  105   92   94   89   95  122   75   78  126  103  104  115  111  113  135  155  125  126  157  121  123  141  129  147  116  145   37   36   28   71   34   73   72   59   42   51   73   50   54   29   61   34   45   37   33  157  184  171  164  168  147  142  172  140  150  180  177  151  172  178  145  181  151   47   60   64   63   69   42   61   46   55   63   43   67   77  234  189  228  233  214  205  208  220  198   77   44   48   40   68   57   49   58   53   53   46   59   49   80   61   35   71  138  153  127  112  138  129  130  110  153   61   50   79   69   82   72   67   56   55   44   71   58   51   72  177  153  163  171  182  195  180  145  178  146  159  164  178  170  185  154  
 13   22   32    6   16    4   26   19   13   23    0   29   17   12    5   14  118  134  161   98   91  115  121  107  101  122  170  100   75   81   94   73   89  107   88   83   90   82   90   82   69   72   66   72  100   52   55  103   80   81   95   92   94  114  135  105  104  135   98  101  119  109  126   94  123   60   58   48   93   56   94   93   80   64   73   93   66   69   51   83   55   68   55   55  147  172  160  152  154  133  129  159  127  136  167  162  136  158  163  132  166  138   59   56   66   62   75   41   60   38   56   66   48   72   77  230  186  227  230  211  203  207  215  194   96   66   70   61   86   73   67   75   70   63   67   79   61   99   74   53   91  160  176  149  135  160  152  153  132  176   45   27   60   48   64   57   53   34   40   27   51   35   37   51  185  159  172  177  192  203  188  153  183  156  166  172  188  178  192  164  
 40   44   39   34   23   26   15   11   42   43   29    0   27   24   27   25   94  108  135   82   71   93   99   82   80  102  162   96   57   81   91   62   87   95   73   76   87   84   90   81   64   59   63   66   94   49   53   96   80   79  106  104  106  119  144  113  104  139   99  103  118  117  133   96  125   76   77   72  113   74  114  114  100   83   93  115   92   96   71  102   76   85   79   74  170  191  181  173  172  152  148  179  146  154  186  179  153  176  179  151  182  158   87   84   95   90  104   70   89   66   85   95   77  101  106  202  158  200  202  183  176  180  187  166   97   75   79   69   85   70   67   73   69   53   75   82   53  100   65   58   94  170  189  160  148  174  167  167  145  191   66   33   76   60   81   76   75   40   61   49   63   37   60   61  167  139  154  156  174  184  169  134  161  139  146  153  171  158  171  147  
 18   17   16   16    4   14   32   18   23   16   17   27    0   25   21    4  121  135  162   82   76  101  106   95   87  107  154  113   82   95  108   83  103  118   97   95  103   97  104   96   81   82   79   84  113   65   68  115   95   95  112  109  111  130  152  122  118  151  113  116  133  125  143  109  138   50   50   45   86   47   88   87   74   56   66   88   66   70   44   75   49   59   53   47  163  188  176  169  170  150  145  176  143  153  184  179  153  175  180  148  183  155   63   69   76   74   83   52   71   52   66   75   56   80   88  220  175  215  219  200  191  195  205  184   80   52   56   46   70   56   50   58   54   46   53   63   44   83   57   37   75  147  165  137  124  150  142  142  121  166   61   41   77   65   81   73   69   49   56   44   68   48   53   67  169  144  156  161  175  187  172  137  168  140  151  157  172  162  176  148  
 25   34   41   19   23   13   15   17   24   35   12   24   25    0    7   22  107  123  150  101   93  115  121  105  102  124  177   88   63   70   83   61   78   95   76   71   78   72   79   71   57   60   54   60   88   40   43   91   69   70   88   86   87  105  127   97   93  126   88   91  108  101  118   84  113   72   71   60  105   69  107  106   93   77   85  105   78   80   63   96   68   80   67   68  147  169  158  150  150  130  126  157  124  132  164  158  132  154  158  129  161  136   70   61   74   68   83   49   66   43   63   74   57   80   83  226  181  223  225  206  199  204  210  190  105   77   81   71   95   81   75   83   78   68   78   89   67  108   80   63  100  172  188  161  147  173  164  165  144  188   43   16   55   41   59   54   51   23   38   26   44   23   36   43  188  161  175  178  194  205  190  155  184  159  168  174  191  180  193  167  
 17   27   36   11   19    7   21   18   17   28    5   27   21    7    0   17  114  130  157  100   93  116  122  107  103  124  174   95   70   76   89   68   84  102   83   78   84   77   84   77   64   67   61   67   95   47   50   98   75   76   91   88   90  109  131  101   99  131   93   96  114  104  122   89  118   65   64   53   98   62  100   98   86   70   78   98   70   73   56   89   61   73   60   61  146  169  158  150  151  131  126  157  124  133  165  159  133  155  160  130  163  136   63   56   68   63   77   43   61   39   58   68   51   74   78  229  185  226  229  210  202  206  214  193  100   71   75   66   90   77   71   79   74   66   72   84   64  104   77   58   95  166  181  155  140  166  157  158  138  181   42   22   57   44   61   54   51   29   37   25   47   30   35   46  187  161  174  178  194  205  190  154  184  158  168  174  190  180  193  166  
 17   19   20   13    3   10   29   15   21   18   14   25    4   22   17    0  119  133  160   85   79  103  108   96   89  109  157  110   79   92  104   80  100  114   94   92  100   93  100   93   78   78   75   81  109   61   65  112   91   91  108  106  107  126  148  118  115  147  110  113  129  122  139  105  135   53   53   46   89   50   90   90   76   59   68   90   67   71   46   78   51   62   54   50  160  185  173  166  167  147  142  173  140  150  181  176  150  172  176  145  180  152   63   67   75   72   82   51   70   50   65   74   55   80   87  221  176  216  220  201  193  196  206  185   84   56   60   50   73   60   54   62   57   49   56   67   47   87   60   41   79  151  168  141  127  153  145  145  124  169   58   37   74   61   78   70   66   45   53   40   64   45   50   63  172  147  159  164  178  190  175  139  170  143  153  159  174  165  179  151  
131  137  133  124  118  116   93  104  131  137  118   94  121  107  114  119    0   20   46  139  123  126  132  106  125  143  221   83   48   90   85   61   84   55   46   68   84   94   94   88   76   58   80   74   78   83   85   70   87   83  127  131  132  122  147  125   98  128   98  104  103  130  134   98  115  170  171  165  207  168  209  209  195  177  187  210  184  187  165  196  170  179  173  169  214  221  218  208  200  188  184  212  183  184  217  202  182  203  200  188  201  195  177  159  176  168  187  153  167  143  166  177  163  184  182  171  134  179  172  154  156  164  150  138  180  167  171  160  168  152  154  157  154  132  166  169  135  182  142  148  179  257  280  250  239  266  259  259  236  283  130  100  124  110  129  133  137   99  128  123  112   94  130  108  197  165  187  178  205  210  195  168  179  179  174  183  208  186  193  186  
146  152  146  140  132  132  109  118  147  151  134  108  135  123  130  133   20    0   27  142  126  125  130  105  126  142  221  103   67  111  105   81  104   74   67   88  104  115  114  108   96   78  100   94   98  102  105   90  108  103  148  152  152  141  167  145  118  147  118  124  122  150  154  118  134  183  184  180  220  181  222  222  208  190  201  224  200  203  179  209  184  192  188  182  235  241  239  229  220  208  204  232  204  204  238  222  202  223  219  209  220  216  193  178  194  186  205  171  186  161  184  195  180  202  201  155  120  164  155  138  142  150  133  124  187  178  182  172  175  160  163  165  163  140  176  178  144  189  149  159  187  266  290  259  250  276  269  270  245  294  149  117  144  129  149  153  156  118  147  141  132  112  149  128  191  160  183  171  199  203  189  165  171  176  168  178  203  180  186  183  
173  179  172  167  158  159  136  145  174  178  161  135  162  150  157  160   46   27    0  163  146  143  147  123  146  160  239  123   93  134  126  106  127   94   91  111  126  138  136  131  121  103  125  118  118  128  130  110  131  126  170  175  175  161  186  167  138  164  140  145  140  172  173  139  153  209  211  207  247  207  248  249  235  217  227  250  227  230  205  235  211  219  215  209  258  262  261  251  241  230  226  253  227  226  259  242  223  244  239  231  240  238  221  205  221  213  232  198  212  188  211  222  207  229  228  149  120  161  150  134  142  150  127  122  211  204  207  197  199  184  188  189  187  164  202  202  168  213  173  184  211  289  314  283  275  301  294  295  270  319  175  144  170  155  174  178  183  145  173  168  157  139  176  154  202  173  195  181  210  213  200  179  180  191  180  190  215  191  195  197  
 99   92   72   98   82   94   97   85  105   90   98   82   82  101  100   85  139  142  163    0   17   31   33   43   19   27   84  174  125  162  170  137  166  165  142  152  166  165  171  162  143  133  143  145  172  130  135  171  160  158  188  186  188  201  226  195  184  220  180  184  197  199  215  176  206   89   94  105  120   91  121  125  112   98  107  129  128  131   95  107  100   97  112   95  245  270  258  250  251  231  227  257  225  233  265  259  233  256  260  230  263  236  131  149  153  153  157  131  151  134  144  151  132  155  167  158  117  147  157  140  127  128  150  127   57   73   74   69   48   42   52   46   48   37   69   58   41   57   31   61   61  131  159  127  125  148  145  145  119  167  143  114  156  141  161  154  151  122  138  125  144  119  135  143   87   64   74   81   94  105   91   55   89   58   70   75   90   81   95   66  
 94   89   70   92   76   87   86   76   99   87   91   71   76   93   93   79  123  126  146   17    0   25   30   29   10   31  100  160  110  149  157  122  153  150  127  138  153  152  158  149  130  119  130  131  158  118  122  156  147  145  177  176  177  188  214  183  171  207  167  172  184  188  203  163  192   93   98  106  127   95  128  131  118  102  112  135  130  133   98  114  102  102  114   98  238  262  250  243  243  223  219  249  217  225  257  250  224  247  250  222  253  229  131  145  151  150  156  128  147  129  141  149  130  153  164  152  109  143  150  133  121  123  141  118   69   79   80   74   59   49   57   54   54   37   75   67   41   70   36   64   72  146  173  141  137  162  157  158  132  180  135  104  147  131  152  146  143  112  130  117  135  108  128  133   95   68   82   85  102  113   97   62   92   68   75   82  100   87  101   76  
119  114   95  116  100  111  107   98  124  112  115   93  101  115  116  103  126  125  143   31   25    0    6   20   15   17   96  175  123  166  172  137  169  162  139  153  169  170  175  166  146  133  147  147  172  136  141  169  164  162  196  196  197  206  232  202  187  223  184  189  199  207  220  180  209  118  122  131  150  119  151  155  141  127  136  159  155  158  122  137  127  126  139  123  261  284  273  265  264  245  241  271  239  246  279  271  246  268  271  244  274  251  156  169  176  174  181  152  172  153  166  174  155  178  189  128   86  118  126  110   97   98  119   96   87  103  104   98   79   71   81   76   77   61   98   89   66   88   59   89   92  160  189  157  156  178  175  176  150  197  158  125  169  152  173  169  166  132  153  140  155  128  151  153   76   47   64   63   84   93   77   44   69   53   54   63   84   67   79   61  
124  119  100  122  105  117  113  104  129  117  121   99  106  121  122  108  132  130  147   33   30    6    0   26   19   13   92  182  130  173  179  144  175  168  145  159  175  176  181  172  153  140  153  154  178  142  147  176  171  168  203  202  204  213  239  209  193  230  190  195  206  213  227  187  215  121  126  136  152  123  153  157  144  130  139  162  159  162  126  140  131  129  143  127  267  290  279  271  271  251  247  278  245  252  285  277  252  275  277  250  280  257  160  175  181  179  186  158  177  158  171  179  160  183  194  125   85  115  124  108   94   95  117   94   88  106  106  101   81   74   84   78   80   66  101   91   70   89   62   92   93  159  188  157  156  178  176  176  151  197  164  131  175  158  180  175  172  139  159  146  162  135  157  160   70   40   58   57   78   87   71   38   63   47   48   56   78   60   73   55  
113  110   92  109   93  103   95   89  117  108  107   82   95  105  107   96  106  105  123   43   29   20   26    0   24   37  117  158  105  150  156  120  152  143  121  135  152  154  159  150  130  116  131  131  155  121  126  152  148  145  182  182  184  190  217  187  170  207  167  173  182  192  205  164  192  120  124  131  155  121  156  159  145  129  139  163  154  158  123  142  128  129  139  124  252  272  262  254  252  233  229  260  227  234  267  258  233  256  258  233  260  240  154  163  171  168  177  147  166  145  161  170  151  175  183  126   82  120  125  107   97  100  114   91   99  107  109  102   89   78   86   83   83   63  103   96   68  100   65   91  102  174  202  170  167  191  187  187  162  210  148  114  157  140  162  158  156  120  143  131  143  116  142  141   94   63   83   78  102  110   94   63   82   73   71   80  103   84   94   81  
105   99   80  102   86   97   95   86  110   97  101   80   87  102  103   89  125  126  146   19   10   15   19   24    0   22   96  167  116  157  164  129  160  156  133  145  160  160  165  156  137  125  137  138  164  126  131  162  155  152  185  185  186  196  222  192  178  214  174  179  191  196  211  171  200  103  108  117  136  104  137  140  127  112  121  145  140  143  108  123  112  111  124  108  248  271  260  253  252  233  228  259  226  234  267  259  234  256  259  231  262  238  141  155  161  160  166  138  158  139  152  160  140  164  174  142  100  133  141  124  111  113  132  109   75   88   89   84   66   57   66   62   63   47   84   75   51   76   45   74   79  150  178  147  144  167  164  164  138  186  145  113  157  140  161  156  153  121  140  127  144  117  138  142   86   58   74   76   93  104   88   53   82   60   66   73   92   78   91   68  
124  117   98  122  106  118  117  107  129  116  122  102  107  124  124  109  143  142  160   27   31   17   13   37   22    0   79  189  138  179  186  151  182  177  154  167  182  183  188  179  160  147  160  161  186  148  153  184  177  175  208  207  208  219  244  214  200  237  197  202  213  219  233  193  222  116  121  132  145  118  146  151  138  125  133  156  155  158  122  133  127  123  139  122  269  293  281  274  274  254  250  280  248  256  288  281  256  278  281  253  284  260  158  175  180  179  183  157  176  159  170  178  158  181  193  134   95  122  132  117  102  102  127  104   79  100  100   96   73   68   78   72   74   63   95   83   67   79   58   88   84  147  177  146  146  168  165  165  140  186  166  135  178  162  183  177  174  143  161  148  166  139  159  164   64   38   51   55   71   82   66   31   62   38   44   51   70   56   70   46  
167  157  139  168  155  167  176  162  173  155  170  162  154  177  174  157  221  221  239   84  100   96   92  117   96   79    0  256  209  243  252  220  248  249  226  235  248  246  252  243  225  216  224  227  254  210  215  254  241  240  265  263  264  281  304  274  265  301  261  265  279  278  294  257  287  135  140  157  146  139  146  152  145  140  145  159  174  176  146  138  148  137  161  143  310  339  325  319  322  301  297  326  295  305  334  332  306  327  332  300  336  305  182  212  210  213  210  194  211  201  203  207  191  208  224  184  158  165  182  173  155  151  185  165   82  118  115  119   87   98  106   97  102  109  114   98  110   79   97  120   89  103  133  109  119  130  132  132  113  146  214  192  231  218  235  226  221  200  209  197  221  198  206  220   67   78   61   82   65   77   73   66   90   54   74   67   54   72   83   51  
110  122  129  105  110  101   83   99  107  122  100   96  113   88   95  110   83  103  123  174  160  175  182  158  167  189  256    0   53   21    6   38   11   30   40   22   10   22   16   19   32   42   34   30    5   49   45   13   20   19   48   54   54   39   65   43   15   49   16   22   24   48   52   17   35  159  157  144  190  156  191  189  177  163  170  187  154  156  150  182  153  167  149  154  136  139  138  128  118  108  104  130  104  103  136  119  100  121  117  109  118  115  143  110  129  119  141  114  119  101  122  131  125  138  129  251  210  256  251  232  232  238  230  216  192  165  169  160  181  165  162  169  164  149  166  176  149  195  161  150  188  260  275  249  234  260  251  251  232  274   79   73   64   59   66   75   82   66   81   85   59   65   86   56  251  221  240  236  259  268  252  219  240  227  229  238  259  241  252  235  
 88   96   96   81   78   74   50   64   86   96   75   57   82   63   70   79   48   67   93  125  110  123  130  105  116  138  209   53    0   50   51   17   49   40   17   31   48   55   57   48   32   13   35   30   49   35   38   46   47   43   87   90   90   88  115   88   66  102   64   70   77   93  103   62   87  132  132  123  167  129  169  168  155  138  147  168  140  143  125  157  130  141  130  129  171  182  177  167  161  146  142  171  141  144  178  164  142  164  163  146  165  153  132  112  129  120  140  106  120   96  119  130  116  137  135  201  159  205  202  182  181  187  182  166  152  132  136  126  141  124  124  129  125  106  132  139  108  155  118  115  150  227  246  217  205  231  223  224  202  248   82   53   77   62   82   86   89   52   80   76   65   47   83   61  199  169  188  184  207  215  200  168  187  176  177  185  207  189  199  184  
 91  102  111   86   92   82   67   82   87  103   81   81   95   70   76   92   90  111  134  162  149  166  173  150  157  179  243   21   50    0   15   33   11   44   44   23   11    4    9    3   20   38   19   20   23   32   28   31    3    7   37   41   42   40   66   38   23   58   18   23   38   43   54   14   44  140  138  124  169  136  171  168  157  143  150  166  133  135  130  162  133  147  129  134  124  132  128  119  111   98   93  122   93   94  128  114   92  114  113   98  114  105  122   89  108   98  120   93   98   80  101  110  103  117  109  252  209  255  252  233  231  237  232  216  175  146  151  141  164  149  145  152  148  134  148  159  134  178  146  133  170  241  255  230  214  240  231  231  213  254   58   55   43   38   46   55   62   47   60   64   38   47   64   35  243  213  230  229  250  259  244  210  233  217  221  229  249  233  244  225  
104  116  124   99  105   95   78   94  101  117   94   91  108   83   89  104   85  105  126  170  157  172  179  156  164  186  252    6   51   15    0   35    5   33   40   20    4   16   11   12   28   40   29   26    9   43   39   18   14   13   44   50   50   38   65   41   15   51   14   20   27   46   52   13   36  154  152  138  183  150  185  182  171  157  164  181  148  150  144  176  147  161  143  148  132  136  134  125  116  104  100  127  101  100  133  117   97  118  115  105  116  112  137  104  123  112  134  108  113   94  116  125  118  132  123  251  210  255  251  232  232  238  231  216  187  159  164  154  176  160  157  164  159  145  161  171  145  190  157  145  183  254  269  243  228  254  245  245  226  268   73   67   57   53   60   69   76   60   75   79   53   60   79   50  249  218  237  234  256  265  249  216  238  224  226  235  256  239  250  232  
 85   95   99   79   80   73   51   67   83   96   73   62   83   61   68   80   61   81  106  137  122  137  144  120  129  151  220   38   17   33   35    0   32   34   17   15   32   38   40   32   15    4   19   14   35   25   25   34   31   27   70   73   74   72   99   71   50   86   48   54   62   76   86   45   72  133  132  121  166  129  168  166  154  138  146  166  136  138  124  157  129  141  127  129  155  165  160  151  144  130  125  155  125  127  161  147  125  147  146  130  148  137  127  102  120  111  131   99  111   88  111  121  110  128  124  218  176  222  218  199  198  204  199  183  159  135  139  129  147  131  129  135  131  114  136  144  115  162  126  119  155  231  248  220  207  233  225  225  204  249   71   48   64   50   68   73   78   44   70   68   52   40   73   48  214  183  202  198  221  230  214  181  202  189  191  200  221  204  214  197  
100  111  119   95  100   91   73   89   96  112   89   87  103   78   84  100   84  104  127  166  153  169  175  152  160  182  248   11   49   11    5   32    0   35   39   18    1   13   10    8   23   37   25   22   13   39   35   20   10    9   44   48   49   40   67   41   18   54   16   22   31   46   54   14   40  149  147  133  179  145  180  178  167  153  160  176  144  145  139  171  143  156  138  144  131  137  134  124  116  104  100  127  100  100  133  118   97  119  116  105  117  111  133  100  119  109  130  103  109   90  111  121  114  128  120  249  208  253  249  230  229  236  229  214  182  155  159  149  171  156  152  159  155  140  156  166  140  185  152  140  178  250  265  239  224  249  240  241  222  264   69   63   54   48   57   65   72   56   71   74   48   55   75   46  245  215  233  230  253  262  246  213  234  220  223  231  252  235  246  228  
119  129  133  113  114  107   85  101  117  130  107   95  118   95  102  114   55   74   94  165  150  162  168  143  156  177  249   30   40   44   33   34   35    0   23   26   34   48   44   41   41   36   45   38   25   57   55   16   42   38   78   83   83   68   93   73   44   74   46   52   48   78   80   46   60  167  166  155  200  163  202  200  188  172  180  199  169  171  158  191  163  175  161  163  166  168  167  158  148  137  134  160  134  133  165  148  130  150  146  138  147  145  159  130  149  139  160  130  139  118  140  151  141  158  151  225  186  232  226  207  209  216  205  192  192  169  173  163  180  164  162  168  164  146  170  177  147  195  158  153  189  265  282  255  241  267  259  260  238  283   98   82   86   77   90   97  104   77   99   99   78   74  103   75  237  206  226  220  245  252  237  206  223  214  214  223  246  226  236  223  
101  110  112   94   93   88   65   80   99  110   88   73   97   76   83   94   46   67   91  142  127  139  145  121  133  154  226   40   17   44   40   17   39   23    0   22   39   48   48   42   30   16   35   28   36   42   42   31   41   37   81   85   86   78  105   80   55   89   54   60   64   85   92   53   75  147  146  136  181  144  183  182  169  152  161  181  152  155  139  171  144  155  143  143  168  176  172  163  155  142  137  166  137  138  172  157  136  158  155  142  157  149  143  119  137  128  148  116  128  104  128  138  126  145  141  210  170  215  211  192  192  198  190  176  169  148  152  142  157  141  140  145  142  123  148  155  124  172  135  131  166  243  262  233  220  247  239  239  217  263   88   64   80   66   84   89   94   61   87   85   68   57   90   65  215  184  203  199  223  230  215  183  201  192  192  201  223  204  214  200  
 95  106  111   89   92   84   64   80   92  106   83   76   95   71   78   92   68   88  111  152  138  153  159  135  145  167  235   22   31   23   20   15   18   26   22    0   18   27   27   20   15   20   19   12   20   32   30   20   20   15   60   64   64   58   85   59   35   71   34   40   47   64   72   32   57  143  142  130  176  140  177  175  163  148  156  174  143  145  134  167  138  151  136  139  147  154  151  141  133  120  116  144  116  117  150  136  115  136  134  121  135  128  133  104  123  113  134  104  113   92  114  125  115  132  126  231  189  235  231  212  211  218  211  196  172  147  151  141  161  145  142  149  144  128  148  157  129  175  140  131  169  243  259  232  218  244  235  236  216  259   73   57   61   51   65   72   78   51   73   73   52   49   77   49  229  198  217  214  237  245  229  197  217  204  206  215  237  219  230  213  
100  111  119   95  100   91   74   89   96  112   90   87  103   78   84  100   84  104  126  166  153  169  175  152  160  182  248   10   48   11    4   32    1   34   39   18    0   14   10    9   23   36   25   22   12   39   35   20   10    9   44   49   49   40   67   42   18   55   16   22   31   47   54   14   40  149  147  134  179  145  181  178  167  153  160  177  144  146  139  171  143  156  139  144  132  137  135  125  117  105  101  128  101  101  134  118   98  119  117  105  118  112  133  101  119  109  131  104  110   91  112  122  114  129  120  249  207  253  249  230  229  235  229  213  182  155  159  150  171  156  152  159  155  140  156  166  140  185  152  141  178  250  265  239  224  249  240  241  222  264   69   63   54   49   57   66   73   56   71   75   49   55   75   46  245  215  233  230  252  261  246  213  234  220  223  231  252  235  246  228  
 92  104  113   87   94   84   70   85   88  105   82   84   97   72   77   93   94  115  138  165  152  170  176  154  160  183  246   22   55    4   16   38   13   48   48   27   14    0    7    7   24   42   23   24   25   35   31   33    7   12   33   37   37   36   62   34   21   55   16   20   36   39   51   12   41  141  139  124  169  137  171  168  158  144  151  166  133  135  131  162  134  148  129  135  120  128  124  114  107   93   89  118   89   90  124  110   88  110  108   94  110  101  122   88  107   96  118   92   97   79  100  109  103  116  107  256  214  259  256  237  235  241  236  220  177  148  152  143  166  151  147  154  150  137  149  161  136  180  149  135  172  242  256  231  215  240  231  232  214  254   57   56   41   38   44   53   60   49   60   64   37   49   64   35  246  216  234  232  254  263  247  213  237  220  224  232  253  237  248  228  
 99  111  120   95  101   91   76   91   95  112   90   90  104   79   84  100   94  114  136  171  158  175  181  159  165  188  252   16   57    9   11   40   10   44   48   27   10    7    0    9   28   44   28   28   20   41   37   29   11   14   34   39   39   32   59   32   14   49    9   14   29   37   46    6   35  148  146  131  177  144  178  176  165  151  158  173  140  142  138  170  141  155  136  142  122  127  125  115  106   94   90  118   90   90  124  109   88  109  107   95  108  102  129   95  113  103  125  100  104   86  107  116  110  123  113  258  216  262  258  239  238  244  238  223  184  155  159  150  173  158  154  161  157  143  157  168  143  187  155  142  179  250  264  238  223  248  239  239  221  262   64   63   48   45   50   59   67   56   67   72   44   56   71   43  251  221  239  237  259  268  252  219  241  225  229  237  258  242  253  234  
 92  104  113   88   94   84   68   83   89  105   82   81   96   71   77   93   88  108  131  162  149  166  172  150  156  179  243   19   48    3   12   32    8   41   42   20    9    7    9    0   19   36   19   19   21   33   28   28    2    5   40   44   44   41   67   40   22   58   18   23   37   45   55   15   44  142  139  125  171  138  173  170  159  145  152  168  136  137  131  163  135  148  131  136  127  134  131  121  113  100   96  124   96   97  130  116   94  116  114  100  116  107  125   92  111  101  122   95  101   82  103  113  106  120  112  250  208  253  250  231  229  235  230  214  176  148  152  143  165  150  146  153  149  135  149  160  135  179  147  134  171  243  257  231  216  242  233  233  214  256   61   56   46   40   49   57   64   48   63   66   40   48   67   38  242  212  230  228  250  259  243  209  232  216  220  228  249  232  244  225  
 80   91   97   75   78   70   51   67   77   92   69   64   81   57   64   78   76   96  121  143  130  146  153  130  137  160  225   32   32   20   28   15   23   41   30   15   23   24   28   19    0   19    4    3   31   17   15   34   18   15   56   58   59   60   87   58   41   77   37   42   55   63   74   34   63  129  127  115  161  125  162  160  148  133  141  159  128  130  120  152  124  136  121  124  140  150  145  136  129  114  110  140  110  112  146  133  110  133  132  115  134  122  118   90  108   99  120   89   99   77  100  110  100  117  112  233  190  235  233  213  211  217  213  197  160  133  138  128  148  133  130  136  132  117  134  144  117  163  129  118  156  229  245  218  204  229  221  221  201  244   58   42   49   37   54   59   64   36   59   58   38   34   62   35  223  193  211  209  230  239  224  190  213  197  201  209  230  213  224  206  
 85   94   97   78   78   72   49   65   83   94   72   59   82   60   67   78   58   78  103  133  119  133  140  116  125  147  216   42   13   38   40    4   37   36   16   20   36   42   44   36   19    0   22   18   39   26   27   38   35   31   74   77   78   76  103   75   54   91   52   58   66   81   90   50   76  131  130  120  165  128  167  166  153  137  145  165  136  138  123  156  128  139  127  127  158  169  164  155  148  133  129  159  129  131  165  151  129  151  150  134  152  141  127  103  121  112  132  100  112   89  112  122  110  130  126  214  172  218  214  195  193  199  195  179  156  133  137  127  144  128  127  132  128  111  133  141  112  159  123  116  153  229  247  219  205  231  223  224  202  247   73   48   66   52   71   75   80   45   72   69   54   40   75   51  209  179  198  194  217  226  210  177  198  185  187  195  217  199  210  193  
 77   88   95   72   76   67   49   65   74   89   66   63   79   54   61   75   80  100  125  143  130  147  153  131  137  160  224   34   35   19   29   19   25   45   35   19   25   23   28   19    4   22    0    7   34   14   11   38   17   16   53   55   56   59   85   56   41   77   37   42   56   61   74   34   63  126  124  112  157  122  159  157  145  130  138  155  124  126  116  149  120  133  117  121  136  147  142  133  127  111  107  137  106  109  143  131  108  130  130  111  132  119  114   86  104   94  116   85   95   73   95  106   96  113  107  235  192  238  235  216  213  219  216  199  158  131  135  125  147  131  128  135  130  116  132  142  116  161  128  116  154  226  242  215  201  226  218  218  198  241   54   39   45   32   49   55   60   33   54   54   34   31   58   31  223  193  211  209  231  240  224  191  214  197  201  209  230  214  225  206  
 83   94  100   78   81   72   53   69   80   95   72   66   84   60   67   81   74   94  118  145  131  147  154  131  138  161  227   30   30   20   26   14   22   38   28   12   22   24   28   19    3   18    7    0   29   20   18   31   17   14   57   59   60   59   86   58   39   76   36   42   53   63   74   33   61  132  130  118  164  128  165  163  151  136  144  162  131  133  123  155  127  139  124  127  141  151  146  137  130  116  111  141  111  113  147  134  111  134  132  116  134  123  121   93  111  102  123   93  102   80  103  113  103  120  115  232  189  235  232  213  211  217  212  196  162  136  140  131  151  135  132  139  134  119  137  146  119  165  131  121  158  232  248  221  207  232  224  224  204  248   61   45   52   40   56   62   67   40   62   62   41   37   65   38  224  194  212  209  231  240  225  191  213  198  202  210  231  214  225  207  
