160

  0   17   25   21  111  108  100  106   98  109  112  100   96   88   67   83   58   58   84  145  128  147  146  152  151  139  124  131  144  108  119   91  126  112  149  139  136  138   49   55   47  139  127  129  154   51   58   82  102   93  100  104  102  102  103   81   90   95  131  129  126  134  141  123   70   75   89   73   84   88   89   82  144  134  132  138  143  131  131  136  126  145  123  190  201  196  196  200  194  185  187  187  219  196  200  162  179  168  184  175  191  191  175  114  122  111  124  135  138  132   88   91  102   61   78   63   74   87   86   83   86   64   71   81  217  219  218  214   95   78   80   74  134  109  113  110  124  117  121  105  133  107  172  187   77   82   79   88   93   88  168  143  151  146  156  148  143  148  151  138  
 17    0    8   15   96   92   86   92   81   93   96   84   80   71   61   78   48   56   77  156  138  157  157  162  159  149  136  141  154  118  127  100  133   97  165  155  151  154   35   51   32  147  133  136  161   33   41   91  113  100  108  114  109  111  110   89   98  105  141  140  137  142  152  132   87   93  106   90  102  106  106   99  161  151  150  155  160  139  138  145  135  154  130  190  198  196  196  199  191  184  185  186  218  194  200  174  191  181  195  186  203  203  189  129  137  125  140  151  153  145   76   79   87   49   63   51   59   74   75   89   95   74   74   89  215  219  216  212  111   93   97   90  118   93   96   92  107  101  105   89  117   90  183  197   62   67   64   73   78   76  183  159  167  163  172  162  159  162  166  154  
 25    8    0   15   91   87   83   89   77   89   92   79   75   66   56   73   42   54   72  163  144  164  164  169  166  156  143  148  161  119  127  101  134   93  170  160  156  159   27   47   25  154  140  143  167   26   33   98  121  107  115  121  116  118  117   96  105  112  142  142  140  143  154  133   95  100  113   97  109  113  113  107  167  157  156  162  166  145  145  152  142  161  137  194  201  200  201  203  194  187  189  189  221  197  204  181  198  189  203  194  211  210  196  134  141  130  146  156  158  153   69   71   79   42   55   44   51   67   68   95  102   81   79   96  218  223  219  215  118  101  105   98  114   88   90   86  101   96  100   84  111   85  185  199   55   59   56   66   70   68  191  164  172  169  179  170  167  170  173  162  
 21   15   15    0  106  101   99  104   91  103  106   93   90   80   47   64   36   41   64  166  149  168  167  173  171  160  146  151  165  104  112   86  119  107  156  147  143  146   30   36   27  159  146  148  173   38   44  103  123  112  120  125  122  123  123  101  110  116  127  127  125  128  139  118   88   93  103   88  100  105  103   98  155  147  146  151  154  151  151  157  146  166  143  205  213  211  212  214  207  199  201  201  233  209  215  183  201  190  205  196  212  212  197  120  127  116  133  143  145  153   67   70   81   40   58   42   55   66   64  102  106   85   88  101  230  234  231  227  115   98  100   95  128  102  102   98  114  110  115   99  125   99  170  184   57   62   59   68   74   67  189  151  159  158  177  169  162  169  172  159  
111   96   91  106    0    9   23   17   16    3    3   14   16   26  126  138  110  134  135  199  176  195  198  200  189  188  186  185  194  209  213  190  221    5  260  250  247  249   90  125   91  177  160  167  186   69   67  140  165  141  148  158  144  155  147  137  140  155  231  232  230  230  244  221  174  181  199  182  192  193  198  188  254  243  241  248  254  167  169  180  175  187  163  170  163  177  179  174  156  160  157  162  185  163  183  220  234  234  237  229  251  245  241  225  232  221  235  246  249  203  110  110   97  100   86  100   85  106  117  125  144  132  107  138  179  195  180  182  185  168  177  164   23   10   32   32   28    8   11    7   29   16  275  289   92   86   88   92   86  107  246  254  262  256  237  223  234  225  227  224  
108   92   87  101    9    0   29   25   10    9    7    8   12   21  118  131  103  127  127  203  180  199  202  204  194  192  189  189  198  203  207  184  214   14  256  247  243  246   83  118   85  182  165  172  191   63   61  143  167  144  151  161  148  158  151  140  143  158  225  226  225  223  238  215  173  179  197  179  190  192  196  187  252  240  239  245  251  171  173  185  179  191  167  179  171  185  187  183  165  169  166  171  193  171  191  224  238  237  241  233  255  249  244  221  228  217  232  243  245  206  102  101   88   92   78   92   76   98  108  128  146  133  110  140  188  204  189  191  186  168  177  165   27    2   23   23   23    9   14    6   27    7  269  283   83   78   79   83   77   98  248  251  259  254  239  226  235  227  229  225  
100   86   83   99   23   29    0    8   26   21   26   28   23   31  127  141  110  132  138  177  153  172  176  177  166  166  164  162  171  203  210  184  217   20  248  238  235  237   89  123   89  154  137  144  163   66   67  119  143  119  125  135  122  133  125  116  118  133  226  225  223  226  237  216  158  164  184  167  177  177  184  172  240  227  225  233  241  144  146  157  153  164  140  150  145  157  158  155  139  141  138  143  167  144  163  197  211  212  214  207  228  222  218  214  222  210  222  234  237  181  117  117  108  102   92  102   90  113  122  103  122  112   85  116  162  176  163  164  166  149  159  145   43   31   52   51   51   30   32   23   52   35  269  283   97   94   94  100   96  114  224  242  250  242  216  202  215  203  205  204  
106   92   89  104   17   25    8    0   25   16   21   26   23   32  130  144  114  136  141  184  160  179  182  184  173  172  171  169  178  208  215  190  222   13  255  245  242  244   93  127   94  161  144  151  169   71   71  126  150  126  132  143  129  140  132  123  125  140  231  231  229  231  243  222  166  172  192  174  184  184  191  180  247  235  232  240  248  150  153  164  160  170  147  154  147  160  162  158  140  144  141  146  169  147  166  204  218  219  220  213  235  229  225  220  228  217  229  241  244  189  119  119  108  105   94  105   92  115  125  110  130  119   93  123  164  179  165  166  174  157  167  153   36   27   48   47   46   24   26   20   45   31  274  289  100   95   96  101   97  116  232  249  257  249  224  209  222  211  213  211  
 98   81   77   91   16   10   26   25    0   14   15    3    3   11  110  123   95  118  120  195  172  192  195  197  187  185  181  181  190  193  198  174  205   19  246  236  232  235   74  109   75  175  158  165  184   54   52  134  159  136  143  153  140  150  143  131  135  149  216  216  215  214  228  206  163  169  186  169  180  182  186  176  241  230  228  235  241  164  166  177  171  184  160  176  171  183  184  181  164  167  164  169  193  170  188  216  231  229  233  226  247  242  236  210  218  207  222  232  235  197   96   95   84   84   71   84   70   92  102  120  138  124  101  131  188  202  189  190  176  159  167  155   37   12   27   25   31   19   24    8   37   12  260  273   77   72   73   78   72   93  239  240  248  243  230  217  225  218  220  216  
109   93   89  103    3    9   21   16   14    0    5   13   14   24  124  137  108  132  134  197  173  193  196  198  187  186  184  183  192  206  211  188  219    5  258  248  244  247   88  123   89  175  158  165  184   67   65  138  162  139  145  155  142  152  145  135  138  152  229  230  228  228  241  219  172  178  196  179  190  191  196  186  252  240  238  245  252  165  167  178  173  185  161  169  162  176  177  173  156  159  156  161  184  162  182  218  232  232  234  227  248  243  238  222  230  218  233  244  246  201  109  109   96   98   85   98   83  105  116  123  141  129  104  135  179  194  180  181  183  166  174  162   26   11   33   32   30   10   13    6   31   16  273  287   90   85   86   91   85  106  243  252  260  254  235  221  232  222  224  221  
112   96   92  106    3    7   26   21   15    5    0   14   16   26  125  137  109  133  134  202  178  198  201  203  192  191  189  188  197  209  213  190  221    8  261  251  247  250   89  124   91  180  163  170  189   69   67  143  167  144  150  160  147  158  150  140  143  157  231  232  230  229  244  221  176  182  200  183  194  195  200  190  256  244  242  249  255  170  172  183  178  190  166  174  166  180  182  178  159  164  160  166  188  166  186  223  237  237  240  232  254  248  244  225  233  222  236  247  250  206  109  108   95   99   85   99   83  105  116  128  147  134  110  140  182  198  183  185  187  170  179  166   22    8   29   29   25    5    9    8   26   14  275  289   90   85   86   90   84  105  249  255  263  257  240  226  237  227  229  226  
100   84   79   93   14    8   28   26    3   13   14    0    6   13  112  124   96  120  121  198  175  195  197  200  190  188  184  183  193  195  200  176  207   18  249  239  235  238   76  111   77  178  161  167  187   56   53  137  162  139  146  156  143  153  146  134  138  152  218  218  217  216  230  208  166  172  189  172  183  184  189  179  244  233  231  238  243  167  169  180  174  187  163  178  172  185  186  183  166  168  166  170  194  172  190  219  234  232  236  229  250  245  239  213  220  209  224  235  237  200   96   96   83   86   72   85   70   92  103  123  141  127  104  134  189  204  190  191  179  161  170  158   35    9   25   23   28   17   22    7   34    9  261  275   77   72   73   78   72   93  242  243  251  246  233  220  228  221  223  219  
 96   80   75   90   16   12   23   23    3   14   16    6    0   11  110  124   95  118  120  192  169  189  192  194  184  182  178  178  187  193  198  174  205   19  245  235  231  234   74  109   75  172  155  162  182   53   52  131  156  133  140  150  137  147  140  128  132  146  215  216  214  214  227  205  161  167  184  167  178  179  184  174  239  228  226  233  239  162  163  174  168  181  157  174  169  180  182  179  162  164  162  166  190  168  186  213  228  226  230  223  244  239  233  209  216  205  220  231  233  194   97   97   85   85   72   84   70   93  103  117  135  121   99  128  186  200  186  187  173  156  164  152   38   14   30   28   34   21   25    9   39   14  259  273   78   73   74   79   74   94  236  239  247  241  227  214  223  215  217  213  
 88   71   66   80   26   21   31   32   11   24   26   13   11    0  100  113   84  107  110  192  169  189  191  194  185  182  177  177  187  182  187  164  195   29  236  226  222  225   63   98   65  173  156  162  183   43   41  129  154  132  139  149  137  146  140  126  131  144  205  206  204  203  217  195  154  160  177  160  171  173  177  168  232  221  219  226  231  162  164  175  168  182  157  180  176  186  188  185  169  170  169  173  198  175  192  212  228  225  230  223  243  239  232  200  207  196  212  222  225  192   87   86   76   74   62   74   60   82   93  117  133  118   98  127  193  206  194  194  169  151  159  148   47   22   30   27   38   30   34   19   46   19  249  263   67   63   64   69   65   83  234  230  238  234  224  211  219  212  215  210  
 67   61   56   47  126  118  127  130  110  124  125  112  110  100    0   17   16   17   17  211  195  214  213  219  218  206  191  197  211   92   92   75   99  129  164  158  150  154   38   13   38  206  193  195  220   61   59  149  169  159  167  171  169  169  169  148  157  162  112  116  116  107  126  102  122  125  127  117  128  136  128  129  171  168  168  170  168  198  198  203  193  212  189  250  256  256  256  259  249  243  244  245  276  252  260  228  245  233  250  241  256  257  240  127  132  123  146  154  152  197   34   37   57   26   45   27   45   36   27  149  153  131  135  147  273  279  274  271  155  139  138  137  144  119  110  107  124  128  132  118  136  114  157  169   40   48   45   48   57   37  229  162  168  176  217  211  199  210  214  197  
 83   78   73   64  138  131  141  144  123  137  137  124  124  113   17    0   32   28    4  227  212  230  229  234  234  222  206  213  227   91   86   74   93  142  167  162  153  157   54   28   54  222  210  212  237   76   74  165  185  176  183  187  185  185  186  164  173  178  109  114  115  101  122   98  135  137  137  128  139  148  138  140  177  176  176  177  173  215  214  220  209  228  206  267  272  273  273  275  266  260  261  262  293  269  277  243  261  248  266  256  271  272  255  131  135  127  152  158  155  211   35   38   59   39   54   39   55   39   27  166  169  147  151  164  290  296  291  288  169  153  151  151  155  131  120  117  134  140  144  131  146  125  152  163   48   55   53   54   62   39  243  165  171  182  230  225  211  224  228  211  
 58   48   42   36  110  103  110  114   95  108  109   96   95   84   16   32    0   26   30  202  185  204  204  209  207  196  182  188  201  104  105   86  113  113  171  164  157  161   22   17   22  195  182  184  209   45   43  139  160  148  156  161  157  159  158  137  146  152  125  128  127  121  138  115  119  123  128  116  128  135  129  128  176  171  171  174  173  187  186  193  183  202  178  235  241  242  242  244  234  228  229  230  261  237  246  220  237  226  241  232  248  249  233  134  140  130  152  160  159  189   32   35   51   11   34   13   32   32   28  137  143  121  122  137  258  264  259  256  150  133  134  131  129  103   95   92  109  112  117  103  121   98  169  182   29   37   34   40   48   33  224  168  175  180  212  205  196  204  208  193  
 58   56   54   41  134  127  132  136  118  132  133  120  118  107   17   28   26    0   29  200  186  204  203  208  208  196  179  187  200   78   80   60   88  136  147  141  134  138   44    9   43  197  185  187  212   66   66  140  158  151  158  162  160  160  161  139  148  152  100  102  102   96  113   89  107  110  111  101  112  121  112  114  154  151  152  154  151  190  189  194  183  203  181  246  254  253  253  256  248  240  242  242  274  250  257  216  234  220  239  229  244  245  227  111  116  107  130  137  136  184   51   54   74   37   59   39   58   52   43  142  144  121  129  138  271  275  272  269  141  126  124  124  153  128  121  118  135  136  141  126  146  123  144  157   54   62   59   64   72   53  216  145  152  159  203  198  184  196  200  183  
 84   77   72   64  135  127  138  141  120  134  134  121  120  110   17    4   30   29    0  228  212  230  230  235  234  222  207  214  227   95   90   78   98  139  171  166  157  161   52   29   52  223  210  212  237   74   71  166  185  176  183  188  185  186  186  164  173  179  113  118  119  105  127  102  137  140  139  130  141  150  141  143  180  179  180  181  177  215  214  220  209  229  206  265  271  272  272  274  264  259  259  261  291  267  276  244  262  249  266  257  272  273  256  135  139  131  155  162  159  213   31   34   55   37   51   36   51   35   22  165  170  147  151  164  288  294  289  286  170  155  153  153  151  127  116  113  130  136  141  128  142  122  156  168   45   52   49   50   58   35  245  169  175  185  232  227  213  225  230  213  
145  156  163  166  199  203  177  184  195  197  202  198  192  192  211  227  202  200  228    0   24   11    5   12   27   13   21   15    9  212  232  204  235  196  192  180  187  185  190  199  188   31   44   36   38  180  188   65   42   60   52   43   55   46   52   68   61   50  230  221  216  241  233  227  109  111  133  124  122  111  130  115  166  145  141  152  171   39   35   23   24   23   38  120  149  122  119  132  145  124  132  124  154  140  121   21   36   37   40   31   51   48   43  180  188  179  168  179  188   30  232  234  241  204  216  206  213  230  230   75   61   82   94   68  157  140  158  147   73   80   89   80  219  205  221  219  226  207  209  197  228  207  254  268  217  220  218  228  231  231   60  182  189  162   60   42   81   46   45   64  
128  138  144  149  176  180  153  160  172  173  178  175  169  169  195  212  185  186  212   24    0   20   23   25   23   13   24   13   18  206  225  196  229  172  196  184  189  188  171  183  169   15   21   13   30  159  168   46   30   38   30   24   32   26   29   48   40   34  225  218  212  236  230  222  104  107  131  120  120  110  129  113  171  151  147  158  176   18   13    8    4   17   14  104  132  108  106  117  127  107  115  108  140  123  108   45   59   61   62   54   75   70   67  179  187  178  170  182  190   43  214  216  221  186  197  188  193  211  212   53   42   65   72   48  142  128  143  132   73   74   86   73  195  182  198  196  202  183  185  174  204  183  253  268  198  201  199  208  210  213   82  186  193  168   79   61   94   65   64   78  
147  157  164  168  195  199  172  179  192  193  198  195  189  189  214  230  204  204  230   11   20    0    6    5   16    8   28   17    4  219  238  210  242  192  202  190  196  195  191  201  189   21   37   29   27  179  188   66   45   58   50   43   52   46   49   68   60   52  237  229  224  248  241  234  116  118  141  132  130  119  139  123  176  156  151  162  181   31   28   15   22   12   32  109  138  111  108  121  135  113  121  114  143  129  110   27   39   46   41   34   56   50   51  188  196  188  177  188  198   40  233  235  241  205  217  208  213  231  231   73   62   83   92   68  146  129  147  136   81   86   96   86  215  202  218  216  222  203  205  194  224  203  263  277  218  220  218  228  230  232   70  192  199  172   71   53   92   57   56   75  
146  157  164  167  198  202  176  182  195  196  201  197  192  191  213  229  204  203  230    5   23    6    0    7   22   10   25   16    5  216  235  207  239  195  197  185  191  190  191  201  189   27   41   33   33  180  189   66   44   60   52   44   54   47   51   68   61   52  234  226  220  245  237  231  113  115  137  128  126  115  135  119  171  150  146  157  176   36   32   20   23   18   36  115  144  117  114  127  141  119  127  120  149  135  116   22   36   40   39   31   53   47   46  184  192  184  172  184  193   35  233  235  242  206  217  208  214  231  231   75   62   83   94   68  152  135  153  142   77   83   93   84  218  204  221  218  225  206  208  196  227  206  259  273  218  221  219  229  231  233   64  187  194  167   65   47   86   51   50   69  
152  162  169  173  200  204  177  184  197  198  203  200  194  194  219  234  209  208  235   12   25    5    7    0   18   13   31   22    8  223  242  214  245  197  204  192  198  197  196  206  194   25   41   33   28  185  193   71   50   63   56   48   57   51   54   73   65   57  241  232  227  252  244  238  119  121  144  135  133  122  141  126  177  157  153  164  183   35   32   20   27   16   37  110  140  112  109  122  137  115  123  115  144  131  111   24   34   42   36   29   52   45   47  191  199  191  179  190  200   42  238  240  246  210  222  213  218  236  236   78   67   88   97   73  147  129  148  137   84   90  100   90  219  207  224  221  227  208  210  199  229  208  265  280  223  225  224  233  236  237   68  194  201  173   70   52   92   57   55   75  
151  159  166  171  189  194  166  173  187  187  192  190  184  185  218  234  207  208  234   27   23   16   22   18    0   19   41   29   19  229  248  219  252  186  216  204  209  208  192  206  190   12   29   23   10  179  187   68   53   59   51   47   50   49   49   70   61   57  248  240  235  258  252  245  126  129  153  143  142  132  151  135  190  170  166  177  195   23   21   15   27    7   29   92  122   94   92  105  119   97  106   98  127  113   94   41   49   60   49   44   67   58   64  200  209  200  190  202  211   56  235  237  241  207  217  209  213  232  234   72   65   87   90   70  130  113  131  119   94   97  108   96  207  196  214  212  217  197  198  188  218  198  275  290  219  221  219  228  230  234   86  206  213  187   87   69  108   74   72   91  
139  149  156  160  188  192  166  172  185  186  191  188  182  182  206  222  196  196  222   13   13    8   10   13   19    0   22   10    6  212  231  203  235  185  197  185  191  190  183  193  181   19   31   23   28  172  180   58   38   50   43   35   44   38   42   60   52   44  231  223  217  242  235  228  109  112  135  125  124  113  133  116  171  151  147  158  176   26   23   10   14   13   26  109  137  111  109  121  134  113  121  113  144  129  111   32   46   50   49   41   63   57   55  182  191  182  172  183  192   38  225  227  233  197  209  200  205  223  223   65   54   75   84   60  146  130  147  136   76   79   90   79  208  194  211  209  215  196  198  186  217  196  257  271  210  212  211  220  222  224   72  187  194  168   71   53   90   57   56   73  
124  136  143  146  186  189  164  171  181  184  189  184  178  177  191  206  182  179  207   21   24   28   25   31   41   22    0   13   24  191  211  183  214  184  175  163  168  167  170  178  168   38   44   36   50  162  170   48   23   45   39   29   44   32   41   51   46   33  209  201  196  220  213  206   88   90  113  104  102   91  110   94  149  129  125  136  154   41   37   29   20   35   35  128  155  131  129  140  151  131  138  131  163  147  131   38   55   48   60   50   68   67   55  160  168  160  149  161  170   20  212  214  222  184  198  187  194  210  210   61   44   63   80   50  165  151  166  156   53   59   68   59  207  191  207  204  212  194  196  184  215  193  235  249  198  201  199  209  212  212   62  165  172  146   57   40   71   43   44   54  
131  141  148  151  185  189  162  169  181  183  188  183  178  177  197  213  188  187  214   15   13   17   16   22   29   10   13    0   14  202  221  193  225  182  187  175  181  180  175  185  173   26   34   26   38  165  173   50   28   45   38   29   41   31   38   53   46   36  220  212  207  231  224  217   99  101  125  115  114  103  122  106  162  142  138  149  167   30   26   17   11   22   26  116  144  119  117  129  140  119  127  120  151  135  119   35   51   50   55   46   66   63   56  172  180  171  162  173  182   30  217  220  226  190  202  192  198  215  215   61   46   67   79   53  154  139  154  144   65   69   80   69  205  191  207  204  211  193  195  183  214  192  247  261  203  205  203  213  216  217   69  177  185  158   66   48   82   52   51   65  
144  154  161  165  194  198  171  178  190  192  197  193  187  187  211  227  201  200  227    9   18    4    5    8   19    6   24   14    0  216  235  207  238  191  199  186  192  191  188  198  186   22   36   28   29  177  185   63   42   56   48   40   50   43   47   65   58   49  234  225  220  245  237  231  112  114  137  128  126  116  135  119  172  152  148  159  177   31   27   15   19   14   31  111  140  113  111  123  137  115  123  116  146  131  112   27   40   45   43   35   57   52   50  184  193  184  173  185  194   37  230  232  238  203  214  205  210  228  229   71   59   80   90   65  148  132  149  138   78   83   93   83  213  200  217  214  221  201  203  192  223  202  259  274  215  218  216  225  228  229   69  188  196  168   69   50   89   55   53   72  
108  118  119  104  209  203  203  208  193  206  209  195  193  182   92   91  104   78   95  212  206  219  216  223  229  212  191  202  216    0   21   19   23  211   81   80   69   74  121   87  119  221  213  212  236  139  142  168  176  180  186  185  190  184  190  168  178  174   23   24   24   29   35   16  104  102   84   88   93  105   87   99   99  106  109  105   94  216  214  214  202  223  206  290  305  296  295  301  299  287  290  288  322  299  299  223  239  220  245  236  244  250  226   52   51   48   75   76   71  188  125  128  149  115  137  117  136  127  116  178  170  151  172  168  321  319  322  316  140  133  123  133  229  204  199  195  212  212  217  201  224  199   66   80  132  140  137  141  150  128  205   83   87  106  192  194  165  191  196  172  
119  127  127  112  213  207  210  215  198  211  213  200  198  187   92   86  105   80   90  232  225  238  235  242  248  231  211  221  235   21    0   29    8  216   97   98   86   91  124   89  123  239  231  230  254  145  146  185  195  197  203  203  207  202  207  185  195  192   24   32   36   16   37   14  123  122  105  108  114  125  107  120  118  126  129  125  112  234  232  233  221  241  224  305  319  311  311  316  312  301  305  303  337  314  314  243  259  240  265  256  264  270  246   71   69   68   95   95   88  207  121  124  145  116  137  118  136  124  113  194  187  168  187  184  335  334  336  330  160  152  143  152  233  208  201  197  215  216  221  206  226  203   66   78  132  139  136  139  148  125  226  100  103  125  212  215  186  211  216  193  
 91  100  101   86  190  184  184  190  174  188  190  176  174  164   75   74   86   60   78  204  196  210  207  214  219  203  183  193  207   19   29    0   35  192   93   90   80   85  102   69  100  210  202  201  225  121  123  156  166  168  174  174  178  173  177  156  165  163   41   42   42   44   54   32   96   96   82   82   89  100   84   94  107  111  113  111  103  205  203  204  192  213  195  276  290  282  281  287  283  272  275  274  307  284  285  216  233  214  238  229  238  243  221   59   62   56   82   86   82  181  108  111  132   97  119   99  118  110   99  164  158  138  157  155  306  305  307  301  133  124  116  124  211  185  180  177  194  193  198  183  205  181   85   99  114  122  119  123  132  111  202   93   98  113  189  189  163  186  191  168  
126  133  134  119  221  214  217  222  205  219  221  207  205  195   99   93  113   88   98  235  229  242  239  245  252  235  214  225  238   23    8   35    0  223   94   95   84   88  131   97  130  243  235  234  258  152  154  190  199  202  207  207  212  206  211  190  200  196   18   28   32    9   31   10  126  125  107  111  116  127  109  122  116  125  128  123  110  238  236  237  225  245  229  311  325  317  316  322  318  307  310  309  342  319  320  245  262  242  267  258  266  272  248   70   67   67   93   92   85  210  129  131  153  124  145  125  144  132  120  199  192  173  192  189  341  340  342  336  163  155  146  156  241  215  208  205  222  224  228  213  234  211   59   70  139  147  144  146  155  132  227   97  100  123  214  217  187  213  218  194  
112   97   93  107    5   14   20   13   19    5    8   18   19   29  129  142  113  136  139  196  172  192  195  197  186  185  184  182  191  211  216  192  223    0  261  251  247  250   92  127   94  174  157  164  182   71   70  138  162  139  145  155  141  152  144  135  137  152  233  234  232  232  246  224  174  180  199  182  192  193  199  188  255  242  241  248  255  163  165  177  172  183  160  166  158  172  174  170  151  156  152  158  180  158  178  217  231  231  233  226  248  242  238  226  233  222  236  247  250  201  114  114  101  103   90  103   88  110  121  122  142  130  104  135  174  190  175  177  184  167  176  163   24   15   37   37   33   11   13   11   32   21  277  291   95   90   92   96   90  111  244  255  263  256  235  221  233  222  224  222  
149  165  170  156  260  256  248  255  246  258  261  249  245  236  164  167  171  147  171  192  196  202  197  204  216  197  175  187  199   81   97   93   94  261    0   12   14   11  181  155  179  211  210  206  225  195  200  172  169  184  186  181  193  181  190  174  182  172   77   66   61   93   69   84  101   95   70   86   81   88   71   88   30   49   53   43   24  211  207  203  192  210  202  296  317  300  299  308  312  295  301  296  330  310  301  195  209  186  215  207  207  217  190   37   32   41   28   15   12  163  198  201  221  182  205  184  202  200  190  188  173  162  191  173  331  322  332  323  123  127  113  129  283  258  258  255  271  265  270  253  281  255   72   83  200  208  205  211  219  201  163   10    6   37  151  161  122  156  161  135  
139  155  160  147  250  247  238  245  236  248  251  239  235  226  158  162  164  141  166  180  184  190  185  192  204  185  163  175  186   80   98   90   95  251   12    0   11    7  173  148  171  199  198  193  213  186  191  160  157  171  174  169  180  169  178  162  170  159   79   68   63   96   73   85   89   83   58   74   68   75   59   75   22   38   43   33   16  198  195  191  180  197  189  283  305  288  286  295  299  283  289  284  318  298  289  184  198  175  203  195  196  206  179   31   29   35   16    4   11  151  192  195  215  175  197  177  195  193  184  176  160  150  179  161  318  309  319  311  111  114  101  117  273  248  249  246  262  255  260  244  272  245   81   93  193  201  198  204  212  195  152    4   12   29  141  150  111  145  149  124  
136  151  156  143  247  243  235  242  232  244  247  235  231  222  150  153  157  134  157  187  189  196  191  198  209  191  168  181  192   69   86   80   84  247   14   11    0    5  167  141  165  204  202  198  218  181  186  163  161  174  177  173  183  173  181  164  172  163   68   57   51   84   62   74   90   85   59   75   71   79   61   78   34   48   52   44   27  203  200  196  185  203  193  287  308  291  290  299  302  286  291  287  321  300  293  191  205  183  211  203  205  214  187   23   19   27   19   10    2  158  184  187  207  168  191  170  188  186  176  178  163  151  180  164  321  313  322  314  116  118  105  120  269  244  244  241  257  252  256  240  267  241   71   84  186  194  191  197  205  187  161   14   18   41  149  158  120  153  157  132  
138  154  159  146  249  246  237  244  235  247  250  238  234  225  154  157  161  138  161  185  188  195  190  197  208  190  167  180  191   74   91   85   88  250   11    7    5    0  171  145  168  203  201  197  217  184  189  163  161  174  177  172  183  172  181  165  173  163   73   61   56   89   66   79   91   86   60   76   71   79   62   78   29   45   49   40   23  202  199  195  184  202  193  287  308  291  290  299  302  286  291  287  321  301  292  189  203  181  209  201  202  212  185   27   23   31   18    7    4  156  188  191  211  172  194  174  192  190  180  179  163  152  181  164  321  313  322  314  115  118  104  120  272  247  247  244  260  254  259  243  270  244   74   86  190  198  195  201  209  191  159    9   14   36  147  155  117  151  155  130  
 49   35   27   30   90   83   89   93   74   88   89   76   74   63   38   54   22   44   52  190  171  191  191  196  192  183  170  175  188  121  124  102  131   92  181  173  167  171    0   35    3  180  166  169  193   23   22  125  148  134  141  148  142  145  143  123  131  139  143  144  143  140  155  132  117  122  132  117  129  135  132  128  183  175  175  179  181  171  171  179  169  187  163  215  219  222  222  223  213  208  208  210  240  216  226  208  225  216  229  221  238  237  223  145  151  141  160  169  170  180   43   45   53   16   29   18   25   40   43  121  129  108  105  123  237  244  238  235  144  127  129  123  109   84   78   75   92   92   97   82  103   79  187  200   28   33   30   39   45   42  217  177  185  186  205  197  192  196  200  187  
 55   51   47   36  125  118  123  127  109  123  124  111  109   98   13   28   17    9   29  199  183  201  201  206  206  193  178  185  198   87   89   69   97  127  155  148  141  145   35    0   34  194  182  183  208   57   57  137  156  147  155  159  157  157  158  136  145  150  109  111  111  105  122   98  109  113  115  104  116  124  116  117  161  157  157  159  158  186  186  191  180  200  178  240  248  247  247  250  241  234  236  236  268  244  251  215  233  220  237  228  243  244  227  118  123  114  136  144  143  184   45   48   66   28   50   30   49   46   38  138  141  119  124  135  265  269  266  262  142  126  125  124  144  118  112  108  125  127  132  117  137  114  153  166   46   53   50   56   64   47  216  152  159  165  204  198  186  197  201  184  
 47   32   25   27   91   85   89   94   75   89   91   77   75   65   38   54   22   43   52  188  169  189  189  194  190  181  168  173  186  119  123  100  130   94  179  171  165  168    3   34    0  178  164  167  192   23   24  123  145  132  139  146  140  143  142  121  129  137  141  142  141  139  153  131  115  120  129  114  126  132  129  125  180  173  172  176  178  169  170  177  167  185  162  214  219  221  221  223  212  207  208  209  239  216  225  206  223  214  227  218  236  235  221  142  149  138  157  167  167  177   44   47   55   17   31   19   28   42   44  119  127  106  103  121  236  243  237  235  141  124  126  121  111   85   81   77   94   94   99   84  105   81  185  198   30   35   33   42   47   44  215  175  182  183  203  194  189  194  197  185  
139  147  154  159  177  182  154  161  175  175  180  178  172  173  206  222  195  197  223   31   15   21   27   25   12   19   38   26   22  221  239  210  243  174  211  199  204  203  180  194  178    0   17   11   15  167  175   57   44   47   39   36   38   38   37   58   49   47  240  232  227  250  245  236  119  122  147  135  135  125  144  128  186  166  162  173  191   11    9    9   19   10   17   91  119   93   92  103  115   94  102   95  126  110   93   49   59   67   60   54   77   69   72  194  202  193  185  197  206   56  223  225  229  195  205  197  201  220  222   59   54   76   78   59  128  113  129  118   88   89  101   88  196  184  202  199  205  185  186  176  206  186  268  283  206  208  207  216  218  222   91  201  209  183   90   71  108   76   75   91  
127  133  140  146  160  165  137  144  158  158  163  161  155  156  193  210  182  185  210   44   21   37   41   41   29   31   44   34   36  213  231  202  235  157  210  198  202  201  166  182  164   17    0    8   28  152  160   46   41   35   28   29   25   30   25   47   37   40  234  227  222  243  239  229  114  118  143  131  132  123  141  124  187  167  163  174  191    6    9   22   24   27    9   86  112   90   89   99  108   88   95   89  122  104   91   64   75   81   77   70   93   85   87  190  199  189  183  195  204   64  208  210  214  181  190  183  186  205  208   45   44   65   62   47  123  112  124  114   87   85   97   83  179  167  185  183  188  168  170  159  189  169  264  279  192  193  192  201  203  207  103  200  208  184  100   82  114   86   85   98  
129  136  143  148  167  172  144  151  165  165  170  167  162  162  195  212  184  187  212   36   13   29   33   33   23   23   36   26   28  212  230  201  234  164  206  193  198  197  169  183  167   11    8    0   25  156  164   47   37   36   29   27   27   28   26   48   38   38  231  224  219  241  237  227  111  115  140  128  128  119  137  121  182  162  158  169  186    5    2   14   16   20    6   93  119   96   94  105  115   95  102   96  128  111   97   55   68   73   69   63   85   78   78  187  196  186  179  191  200   56  212  214  218  184  194  186  190  209  211   48   43   65   67   48  130  117  130  120   82   81   94   80  186  174  191  189  194  175  177  166  196  176  261  276  195  197  196  205  207  211   94  196  203  179   92   74  107   78   77   90  
154  161  167  173  186  191  163  169  184  184  189  187  182  183  220  237  209  212  237   38   30   27   33   28   10   28   50   38   29  236  254  225  258  182  225  213  218  217  193  208  192   15   28   25    0  180  188   72   59   61   54   51   52   53   51   73   63   62  255  247  242  265  260  251  134  137  161  150  150  140  159  142  199  179  175  186  204   22   23   22   34   16   31   82  112   84   82   94  109   87   96   87  117  103   83   51   57   70   57   53   75   65   74  208  217  207  199  211  220   66  236  238  241  209  218  211  214  233  236   72   68   90   90   73  120  102  120  109  102  104  115  103  203  193  211  209  213  193  195  185  214  196  283  297  219  221  220  229  230  235   96  215  222  196   97   79  118   84   82  101  
 51   33   26   38   69   63   66   71   54   67   69   56   53   43   61   76   45   66   74  180  159  179  180  185  179  172  162  165  177  139  145  121  152   71  195  186  181  184   23   57   23  167  152  156  180    0    9  115  138  121  129  137  129  134  131  112  119  129  162  163  161  161  174  152  120  126  139  123  135  139  139  133  193  184  182  188  192  157  158  167  158  175  150  195  198  202  202  203  191  187  188  190  219  195  206  199  216  209  219  211  229  227  216  158  165  155  171  182  183  173   60   61   62   37   38   38   35   56   62  108  119   99   90  112  215  224  216  214  142  124  129  121   90   64   64   60   76   73   77   62   86   61  206  220   41   42   40   49   51   58  213  190  197  195  202  191  191  191  195  185  
 58   41   33   44   67   61   67   71   52   65   67   53   52   41   59   74   43   66   71  188  168  188  189  193  187  180  170  173  185  142  146  123  154   70  200  191  186  189   22   57   24  175  160  164  188    9    0  123  147  130  137  145  137  142  139  121  128  138  164  166  164  162  177  154  128  133  146  130  142  146  146  140  199  190  189  195  198  166  166  175  166  183  159  201  203  208  209  209  196  193  193  195  224  201  213  208  224  217  228  219  238  236  224  163  170  160  177  187  189  182   54   55   54   34   31   35   27   50   57  116  127  108   98  121  220  229  221  220  150  133  137  129   87   61   58   55   71   70   75   60   82   57  209  222   34   34   33   42   43   51  221  195  203  202  210  200  199  200  203  193  
 82   91   98  103  140  143  119  126  134  138  143  137  131  129  149  165  139  140  166   65   46   66   66   71   68   58   48   50   63  168  185  156  190  138  172  160  163  163  125  137  123   57   46   47   72  115  123    0   25   12   18   22   23   20   22    3   10   15  189  182  177  197  195  184   72   77  103   88   92   85  101   85  153  134  131  141  156   50   49   54   44   63   41  125  145  130  129  137  139  123  129  125  159  138  132   85  101   96  105   96  115  113  103  148  157  147  145  157  165   63  167  170  176  140  151  142  147  165  166   19    4   19   34    3  159  153  160  152   56   46   60   43  162  145  159  156  165  148  151  137  169  146  221  236  152  155  153  163  165  167  106  163  171  151   98   83   99   84   87   86  
102  113  121  123  165  167  143  150  159  162  167  162  156  154  169  185  160  158  185   42   30   45   44   50   53   38   23   28   42  176  195  166  199  162  169  157  161  161  148  156  145   44   41   37   59  138  147   25    0   25   22   13   28   14   25   28   26   10  196  188  183  206  200  192   75   78  103   91   91   82  101   84  146  127  123  134  150   42   39   38   26   47   32  127  151  131  129  139  146  128  134  129  162  143  132   61   78   71   82   73   91   90   78  150  159  149  142  155  163   38  189  192  199  162  175  164  171  187  187   40   21   40   58   28  163  153  164  155   47   45   57   44  186  169  184  181  190  172  175  162  193  170  224  239  175  178  176  186  189  189   82  160  167  144   74   59   80   61   62   65  
