200

  0   19   25   39   41   24   23  116  120  121  124  132   96  106   98  118  109  109  119  128  131  105  101  102   30   30   14   30   26   40   11   42   13   26   19   24  122   99  116  111  126  121  123  115  105   88   63   61   70   77   73   61   31   16   26   31   38   36   32   39   22   77   69   67   64   63   85   65  193  201  176  206  200  185  201  172   53   52   43  129   99  111  116  115  123  123  130   98  106  114  102  106  127  120   99  131   38   30   47   29  102  103  120  113  120  108   96  111  117   89   93  107   87  101   80  106   99  122  155  145  125  124  112  142  123   99   78   93   87  110  104  134  128  131  118  122  119  101  127  106  127   93   69   73   70   80   74   72   71   76   92  107   97  101  162  161  156  168  184  121  129  152  127  140  151   12    7   14   25   12   15   15    7   11   11    7   26   20   37  147  136  140  127  149  148  162  164  174  136  137  150  138  105  124  139  141  139  120  110  116  
 19    0    9   23   23   16    4   97  101  102  139  146  111  120  114  132  123  125  134  142  145  120  118  117   44   47   32   49   38   58   24   59   32   45   35   38  139  116  135  129  144  138  139  132  123  102   78   74   84   93   90   77   48   31   44   48   56   54   49   58   41   81   78   78   74   70   93   69  207  215  191  222  216  200  216  186   56   50   40  113   83   98  102  101  109  107  115   83   91   98   85   90  110  103   83  115   48   48   60   47  105  104  123  110  120  112   97  114  117   75   78   93   74   88   67   96   86  141  173  162  143  142  129  160  140   81   60   74   70  128  123  135  126  131  117  126  117  103  131  107  131   82   59   66   65   76   67   66   65   70   81  101   92   92  169  170  166  179  192  130  140  163  133  149  160   31   23   13   40   19   21   14   24   26   26   25   34   16   47  129  117  121  108  131  129  143  182  192  154  156  167  156  119  138  150  152  150  133  122  129  
 25    9    0   14   17   25    7   94   96   97  138  145  110  119  115  131  121  126  133  141  144  119  119  117   53   55   39   55   47   65   32   67   38   51   43   47  147  124  141  136  150  146  147  139  130  102   77   73   84   94   92   77   55   34   50   56   61   57   51   63   47   75   75   76   71   66   89   64  216  224  199  230  224  209  224  195   65   59   49  114   84  101  105  103  111  108  116   85   93  100   86   91  111  103   84  116   57   55   69   53  114  113  132  118  129  122  105  123  125   66   69   84   65   78   57   87   77  147  180  169  150  149  136  167  148   76   58   70   70  132  126  128  118  123  109  119  109   96  124  100  124   73   49   58   56   68   58   57   56   62   72   92   83   83  178  180  176  188  202  140  150  172  143  158  170   36   31   14   42   20   21   14   31   29   34   29   33   12   46  126  113  117  104  127  127  139  189  198  156  160  170  158  117  136  147  148  147  131  120  126  
 39   23   14    0    8   36   19   83   83   84  146  152  119  126  124  139  128  135  140  148  151  127  129  125   67   69   53   69   61   79   47   81   53   65   57   61  161  138  155  151  165  160  162  154  144  110   86   81   93  104  103   87   70   46   65   70   75   69   63   77   61   76   80   83   76   69   93   66  230  238  213  244  239  223  239  209   76   68   59  109   80  100  103  100  109  103  112   81   91   95   81   87  105   97   79  111   70   69   83   67  125  123  142  126  138  133  115  133  134   52   55   71   52   65   44   76   64  161  194  184  164  163  151  181  162   65   51   60   64  144  138  124  112  118  103  118  104   94  123   97  123   62   39   50   50   61   51   51   49   55   61   83   76   72  190  193  189  201  214  153  163  186  154  171  182   50   45   27   54   33   33   26   45   42   48   43   42   23   55  115  101  106   92  117  117  127  203  212  167  172  180  170  124  142  152  152  151  138  126  132  
 41   23   17    8    0   32   19   77   79   80  153  159  125  133  130  146  136  141  147  155  159  134  135  132   67   70   55   71   60   80   47   82   54   67   57   61  161  139  157  152  166  160  162  154  145  117   93   87   99  110  109   93   71   50   66   71   78   74   67   80   63   84   88   90   84   77  101   74  228  237  212  244  238  222  237  208   72   63   53  101   71   91   94   91  100   95  103   73   82   87   73   79   97   89   71  103   68   71   81   70  119  117  137  119  131  128  109  128  128   56   58   74   57   69   49   82   68  163  195  185  165  164  152  183  163   59   44   54   56  149  143  133  120  126  112  126  112  102  131  105  131   68   45   58   58   69   59   58   56   63   66   90   84   79  185  189  186  198  209  149  160  183  150  168  178   53   46   31   59   37   38   30   46   45   48   46   48   28   61  109   96  101   87  111  110  122  205  215  173  176  186  175  131  150  160  160  159  145  134  140  
 24   16   25   36   32    0   18   97  105  107  148  156  120  130  122  142  133  133  143  151  154  129  125  126   37   44   31   49   30   54   21   56   33   44   31   32  131  109  131  124  139  130  131  126  118  111   87   84   94  101   96   85   45   39   43   44   58   59   56   60   43   96   91   90   87   84  107   84  196  205  180  212  207  191  206  176   41   34   24  106   76   88   92   92  100  100  107   75   82   91   79   82  104   98   77  108   36   45   50   48   90   89  107   95  104   97   81   98  101   88   91  106   88  101   80  111   99  137  168  156  137  137  124  155  135   83   58   76   65  131  125  151  142  147  132  141  133  118  146  123  146   97   74   82   81   92   83   82   80   86   96  116  108  107  154  157  153  165  178  117  128  150  119  135  146   34   24   27   48   31   34   28   24   34   24   31   47   31   59  128  119  123  110  131  128  144  179  189  158  157  172  160  129  148  162  164  162  144  133  140  
 23    4    7   19   19   18    0   93   97   98  141  148  113  122  117  134  125  128  136  144  147  122  121  119   48   51   36   53   42   62   28   63   36   49   39   42  143  120  139  133  148  142  143  136  127  104   80   76   87   96   93   79   52   34   48   52   60   57   52   62   45   81   79   80   75   71   94   69  211  219  194  226  220  204  220  190   59   52   42  111   81   97  100   99  107  105  113   81   89   96   83   88  108  101   81  113   51   52   64   51  108  107  125  112  122  115   99  116  119   71   74   90   70   84   63   93   82  145  177  166  147  146  133  164  144   77   57   70   67  132  126  134  124  129  115  125  116  102  130  106  130   79   56   64   63   74   65   64   62   68   78   98   90   89  172  174  170  182  195  134  144  167  136  152  164   35   27   15   43   21   23   16   28   29   30   28   36   16   49  125  113  118  104  127  126  139  186  196  157  159  170  159  121  139  152  153  151  135  124  130  
116   97   94   83   77   97   93    0   24   25  229  233  201  208  207  220  210  218  222  230  233  210  212  208  134  141  127  145  127  151  118  153  128  140  128  129  226  205  228  221  236  224  225  222  215  193  169  163  175  187  186  170  143  127  139  142  153  150  144  155  138  151  161  164  158  149  171  144  283  292  268  301  297  282  294  262  120  108  103   50   45   68   66   59   65   48   57   52   56   48   41   48   46   38   42   53  130  142  144  144  153  147  165  136  153  164  139  159  150   81   77   87   87   88   84  111   90  235  264  253  233  234  220  251  231   19   40   23   39  225  219  185  165  174  161  186  161  162  189  162  190  103   95  112  115  123  112  114  111  117  100  131  130  113  220  231  231  242  245  195  210  230  188  210  219  128  119  107  136  114  115  107  119  122  120  122  125  105  137   32   24   26   14   34   34   47  276  286  250  253  263  252  206  223  231  229  228  219  207  213  
120  101   96   83   79  105   97   24    0    2  224  227  198  204  204  215  205  215  217  225  228  206  210  204  142  148  133  150  135  158  124  160  133  146  135  137  236  214  235  229  244  235  236  231  223  189  167  160  173  186  186  169  149  129  145  148  157  152  145  159  142  143  155  160  153  143  164  137  297  306  282  314  310  294  307  276  134  121  116   74   67   91   89   82   89   72   81   73   79   71   63   70   69   61   63   76  140  148  154  148  171  165  184  156  173  181  157  177  170   66   61   68   73   71   71   94   73  242  273  262  242  242  229  260  240   23   53   31   57  227  221  170  149  159  146  173  146  150  176  149  177   88   84  101  105  112  101  103  101  106   85  115  116   96  239  248  247  259  263  211  225  246  205  227  236  132  124  109  137  116  116  109  124  124  126  125  124  106  136   43   21   27   17   41   47   46  283  293  249  255  262  252  201  217  222  220  220  213  200  206  
121  102   97   84   80  107   98   25    2    0  225  228  198  204  205  216  206  216  218  225  229  207  211  205  144  149  134  151  137  159  125  161  134  147  136  138  238  216  237  230  245  236  238  232  224  190  168  161  174  187  187  170  150  130  146  150  158  153  146  160  143  144  156  161  153  144  164  137  299  307  283  316  312  296  309  278  135  123  117   75   68   93   90   84   90   73   82   75   81   73   65   72   71   63   65   78  142  150  156  150  173  167  186  158  174  183  159  179  171   66   61   68   73   70   71   94   72  243  274  263  243  243  230  261  241   25   55   33   59  228  222  170  149  158  146  173  146  151  176  149  177   88   85  101  105  112  101  104  101  107   85  115  116   96  240  250  249  261  265  213  227  248  207  229  238  133  126  111  138  117  117  110  126  125  128  126  125  107  137   44   21   27   18   41   47   45  285  294  250  256  263  253  202  218  223  221  220  214  201  207  
124  139  138  146  153  148  141  229  224  225    0   13   28   21   28   11   20   19    8    8    9   19   30   22  129  117  120  108  133  113  129  114  117  111  125  129  142  128  110  122  120  145  147  130  116   37   61   66   55   48   56   63  115  109  113  118   96   90   92   96  108   86   69   64   72   82   64   89  217  221  201  218  208  198  218  204  165  170  164  252  222  235  240  239  247  246  254  221  230  237  224  229  249  242  222  254  142  115  138  107  201  206  217  224  224  201  202  210  222  166  172  176  159  170  157  156  167  111  141  140  131  122  125  137  129  210  197  206  208   62   59  109  126  119  118   88  118   94   92  101   90  151  142  128  123  122  129  126  128  125  153  138  129  150  236  223  213  223  251  192  189  207  210  209  220  114  126  126  100  120  118  126  125  114  127  117  106  126   92  261  244  250  236  262  263  270  135  139   47   73   52   51   24   18   38   46   44   18   29   26  
132  146  145  152  159  156  148  233  227  228   13    0   37   26   39   14   23   32   13    6    5   28   43   32  139  128  129  118  143  124  138  125  126  121  134  138  156  142  123  135  134  158  161  143  129   45   69   72   62   58   67   71  126  116  123  129  107   99  101  107  118   86   72   69   75   84   64   91  230  235  215  232  221  211  231  217  175  180  173  259  228  243  248  246  255  252  260  228  237  244  231  236  255  248  228  260  153  126  149  117  213  217  229  235  236  213  213  221  233  167  173  176  160  170  159  155  167  125  154  154  145  135  138  150  142  214  202  210  214   75   73  102  120  113  113   82  113   91   84   97   83  150  144  129  124  122  130  127  129  125  153  135  127  149  249  236  227  236  264  205  202  220  222  221  233  123  134  133  108  127  125  132  134  121  135  125  112  132   99  265  247  253  240  266  267  273  148  151   58   85   61   62   27   11   26   34   32   14   27   22  
 96  111  110  119  125  120  113  201  198  198   28   37    0   12   11   23   16   18   24   32   35    9   20    7  103   91   92   81  106   88  101   89   89   84   97  102  130  112  101  109  112  132  134  117  103    8   33   38   26   22   32   35   89   80   86   92   70   62   64   70   81   64   44   38   46   57   44   64  207  213  191  211  202  190  210  192  139  143  136  224  193  207  212  211  219  217  225  193  201  209  196  200  221  213  193  225  116   89  113   80  177  181  194  198  200  178  176  185  197  141  147  153  135  147  133  135  144  104  136  133  121  112  112  130  118  182  169  178  180   57   52  101  113  108  104   80  104   78   84   86   83  128  117  105  100  100  105  102  104  101  130  119  109  129  217  205  196  207  233  172  171  190  188  189  201   86   98   98   71   92   90   97   97   86   99   88   78   98   64  233  217  223  209  234  235  243  135  140   59   78   69   62   14   31   52   57   55   28   24   28  
106  120  119  126  133  130  122  208  204  204   21   26   12    0   19   13    5   20   14   22   25    7   27   10  114  102  103   92  117   99  112  100   99   95  108  112  140  123  110  119  121  142  144  127  113   19   42   46   36   33   44   45  100   90   97  103   81   73   74   81   92   66   48   44   51   61   45   68  217  222  201  220  211  199  219  202  150  154  147  233  202  217  221  220  228  226  234  202  211  218  205  210  230  222  202  234  127  100  125   92  188  193  205  209  211  190  188  197  208  145  151  156  139  150  137  137  147  112  144  142  131  122  122  139  128  189  177  185  188   64   60   96  110  104  101   74  102   76   79   84   77  131  122  108  103  102  109  106  108  104  133  119  110  131  228  217  208  218  245  184  182  201  200  201  213   97  108  106   81  101   98  106  107   95  109   98   86  106   73  241  224  229  216  241  242  249  142  147   60   82   68   64    5   20   40   46   44   16   15   17  
 98  114  115  124  130  122  117  207  204  205   28   39   11   19    0   27   24   11   26   34   36   13    9    9  102   90   93   80  106   85  102   86   90   84   97  101  121  104   91  100  102  123  125  108   94   16   38   44   31   21   28   37   88   83   86   91   69   63   66   69   81   74   53   46   54   66   55   73  198  203  181  201  192  180  200  183  138  143  137  227  197  209  214  214  222  221  228  196  204  212  199  204  224  217  197  229  115   88  111   80  174  178  190  196  197  174  174  182  194  150  155  162  144  156  141  145  153   93  126  123  111  103  103  120  108  188  173  184  184   46   41  112  124  120  115   91  115   89   95   97   94  137  125  114  108  109  114  111  113  111  140  129  119  139  211  198  189  199  226  166  164  183  183  183  195   88   99  101   74   95   94  101   99   89  100   91   82  102   69  239  224  229  215  240  241  250  124  129   48   66   59   52   23   37   58   65   62   34   34   37  
118  132  131  139  146  142  134  220  215  216   11   14   23   13   27    0   10   22    2    9   13   15   32   19  126  114  115  104  129  111  124  111  112  107  120  125  146  131  115  125  125  148  151  133  119   31   55   59   48   45   54   58  112  103  109  115   93   85   87   93  104   76   60   56   63   73   54   79  222  227  206  224  214  204  223  208  162  166  159  245  215  230  234  233  241  239  247  215  223  231  217  222  242  234  215  247  139  112  136  104  200  204  216  221  222  200  199  208  220  156  162  166  149  160  148  146  157  117  147  146  136  126  128  142  133  201  189  198  201   67   64   99  115  109  107   78  108   83   82   91   80  141  133  119  114  112  119  116  118  115  143  127  118  140  237  225  216  226  253  193  190  209  209  210  222  109  120  119   94  113  111  119  120  108  122  111   99  119   85  253  235  241  228  253  254  261  143  147   57   82   62   60   14   10   32   40   37    9   18   16  
109  123  121  128  136  133  125  210  205  206   20   23   16    5   24   10    0   24   13   20   23   12   31   15  118  106  107   96  121  104  115  105  103  100  112  117  145  128  115  124  126  147  149  132  118   23   46   49   39   38   48   49  104   93  102  107   86   77   78   86   96   65   49   46   52   62   44   69  222  227  206  225  215  204  224  207  154  157  150  235  205  220  224  223  231  229  237  205  214  221  207  212  232  224  205  237  131  104  129   96  193  197  210  213  216  194  192  202  213  146  151  156  139  150  137  136  147  117  149  147  135  127  127  143  133  191  179  187  191   69   65   92  107  102   99   71   99   74   75   82   73  130  122  108  103  102  109  106  108  104  133  118  109  130  233  222  213  223  250  188  187  206  204  206  218  100  111  109   85  104  101  109  111   98  113  102   89  109   75  242  225  231  217  243  244  251  146  151   63   86   70   67    4   16   35   41   39   11   11   12  
109  125  126  135  141  133  128  218  215  216   19   32   18   20   11   22   24    0   21   26   28   14   11   12  112  100  104   90  116   95  113   96  101   94  108  112  124  110   93  104  103  127  129  112   97   26   49   55   42   32   38   48   98   94   96  101   79   74   77   79   92   82   62   56   64   75   62   83  200  205  184  202  192  182  201  186  148  153  147  238  208  220  225  225  232  232  239  207  215  223  210  215  235  228  208  240  125   98  120   90  183  187  198  206  206  183  183  191  203  159  165  172  153  165  151  153  162   95  125  124  114  104  106  120  111  199  184  194  195   45   42  116  130  125  121   95  121   96   99  104   97  147  135  123  118  118  124  121  122  120  149  137  127  147  217  204  195  204  232  173  170  188  190  189  201   99  110  112   85  106  105  112  109  100  111  102   93  113   80  250  234  240  226  251  251  260  122  127   41   62   50   44   25   32   54   62   59   31   35   36  
119  134  133  140  147  143  136  222  217  218    8   13   24   14   26    2   13   21    0    8   11   15   31   19  126  114  116  105  130  111  125  112  113  108  121  125  145  130  113  124  124  147  150  132  118   32   56   60   49   45   54   59  112  104  110  115   93   86   88   94  105   78   62   58   65   75   56   81  220  225  205  223  213  202  222  207  162  167  160  247  216  231  235  234  242  240  248  216  225  232  219  223  244  236  216  248  139  113  136  104  200  204  216  221  223  200  200  208  220  158  164  169  152  162  150  148  159  115  145  145  134  125  127  141  132  203  191  199  202   66   63  101  118  111  110   80  110   86   84   93   82  143  135  121  116  114  121  118  121  117  145  130  121  142  237  224  215  225  252  192  190  208  209  209  221  110  121  120   95  115  112  120  121  109  122  112  100  120   87  254  237  243  230  255  256  263  141  145   54   79   60   58   16   12   34   41   39   11   21   18  
128  142  141  148  155  151  144  230  225  225    8    6   32   22   34    9   20   26    8    0    3   23   37   27  134  122  124  113  138  119  133  120  121  116  129  133  150  136  118  129  128  153  155  138  123   40   64   68   58   53   62   67  120  112  118  123  101   94   96  101  113   84   69   65   72   82   63   88  225  229  209  226  216  206  226  212  170  175  168  255  224  239  243  242  250  248  256  224  233  240  227  232  252  244  224  256  147  120  144  112  207  212  224  229  230  208  207  216  228  165  171  175  158  169  157  154  166  119  149  148  139  130  132  145  136  211  199  207  210   70   67  104  121  114  113   83  114   91   86   98   84  149  142  127  122  120  128  125  127  123  152  135  126  148  244  230  221  231  259  199  196  214  216  216  227  118  129  128  103  123  120  128  129  117  131  120  108  128   95  262  245  250  237  263  264  270  143  147   54   81   58   58   24   11   30   39   36   13   26   22  
131  145  144  151  159  154  147  233  228  229    9    5   35   25   36   13   23   28   11    3    0   26   39   29  137  125  127  115  141  121  136  122  124  119  132  136  151  137  119  130  129  153  156  138  124   43   67   71   61   56   64   70  123  115  121  126  104   97   99  104  116   88   73   69   76   85   66   92  225  230  210  226  216  206  226  212  173  178  171  258  228  242  246  245  254  252  260  228  236  243  230  235  255  247  228  260  150  123  147  115  210  214  226  232  233  210  210  218  230  168  174  178  162  172  160  157  169  120  148  149  140  130  133  145  137  214  202  210  214   70   68  106  124  117  116   86  117   94   89  101   87  152  145  131  126  124  131  128  131  127  155  138  129  151  245  232  222  232  260  201  198  216  218  217  229  121  132  132  106  126  124  131  132  120  134  123  111  132   98  265  248  254  241  266  267  274  143  146   53   80   56   57   27   14   31   39   37   17   29   25  
105  120  119  127  134  129  122  210  206  207   19   28    9    7   13   15   12   14   15   23   26    0   20    4  111   99  101   90  115   96  110   97   98   93  106  110  134  117  103  113  114  136  138  121  106   18   42   47   35   30   39   44   97   90   95  100   78   71   73   79   90   70   51   46   53   64   50   72  210  215  194  214  204  193  212  196  147  152  145  233  202  216  221  220  228  226  234  202  211  218  205  210  230  222  203  235  124   97  121   89  185  189  201  206  208  186  185  193  205  149  155  160  142  154  140  141  151  106  137  135  124  115  116  132  121  191  177  187  189   57   53  102  116  111  107   81  108   82   85   90   84  135  125  112  107  106  113  109  111  108  137  124  115  135  223  211  202  212  239  179  176  196  195  196  208   95  107  107   80  101   99  106  106   95  108   98   87  107   73  242  226  231  218  243  244  252  135  140   54   75   63   58   12   24   46   52   49   21   22   24  
101  118  119  129  135  125  121  212  210  211   30   43   20   27    9   32   31   11   31   37   39   20    0   17  102   90   95   81  107   85  105   86   92   85   99  102  115   99   84   94   95  117  119  102   87   24   43   50   38   25   29   42   88   87   87   91   70   65   69   69   83   82   60   53   61   73   63   81  191  196  175  194  184  173  193  176  138  144  138  231  200  212  217  216  224  224  231  199  207  216  203  207  228  221  200  232  115   88  110   81  172  177  188  196  195  172  173  180  193  157  162  170  151  163  148  153  160   86  118  116  104   95   97  112  102  193  177  188  187   38   33  120  133  128  123   99  124   98  104  106  102  145  132  121  116  117  122  118  120  118  147  137  127  147  207  194  184  194  222  162  159  178  180  179  191   90  102  105   77   99   98  105  101   92  102   94   87  107   74  244  229  234  221  245  245  255  115  121   41   58   52   44   31   42   64   71   68   40   41   44  
102  117  117  125  132  126  119  208  204  205   22   32    7   10    9   19   15   12   19   27   29    4   17    0  108   96   98   86  112   92  107   93   95   90  103  107  130  114  100  109  111  132  135  117  103   15   39   45   33   26   36   41   94   87   92   97   75   68   70   75   86   70   50   45   52   63   50   71  207  212  191  210  201  189  209  192  144  148  142  230  200  213  218  217  225  224  232  200  208  216  202  207  227  220  200  232  121   94  118   86  181  185  198  203  204  182  181  189  201  148  154  160  142  153  139  141  150  102  134  132  120  112  112  128  118  189  175  185  186   54   50  104  118  113  108   83  109   83   88   91   86  135  124  111  106  106  112  109  111  108  137  125  115  135  219  207  198  208  235  175  173  192  191  192  204   92  103  104   78   98   96  104  103   92  105   95   84  104   71  240  224  229  216  241  242  250  132  137   53   73   62   57   14   28   49   56   53   25   25   27  
 30   44   53   67   67   37   48  134  142  144  129  139  103  114  102  126  118  112  126  134  137  111  102  108    0   12   18   22    7   19   21   20   22   18   12    6   95   72   94   87  102   93   95   89   81   95   74   74   80   81   73   69   14   37   17   11   33   42   43   33   24  100   87   83   83   86  104   89  163  171  146  177  171  156  171  142   36   42   38  138  108  114  120  121  127  131  137  105  112  122  112  114  136  131  110  139   13   14   17   22   78   81   96   96   99   82   75   87   96  118  122  137  117  131  110  136  129  101  130  119  100  100   86  117   98  120   94  113  100   99   95  159  155  158  145  145  146  126  150  132  150  123  100  103  100  110  104  102  101  105  122  136  126  132  133  131  125  138  155   91   99  121   99  110  122   26   23   44   41   42   45   45   23   37   20   32   52   50   57  164  156  160  147  167  164  181  142  152  130  125  144  131  114  133  151  155  153  129  121  127  
 30   47   55   69   70   44   51  141  148  149  117  128   91  102   90  114  106  100  114  122  125   99   90   96   12    0   16   10   17   10   24   12   18    8   13   13   92   69   88   82   96   91   93   85   75   84   63   64   68   70   62   58    2   32    7    1   21   31   34   21   15   93   78   73   74   77   94   82  164  171  147  177  170  155  171  144   48   54   49  148  118  125  130  131  138  141  147  115  122  132  121  124  146  140  119  149   25    2   25   11   88   91  106  107  110   91   86   97  107  118  123  137  116  130  109  134  128   94  125  115   95   94   82  113   93  126  102  119  108   89   84  151  149  151  139  136  139  118  142  125  141  121   98   99   96  105  100   98   98  101  121  132  121  129  140  136  130  142  161   97  103  125  107  116  128   21   24   44   33   40   42   45   24   33   22   29   47   49   49  172  163  166  153  175  172  188  135  145  119  115  133  120  103  122  140  144  141  118  110  116  
 14   32   39   53   55   31   36  127  133  134  120  129   92  103   93  115  107  104  116  124  127  101   95   98   18   16    0   18   17   26   10   28    4   13    6   13  108   85  103   97  112  107  109  100   91   84   62   60   68   72   66   58   16   20   12   17   27   30   29   28   12   83   72   68   67   69   88   72  179  187  162  192  186  171  187  159   49   51   44  137  107  117  122  122  129  131  137  105  113  122  110  113  135  129  108  139   29   16   35   16   94   96  112  109  114   99   90  103  111  103  107  121  101  115   94  119  113  109  141  130  111  110   97  128  109  112   89  105   96   99   94  142  138  140  127  128  128  108  134  115  133  106   83   85   82   92   86   84   84   88  106  118  108  114  151  149  143  155  173  109  116  139  116  128  140    9    9   28   25   24   27   29    8   19    7   14   34   34   41  159  148  152  139  161  159  174  150  160  127  126  141  129  103  122  139  142  140  118  109  115  
 30   49   55   69   71   49   53  145  150  151  108  118   81   92   80  104   96   90  105  113  115   90   81   86   22   10   18    0   26   13   28   15   17    5   19   21   94   71   86   82   95   94   95   85   75   74   53   54   58   60   52   48    8   27    6   11   11   21   25   12    9   84   69   63   64   69   85   74  168  175  151  180  173  158  175  148   58   63   58  154  124  133  138  138  145  148  154  122  129  139  128  130  152  146  125  155   35    8   34    2   98  101  116  117  120  101   96  107  117  116  121  134  114  128  107  130  125   92  125  115   95   94   82  112   93  129  106  123  114   82   77  143  142  143  131  127  132  110  133  117  132  117   95   95   91   99   96   93   93   96  117  126  116  124  149  144  137  149  169  105  110  132  116  124  136   19   26   43   25   38   39   44   26   29   25   27   41   48   42  176  166  170  157  179  176  192  134  143  111  109  125  113   93  112  130  134  131  108  100  106  
 26   38   47   61   60   30   42  127  135  137  133  143  106  117  106  129  121  116  130  138  141  115  107  112    7   17   17   26    0   26   16   27   21   22   10    5  101   79  101   94  109  100  101   96   88   99   77   76   82   85   78   72   19   36   20   17   37   45   45   38   26  100   88   84   84   86  105   88  168  177  152  183  178  162  177  148   33   37   32  131  101  108  113  114  121  124  130   99  105  116  105  107  129  124  103  132   12   19   22   26   78   80   96   93   98   82   73   87   95  113  117  132  112  126  104  132  124  108  138  126  107  107   93  124  105  113   87  106   93  106  101  158  153  157  143  145  144  125  150  131  150  118   95   99   96  107  100   98   97  102  118  133  123  128  135  134  129  142  158   94  103  126  101  113  125   25   19   40   41   38   41   41   19   34   16   29   50   46   57  157  149  153  140  160  157  174  149  159  136  132  150  138  118  137  154  157  155  133  124  130  
 40   58   65   79   80   54   62  151  158  159  113  124   88   99   85  111  104   95  111  119  121   96   85   92   19   10   26   13   26    0   34    2   27   15   24   22   82   59   77   72   86   82   84   75   65   81   63   65   67   66   57   57    9   39   15   10   19   32   37   18   21   97   80   74   76   81   96   86  155  163  138  168  161  146  163  136   54   61   57  157  127  133  139  140  147  150  156  125  131  142  131  133  155  150  128  158   31   10   25   15   89   93  106  111  112   91   89   98  109  128  132  146  125  139  119  142  137   84  115  105   85   84   72  102   83  137  112  130  118   80   76  155  154  156  144  139  145  122  144  129  144  129  107  107  103  112  108  105  105  109  129  139  128  137  137  131  124  136  157   93   97  120  104  112  124   30   34   53   38   49   51   54   34   41   32   38   54   59   54  182  173  177  164  185  182  198  125  135  111  106  125  112  101  119  138  142  140  115  108  114  
 11   24   32   47   47   21   28  118  124  125  129  138  101  112  102  124  115  113  125  133  136  110  105  107   21   24   10   28   16   34    0   36   13   23   11   15  115   92  111  105  120  114  115  108   99   93   70   68   76   81   76   66   25   24   21   25   37   39   37   38   22   87   77   75   73   73   94   75  184  192  167  198  192  177  192  163   43   43   35  127   97  107  112  112  120  121  127   95  103  112  100  103  125  119   98  129   27   24   37   26   91   92  110  103  110   97   85  100  106   98  101  116   96  110   89  116  108  118  149  138  119  118  105  136  117  103   79   96   86  109  104  144  139  142  129  132  129  111  137  117  137  103   79   83   81   91   84   82   82   86  102  117  108  112  151  150  145  158  173  110  119  142  116  129  141   15    4   24   31   22   26   25    5   20    3   16   36   30   45  149  139  143  130  152  149  165  159  169  137  136  151  139  111  131  146  149  147  126  117  123  
 42   59   67   81   82   56   63  153  160  161  114  125   89  100   86  111  105   96  112  120  122   97   86   93   20   12   28   15   27    2   36    0   29   17   25   24   80   57   76   70   84   80   82   73   63   82   64   66   69   67   58   58   11   41   17   11   21   34   39   20   23   99   82   76   78   83   98   88  153  161  136  166  159  144  161  133   53   61   58  158  128  134  139  141  147  151  157  125  132  142  132  134  156  151  129  159   31   12   24   17   88   92  105  110  111   90   88   97  108  130  134  148  127  142  121  144  139   82  113  103   83   82   70  100   81  138  113  131  120   80   75  157  156  158  146  141  147  124  146  131  146  131  109  109  105  114  110  108  108  111  131  141  130  139  135  129  122  134  155   91   95  117  103  110  122   32   36   55   40   51   53   56   36   43   34   40   56   61   56  183  175  178  165  186  183  200  123  133  111  105  125  112  102  120  139  144  141  116  110  115  
 13   32   38   53   54   33   36  128  133  134  117  126   89   99   90  112  103  101  113  121  124   98   92   95   22   18    4   17   21   27   13   29    0   13   11   17  109   86  103   98  112  109  110  101   91   81   58   56   64   69   63   54   18   16   12   19   25   27   25   27   10   79   68   64   63   65   84   68  181  189  164  194  188  173  189  161   53   55   47  140  109  120  125  125  132  133  140  108  115  125  113  116  137  131  110  141   33   17   39   15   99  100  117  113  118  103   94  108  115  101  105  119   98  113   92  117  111  109  141  131  112  110   98  129  109  112   90  106   98   98   92  138  134  136  124  124  124  104  129  111  129  103   80   82   79   88   83   81   80   84  103  115  105  111  155  152  146  159  176  112  119  142  120  132  144    5   10   26   20   22   24   27    9   15   10   11   30   32   36  160  149  153  140  162  160  175  151  160  125  125  139  127   99  119  135  138  136  114  105  111  
 26   45   51   65   67   44   49  140  146  147  111  121   84   95   84  107  100   94  108  116  119   93   85   90   18    8   13    5   22   15   23   17   13    0   14   17   97   74   90   85   99   97   98   89   79   77   56   56   61   63   56   51    7   25    2   10   16   23   25   16    7   84   70   65   65   69   86   73  170  178  153  183  176  161  178  150   54   59   53  150  119  128  133  134  141  143  149  117  125  134  123  126  147  141  120  151   32    7   33    4   96   99  114  114  117   99   94  105  115  113  118  131  110  125  104  127  122   96  129  119   99   98   86  116   97  125  101  118  109   87   82  143  141  143  131  128  131  110  133  117  133  114   92   92   89   98   93   91   91   94  114  124  114  122  148  144  138  150  169  105  110  133  115  124  136   15   22   39   25   34   36   40   21   26   20   23   39   44   41  171  161  165  152  174  172  187  138  147  116  113  130  117   96  115  133  136  134  111  103  109  
 19   35   43   57   57   31   39  128  135  136  125  134   97  108   97  120  112  108  121  129  132  106   99  103   12   13    6   19   10   24   11   25   11   14    0    6  104   81  101   95  109  103  105   97   88   89   67   66   73   77   70   63   15   26   12   14   30   35   35   30   16   90   78   74   74   75   95   78  174  182  157  188  182  166  182  154   43   46   39  136  105  114  119  120  127  129  135  103  110  120  109  112  133  128  107  137   22   14   29   18   88   90  106  103  108   93   84   97  105  107  111  126  105  120   99  125  117  107  138  128  108  107   95  125  106  113   89  106   96  101   96  148  144  147  134  134  135  115  140  121  139  111   88   91   88   98   92   90   89   93  111  124  114  120  145  143  137  149  167  103  110  133  110  122  134   15   12   33   31   30   33   34   12   25    9   20   41   39   47  159  150  153  140  162  159  175  149  158  130  127  144  131  108  127  144  147  145  123  115  121  
 24   38   47   61   61   32   42  129  137  138  129  138  102  112  101  125  117  112  125  133  136  110  102  107    6   13   13   21    5   22   15   24   17   17    6    0  100   78   99   92  107   99  101   94   86   94   72   72   78   81   73   67   15   32   15   13   33   40   40   33   21   96   84   80   79   81  101   84  169  177  152  183  177  162  177  149   37   42   36  135  105  112  117  118  125  128  134  102  109  119  109  111  133  127  106  136   16   15   23   21   82   84  100   98  102   86   78   91   99  112  116  131  111  125  104  130  123  105  136  125  105  105   92  123  103  115   90  108   96  102   97  155  150  153  140  141  141  121  146  127  146  117   93   97   94  104   98   96   95  100  116  130  120  126  138  137  131  144  160   97  105  127  104  116  128   21   17   38   37   36   39   39   17   31   14   26   47   44   53  160  151  155  142  163  160  176  147  156  132  128  146  133  113  132  149  153  150  128  120  126  
122  139  147  161  161  131  143  226  236  238  142  156  130  140  121  146  145  124  145  150  151  134  115  130   95   92  108   94  101   82  115   80  109   97  104  100    0   23   34   21   28    3    5   13   27  128  123  129  124  113  102  116   92  121   97   91   93  106  113   91  103  168  147  138  144  153  160  160   78   85   62   87   79   65   83   62  108  121  123  219  193  191  196  200  204  213  216  189  193  205  198  197  219  216  195  219   96   92   82   96  105  113  112  137  127   98  115  109  126  210  214  228  207  222  201  223  219   36   43   30   16   26   18   30   17  214  186  206  189   82   83  222  227  226  216  203  217  192  208  200  207  211  189  187  183  191  189  186  186  188  211  217  206  217  105   85   75   83  113   68   56   68   90   77   87  112  116  135  117  131  133  137  116  123  113  120  134  141  131  254  249  252  239  258  253  273   59   69  111   87  121  109  144  156  179  186  183  154  154  157  
 99  116  124  138  139  109  120  205  214  216  128  142  112  123  104  131  128  110  130  136  137  117   99  114   72   69   85   71   79   59   92   57   86   74   81   78   23    0   32   18   35   23   25   17   17  109  102  108  104   94   83   95   69   98   74   68   70   83   90   68   80  146  125  117  122  131  139  137  100  107   83  110  102   88  106   82   90  102  103  201  174  173  179  182  187  195  199  170  175  187  178  179  200  197  176  202   75   69   61   73   95  103  106  126  119   90  103  101  117  187  191  205  184  199  178  200  196   38   60   48   28   32   16   46   27  192  165  185  169   71   71  202  205  205  195  183  195  170  188  178  187  187  166  164  160  168  165  163  163  165  188  194  184  194  110   95   85   95  123   68   61   79   89   82   93   89   93  112   94  108  110  113   93  100   90   97  111  118  108  234  228  231  218  238  233  252   73   83  103   83  115  102  127  141  163  169  167  138  137  141  
116  135  141  155  157  131  139  228  235  237  110  123  101  110   91  115  115   93  113  118  119  103   84  100   94   88  103   86  101   77  111   76  103   90  101   99   34   32    0   16   12   37   40   23   16  100  100  107  100   86   77   94   87  111   91   87   81   91   98   79   94  147  124  116  122  133  135  140  107  112   91  111  101   90  109   94  118  129  129  229  201  203  208  211  216  223  227  197  203  214  205  206  228  223  203  230  101   87   88   88  128  135  138  158  151  122  135  133  150  200  205  217  196  211  191  208  208    6   40   34   21   12   19   30   19  214  189  207  194   48   51  198  205  203  195  178  195  169  183  178  181  197  177  173  168  174  174  171  172  173  198  200  189  203  138  119  109  117  147   98   89  102  120  110  120  105  111  128  105  123  124  129  111  114  109  112  122  133  115  258  250  254  241  262  258  275   48   58   76   53   87   75  114  125  147  155  152  123  124  127  
