200

  0    8   14   11   14   21    8    9   17    8   12   23    3   11   12  184  127  144  117  133  119  142   68   65   89   94   89   67   70   75   78   27   26   22   26   23   18   16   23   32   42   29   30   44   41   23   37   28   26   24   45  114  121  123  121  111  166  190  176  188  166  181  192  163  186  173  178  172  168  190  183  205  226  212  218  211  216  201  211  221  206  219  183  171  163  180  182  189  179  174  182  185  158  161  171  168  155  180  176  173  167  162  161  160  167  147  151  151  154  163  144  176  139  163  160  178  158  115  121  127  118  120  108  125  108  105  125  104  100  115  125   98   84   89  112  113   90  113   88  113  108  101  179  162  171  175  170  177  159  159  186  167  196  182  169  184  181  178  171  185  200  170  184  184  180  174  166  208  213  233  220  229  206  209  228  214  231  225  207  221  214  197  184  203  202  208  203  193  196  197  208  221   34   58   53   48   39   39   55   52  
  8    0   21    4    9   19   14    8   10   15   19   20   10   16   19  177  131  147  122  137  124  147   74   69   94   99   93   71   75   81   83   21   23   23   19   23   21    9   19   33   41   32   30   40   39   24   38   27   26   19   44  106  114  116  113  104  160  183  169  182  159  175  186  156  179  166  172  166  162  183  176  201  222  208  214  207  211  197  206  217  202  214  175  164  156  173  175  182  172  167  175  178  151  153  164  160  148  173  169  166  160  155  154  152  160  140  144  144  147  156  137  169  132  156  153  171  151  114  119  126  116  119  106  123  108  105  124  103  100  115  127   91   76   81  105  106   82  106   80  106  100   93  172  155  164  168  163  170  152  151  179  160  189  175  162  180  177  174  167  181  197  167  181  181  175  171  162  201  205  225  212  221  199  202  220  206  223  217  199  214  207  191  178  197  195  201  196  186  190  191  202  215   26   50   46   41   33   32   47   44  
 14   21    0   23   27   25   14   17   27    6    3   27   11   18    4  195  115  132  105  120  107  130   55   54   76   81   78   54   57   61   66   34   29   20   38   22   14   29   28   41   51   36   41   57   52   32   44   40   36   37   54  126  133  133  131  123  173  198  183  195  173  187  199  170  193  181  184  178  174  198  191  206  227  214  219  212  218  203  212  222  206  221  191  180  171  188  191  196  188  182  191  192  167  169  184  180  168  193  189  186  180  175  174  173  180  160  165  164  168  176  157  190  153  177  173  191  171  123  131  136  129  130  118  135  116  114  134  114  108  123  117  111   96  101  125  126  103  126  100  126  120  114  193  176  185  188  184  190  173  172  199  180  209  196  183  185  182  177  171  186  201  170  184  184  181  174  167  221  225  245  232  241  219  222  240  226  243  237  220  234  226  205  192  211  209  216  210  201  202  201  213  227   46   70   62   57   53   51   65   61  
 11    4   23    0    9   17   18    8    6   18   21   18   14   20   22  173  132  148  123  139  125  148   76   70   95  101   93   73   76   82   84   18   21   23   16   23   22    5   17   35   43   34   32   39   40   26   40   28   28   19   46  103  110  112  110  100  156  179  165  178  156  171  182  153  176  163  168  162  159  180  173  199  219  205  211  204  208  194  203  214  199  211  172  160  153  170  172  178  168  164  171  174  148  150  161  157  145  170  166  163  157  152  151  149  157  137  141  141  145  153  134  166  130  154  150  168  148  115  120  127  117  119  107  124  110  106  125  104  102  117  126   88   73   78  102  103   80  103   77  103   97   90  170  152  162  165  161  168  150  149  176  157  186  173  159  177  174  172  165  178  194  164  178  178  173  168  160  198  202  222  209  218  196  199  217  203  220  214  196  211  203  187  174  193  191  198  193  183  186  188  199  212   23   47   42   37   31   28   44   41  
 14    9   27    9    0   26   17   16   14   22   26   27   17   17   25  174  140  156  130  146  132  155   82   77  102  107  101   80   83   88   91   26   31   31   19   32   30   11   26   27   34   27   23   31   31   18   32   19   19   11   36  103  111  115  112  100  161  184  170  183  160  177  187  157  180  167  173  167  164  184  177  207  227  212  219  211  216  201  211  221  207  219  175  163  157  174  175  183  171  168  174  178  151  153  159  157  142  168  164  161  155  149  149  147  155  134  138  138  141  150  131  163  126  150  147  164  145  106  111  117  108  110   98  115  101   97  115   95   92  107  135   86   72   77  100  101   78  101   76  100   96   88  166  149  159  162  157  163  146  146  172  154  182  169  157  184  181  180  173  185  202  172  186  187  180  176  168  197  201  221  209  217  194  197  216  202  219  213  195  209  203  191  178  197  196  202  197  187  192  194  204  217   24   47   47   41   26   30   47   45  
 21   19   25   17   26    0   29   13   14   21   22    2   22   33   27  173  119  133  111  126  112  135   67   57   85   90   79   62   66   74   73   11    5   10   21    8   14   18    3   52   60   50   49   55   57   42   57   45   44   36   63  105  111  109  107  103  147  173  157  170  148  162  174  145  168  156  159  153  149  173  165  184  204  191  197  190  195  180  189  200  184  198  166  155  146  163  167  171  163  157  166  167  143  144  164  160  150  173  169  167  161  158  156  155  160  144  148  148  154  160  142  174  137  161  156  175  154  132  137  144  134  136  124  141  127  123  142  121  119  134  109   95   78   83  108  108   85  109   81  109  101   96  176  159  168  171  168  176  157  155  184  164  193  181  165  163  159  156  150  163  179  149  163  163  158  153  145  201  205  225  211  221  200  202  220  205  223  216  200  213  204  180  166  186  184  191  185  176  176  177  188  201   28   50   38   34   43   32   43   39  
  8   14   14   18   17   29    0   17   24   11   15   31    7    4   11  190  129  147  119  134  121  144   69   68   89   95   92   68   71   74   80   35   34   29   33   30   24   23   31   27   37   23   26   43   38   18   31   26   22   25   40  119  127  130  127  117  174  197  183  196  173  189  200  171  194  180  186  180  176  197  190  213  234  220  226  219  224  209  219  229  214  227  190  178  170  187  189  196  186  182  189  192  165  168  176  173  159  185  181  178  172  166  166  164  172  150  155  155  157  166  147  179  143  167  164  181  162  110  117  122  114  116  104  120  102  100  120  100   94  109  130  102   89   94  117  117   94  117   93  117  112  105  183  166  175  179  173  180  163  162  189  170  199  185  173  192  189  185  179  193  208  178  192  192  188  182  174  213  217  238  225  234  211  214  233  219  236  230  212  226  220  205  192  211  209  216  210  201  204  205  216  229   40   63   60   55   43   46   61   59  
  9    8   17    8   16   13   17    0   11   11   14   14   10   20   17  179  124  140  115  130  117  140   67   61   87   92   85   65   68   74   76   19   18   15   21   16   14   13   14   40   49   37   37   47   46   30   44   34   33   27   51  109  116  117  114  107  158  182  168  180  158  173  184  155  178  165  170  164  160  182  175  196  217  203  209  202  207  192  202  212  197  210  175  164  155  172  175  181  172  167  175  177  151  153  167  164  152  176  173  170  164  159  158  157  163  145  149  149  153  161  142  174  137  161  157  176  155  121  127  133  124  126  114  131  115  112  131  110  107  122  119   96   80   85  109  110   87  110   83  110  104   98  177  160  169  173  168  175  157  156  184  164  194  181  167  175  172  169  162  176  192  161  175  176  171  166  157  204  209  229  215  225  203  205  224  209  227  220  203  217  209  190  176  196  194  200  195  185  187  188  199  213   29   53   46   41   39   34   48   45  
 17   10   27    6   14   14   24   11    0   22   25   14   19   26   27  168  132  146  123  139  125  148   77   69   96  101   92   74   77   84   85   12   17   21   11   21   22    4   12   41   48   40   37   42   44   32   46   33   33   22   50   99  106  107  104   96  150  173  159  172  149  165  176  147  170  156  162  156  152  173  166  193  213  199  205  198  202  188  197  208  193  205  166  154  146  163  166  172  162  158  165  168  142  144  157  153  141  166  162  159  153  149  147  146  153  134  139  138  143  150  131  164  127  151  147  165  145  119  124  131  120  123  110  128  115  110  129  108  106  121  123   85   70   74   99   99   76  100   73  100   93   87  167  149  158  162  158  165  147  146  174  154  183  171  156  171  168  166  159  172  188  158  172  173  166  162  154  194  198  218  205  214  192  195  213  199  216  210  192  206  199  181  168  187  185  192  186  176  180  181  192  205   19   42   36   31   30   23   38   35  
  8   15    6   18   22   21   11   11   22    0    4   24    6   15    6  190  119  136  109  124  111  134   60   57   80   86   81   58   62   66   70   30   26   19   32   20   13   23   24   38   48   34   37   52   48   29   42   36   33   32   51  120  127  128  125  118  169  193  178  191  169  183  195  166  189  176  180  174  171  193  186  204  225  212  217  210  216  201  210  220  205  218  187  175  167  183  186  192  183  178  186  188  163  165  178  175  162  187  183  181  174  170  169  167  174  155  159  159  162  170  151  184  147  171  168  185  165  121  128  133  125  127  115  132  114  111  131  111  106  120  119  106   91   96  120  120   97  121   94  120  115  108  187  170  179  183  178  185  167  166  194  174  203  190  177  183  180  176  170  184  199  169  183  182  179  173  165  215  219  240  227  236  214  216  235  220  238  231  214  228  221  201  187  207  205  211  206  196  198  198  209  223   40   64   57   52   47   45   60   56  
 12   19    3   21   26   22   15   14   25    4    0   25   10   19    6  193  115  132  105  120  107  130   56   53   76   82   78   54   58   62   66   31   27   18   35   20   12   26   25   42   52   37   41   56   52   32   45   39   36   36   55  124  130  130  128  121  170  195  180  192  170  184  196  168  190  178  182  176  172  195  188  203  224  212  217  210  216  200  210  220  204  218  188  177  168  185  188  194  185  179  188  190  165  166  181  178  166  190  187  184  178  173  172  171  177  158  162  162  166  174  155  188  151  175  171  189  169  124  131  136  129  130  119  135  117  115  134  115  109  123  116  109   94   99  123  124  101  124   98  124  118  111  191  173  183  186  182  188  171  170  197  178  207  194  181  183  180  175  169  183  198  168  182  181  178  172  164  219  223  243  230  239  217  219  238  224  241  234  217  231  224  202  189  209  206  213  207  198  199  199  210  224   43   67   59   55   51   48   62   59  
 23   20   27   18   27    2   31   14   14   24   25    0   24   34   29  170  120  134  112  128  113  137   69   58   86   91   80   64   68   76   75    8    4   12   20   10   16   18    2   53   61   51   49   55   57   43   58   46   45   36   63  103  109  107  105  101  145  170  155  168  146  159  172  143  166  153  157  151  147  170  163  182  203  189  195  188  193  178  188  198  183  196  164  153  144  161  164  169  161  155  164  165  140  142  162  158  148  171  167  165  159  156  154  153  158  143  146  146  152  158  140  172  135  159  154  173  152  133  137  144  134  137  124  141  128  124  142  121  119  134  110   93   76   81  106  106   83  107   79  107   99   94  174  157  166  170  166  174  155  154  182  162  192  179  163  161  158  155  148  162  177  147  161  162  157  152  143  199  203  223  209  218  198  200  217  203  221  214  198  211  202  178  164  184  181  188  182  173  174  175  186  199   27   48   36   32   42   30   41   36  
  3   10   11   14   17   22    7   10   19    6   10   24    0   11    9  187  125  141  115  130  117  140   65   63   86   91   87   64   67   72   76   29   27   22   29   23   17   19   24   33   43   30   32   46   43   24   37   30   27   27   46  117  124  126  123  114  168  192  178  190  168  183  194  165  188  175  180  174  170  192  185  206  226  213  219  212  217  202  211  222  206  220  185  173  165  182  185  191  181  176  184  187  161  163  174  171  158  183  179  176  170  165  164  163  170  150  154  154  157  166  147  179  142  166  163  181  161  116  123  128  120  122  110  126  109  107  126  106  101  116  124  101   87   92  115  116   93  116   90  116  111  104  182  165  174  178  173  180  162  162  189  170  199  185  172  185  182  178  171  185  201  171  185  185  180  175  167  211  215  236  223  232  209  212  231  217  234  228  210  224  217  200  186  206  204  210  205  195  197  198  209  223   36   60   55   50   42   42   57   54  
 11   16   18   20   17   33    4   20   26   15   19   34   11    0   14  191  133  150  122  137  125  147   72   72   93   98   96   72   75   77   83   37   38   33   34   34   28   24   34   23   33   19   23   40   34   14   27   22   18   24   36  119  128  131  128  116  176  199  185  198  175  191  202  172  195  182  188  182  178  199  192  216  237  223  229  222  227  212  222  232  217  230  191  179  172  189  191  198  187  183  190  194  167  169  175  173  158  184  181  177  171  165  165  163  171  149  153  154  155  165  146  178  141  165  163  179  161  106  113  118  111  112  100  116   98   96  116   96   90  105  134  101   88   93  116  117   94  116   92  116  112  104  182  165  174  178  172  178  161  161  187  169  197  183  172  195  192  189  182  196  212  181  195  196  191  186  177  213  217  237  225  234  210  213  233  218  235  230  211  226  220  207  194  212  211  217  212  202  206  207  218  231   40   64   62   56   42   46   63   60  
 12   19    4   22   25   27   11   17   27    6    6   29    9   14    0  195  119  136  108  123  111  133   58   58   79   84   82   58   61   64   69   35   32   23   38   25   17   28   30   37   47   32   37   53   48   28   40   36   32   35   50  125  133  134  131  123  174  199  184  197  175  189  201  172  195  182  186  180  176  199  192  209  230  217  222  215  221  206  215  225  210  224  192  181  172  189  192  198  189  183  192  194  168  170  183  180  167  192  188  185  179  174  173  171  179  158  163  163  166  174  155  188  151  175  172  189  170  119  127  132  125  126  114  131  112  110  130  110  104  118  121  110   95  101  124  125  102  125   99  125  119  112  191  174  183  187  182  188  171  170  197  178  207  194  181  188  185  180  174  189  204  174  187  187  184  178  170  220  224  245  232  241  218  221  240  225  242  236  219  233  226  207  193  213  210  217  211  202  204  204  215  229   45   69   63   58   51   50   65   62  
184  177  195  173  174  173  190  179  168  190  193  170  187  191  195    0  268  272  265  280  264  285  235  218  248  252  231  228  231  243  236  162  170  181  158  179  186  168  169  190  188  195  184  165  179  187  194  179  184  169  187   72   63   65   67   75   83   65   77   83   74   93   82   71   73   64   87   85   90   67   67  177  182  163  173  168  161  158  163  172  175  167   50   44   61   62   45   68   41   65   43   66   47   53   44   33   60   40   41   50   46   66   55   64   41   81   76   73   94   77   83   79   83   77   65   81   70  214  205  216  198  205  195  207  221  211  215  199  215  225  230   99  104   99   85   83  101   85   99   87   83   94   73   72   69   70   82   92   79   74   87   75   88   92   66  155  154  178  164  159  174  165  172  179  155  168  159   49   51   64   47   58   55   51   56   45   64   51   51   55   35   72   71   66   78   76   84   68   99  117  115  116  151  127  134  138  151  145  130  134  
127  131  115  132  140  119  129  124  132  119  115  120  125  133  119  268    0   22   13   13    8   17   63   62   42   38   40   61   58   61   50  128  117  110  140  111  110  135  122  155  165  149  156  171  167  147  157  155  151  150  169  214  215  204  202  211  211  242  222  231  216  217  235  216  234  227  218  214  208  241  234  188  209  207  206  201  212  197  204  210  190  212  243  236  222  234  245  239  244  228  246  237  226  224  272  265  261  280  276  276  269  271  266  267  267  260  262  261  271  274  257  288  253  275  268  290  267  235  244  248  243  244  232  248  226  226  246  228  219  232   52  211  192  196  222  221  200  223  194  223  214  211  289  272  280  284  283  292  272  269  299  278  308  297  278  180  177  156  160  178  185  158  167  162  175  160  159  306  310  328  312  323  307  307  321  308  327  317  306  317  303  247  233  256  247  256  245  244  229  219  232  247  147  165  147  146  161  149  154  149  
144  147  132  148  156  133  147  140  146  136  132  134  141  150  136  272   22    0   35   30   30   24   83   79   63   59   55   80   77   82   69  141  131  125  154  126  126  150  135  173  183  168  173  187  184  164  176  172  168  166  187  222  222  209  208  220  209  241  221  228  215  214  232  215  233  227  216  212  206  240  233  176  198  197  195  191  202  188  194  199  179  201  243  238  222  234  246  238  245  227  247  235  228  226  279  271  270  286  283  284  277  280  274  276  274  270  272  271  282  284  267  297  263  285  277  299  277  254  263  267  261  262  251  266  245  245  265  246  238  252   45  222  203  207  232  231  211  233  204  234  223  221  298  282  289  293  293  302  282  279  308  287  317  307  287  171  169  146  151  169  174  149  157  151  167  150  151  312  316  333  317  328  313  313  326  313  333  322  312  323  307  245  232  254  245  253  242  242  224  213  227  241  160  177  157  157  176  162  165  160  
117  122  105  123  130  111  119  115  123  109  105  112  115  122  108  265   13   35    0   16    5   25   52   54   30   25   34   51   48   49   39  120  110  102  132  103  101  126  113  144  155  138  145  161  156  136  146  144  140  141  158  208  210  201  199  206  211  242  223  232  216  219  236  215  235  227  219  215  209  242  235  194  216  212  212  207  218  202  209  216  196  217  243  235  221  234  244  240  243  228  245  237  225  223  267  260  256  275  272  271  264  265  261  261  262  253  256  255  263  268  250  282  246  269  263  283  261  224  233  237  232  232  221  237  214  214  235  217  207  220   58  204  186  190  216  215  194  217  188  217  208  204  283  266  275  279  276  285  265  263  292  272  301  290  272  185  182  162  165  183  191  163  173  168  180  165  164  302  306  324  309  319  302  303  318  304  323  313  301  313  300  247  234  256  248  256  247  244  231  222  235  250  139  158  141  139  153  141  148  143  
133  137  120  139  146  126  134  130  139  124  120  128  130  137  123  280   13   30   16    0   16   11   66   70   45   39   49   66   63   62   54  135  125  117  147  119  117  142  129  159  170  153  160  176  171  151  161  160  155  156  173  224  225  215  214  222  224  255  235  244  229  231  248  228  247  240  232  227  221  254  247  201  223  220  219  215  226  211  217  224  203  225  256  249  234  247  258  252  257  241  259  249  239  237  282  276  271  290  287  287  279  280  276  277  277  269  272  271  279  284  266  297  262  284  278  299  277  238  248  251  246  247  236  251  228  228  249  231  221  234   65  220  201  206  231  231  209  232  203  233  223  220  299  282  290  294  292  301  281  279  308  287  317  306  288  193  191  169  173  191  198  172  181  175  189  173  173  317  321  339  324  334  317  318  333  319  338  328  317  328  314  260  246  269  260  269  259  257  242  232  246  261  155  174  156  155  168  157  163  159  
119  124  107  125  132  112  121  117  125  111  107  113  117  125  111  264    8   30    5   16    0   23   55   55   34   29   34   53   50   53   42  121  111  103  133  104  103  128  115  147  157  141  148  163  159  139  149  147  143  143  161  208  210  200  198  206  209  240  220  229  213  216  233  213  232  224  217  212  206  239  232  190  211  208  208  203  213  198  205  212  192  213  240  233  219  232  242  237  241  225  243  234  223  221  267  260  256  275  271  271  264  265  261  262  262  254  257  256  264  268  251  282  246  269  263  284  262  227  236  240  235  235  224  240  218  218  238  220  211  224   54  205  186  190  216  216  194  217  188  217  208  205  283  267  275  279  277  286  266  263  293  272  302  291  272  181  178  158  161  179  186  159  169  164  176  161  160  301  305  323  308  318  302  302  317  303  323  312  301  313  299  245  231  254  246  254  244  242  228  218  232  247  140  159  141  139  154  142  148  143  
142  147  130  148  155  135  144  140  148  134  130  137  140  147  133  285   17   24   25   11   23    0   77   79   55   50   57   76   73   73   64  144  134  127  156  127  126  151  138  169  180  163  170  186  181  161  171  169  166  166  183  231  232  221  220  229  227  258  239  247  232  233  251  232  250  243  234  230  224  258  251  199  221  219  218  214  225  210  217  222  202  224  260  253  238  251  262  256  261  244  263  253  243  241  289  282  279  297  294  294  286  288  283  284  284  277  280  279  287  291  274  305  270  292  286  307  285  248  258  261  257  257  247  262  238  239  259  242  232  245   65  228  209  213  239  239  217  240  211  241  231  228  306  290  298  302  300  309  289  287  316  295  325  314  295  193  190  168  173  191  197  171  180  174  189  173  173  324  327  345  330  340  324  325  339  325  344  334  323  335  320  263  250  272  263  271  261  260  244  233  247  262  164  182  164  163  178  166  171  166  
 68   74   55   76   82   67   69   67   77   60   56   69   65   72   58  235   63   83   52   66   55   77    0   22   21   27   36   10    9    8   15   77   67   57   87   59   55   80   70   93  103   87   94  111  106   86   95   94   90   92  107  171  176  170  168  169  195  224  207  218  198  206  222  197  218  208  206  200  195  224  217  202  225  216  219  213  221  205  214  223  204  222  221  212  200  215  222  222  220  209  222  219  200  200  230  225  217  239  235  234  227  225  222  222  226  211  215  214  220  227  208  240  204  227  223  242  221  172  182  185  180  181  170  185  163  163  183  165  156  169   83  162  145  149  175  175  152  176  147  176  168  163  243  226  234  238  235  242  224  222  250  230  260  248  232  187  184  171  169  186  198  168  180  178  182  171  166  267  271  290  276  286  266  268  285  270  289  281  266  279  268  231  217  238  233  241  233  227  220  215  228  243   95  117  103  100  106   98  108  104  
 65   69   54   70   77   57   68   61   69   57   53   58   63   72   58  218   62   79   54   70   55   79   22    0   30   35   24   12   15   29   18   66   56   48   78   49   48   73   60   95  105   89   94  108  105   86   98   93   90   88  108  157  160  153  151  155  174  204  186  197  178  185  201  176  198  187  184  179  174  204  196  181  203  194  197  191  199  184  192  201  182  201  202  193  180  195  203  202  201  189  203  198  181  181  216  210  204  224  221  220  213  212  209  209  211  200  203  203  210  215  197  229  193  216  210  231  209  177  184  189  182  184  172  188  168  167  187  168  161  175   67  151  133  137  163  163  140  164  135  164  155  151  231  214  222  226  223  232  212  210  239  219  249  237  220  165  162  149  148  165  177  146  159  156  161  150  145  252  256  275  260  270  252  253  269  255  274  265  251  264  252  210  196  218  212  220  212  206  199  193  206  221   85  105   88   86   99   88   95   90  
 89   94   76   95  102   85   89   87   96   80   76   86   86   93   79  248   42   63   30   45   34   55   21   30    0    5   26   23   19   19   12   95   85   75  106   77   74   99   88  114  125  108  115  132  127  107  116  115  111  112  128  187  190  183  181  185  202  232  214  224  206  212  228  205  225  216  212  207  201  232  224  199  221  215  216  211  220  204  212  220  201  221  231  222  209  223  232  230  230  217  232  227  211  210  246  240  233  254  251  250  243  242  239  239  241  229  233  232  238  244  226  258  222  245  240  260  238  193  203  206  202  202  191  206  184  184  204  187  177  190   71  180  162  167  192  192  170  193  164  193  185  181  260  243  252  256  253  260  241  240  268  248  278  266  249  186  183  167  167  185  195  166  177  174  181  169  165  282  286  305  290  300  282  283  299  285  304  295  281  294  282  238  224  246  240  248  239  234  225  218  231  246  113  134  118  116  126  116  125  120  
 94   99   81  101  107   90   95   92  101   86   82   91   91   98   84  252   38   59   25   39   29   50   27   35    5    0   27   28   24   23   17  100   90   81  111   82   79  104   93  120  130  114  121  137  132  112  122  120  116  118  133  192  195  187  185  189  205  235  216  227  209  214  231  208  228  219  214  209  204  235  228  200  222  216  217  211  221  205  213  221  201  221  234  225  212  227  235  233  234  220  236  230  214  213  251  245  238  259  256  255  248  247  243  244  246  234  237  237  244  249  231  263  227  250  245  265  243  198  208  212  207  207  197  212  189  189  209  192  182  195   69  185  167  171  197  197  175  198  169  198  190  185  265  248  256  260  257  265  246  245  273  253  283  271  254  187  184  167  168  186  196  167  178  174  182  169  166  287  290  309  295  305  286  287  303  289  308  299  286  298  286  241  227  249  242  250  242  237  227  220  233  248  118  139  123  121  131  121  129  125  
 89   93   78   93  101   79   92   85   92   81   78   80   87   96   82  231   40   55   34   49   34   57   36   24   26   27    0   28   27   39   21   88   78   71  100   72   71   96   82  119  129  114  119  132  129  110  122  117  114  112  132  174  176  167  165  172  180  211  192  201  184  189  206  183  203  195  189  184  178  210  203  173  196  189  191  185  194  179  187  195  175  195  210  202  188  202  212  208  210  196  212  205  191  190  233  226  222  241  238  237  230  231  227  228  228  220  223  222  230  234  217  248  213  235  229  250  228  201  209  213  207  208  196  212  192  191  211  192  185  199   47  171  152  156  182  182  160  183  154  183  174  171  249  233  241  245  243  252  232  230  259  238  268  257  238  161  158  141  142  159  170  140  152  148  156  143  140  268  272  290  275  285  268  269  284  270  289  279  267  279  266  216  202  225  217  225  216  213  201  194  207  222  107  125  107  106  122  109  114  109  
 67   71   54   73   80   62   68   65   74   58   54   64   64   72   58  228   61   80   51   66   53   76   10   12   23   28   28    0    4   17   12   72   62   53   83   54   51   77   65   94  104   88   95  110  106   86   96   94   90   90  108  165  169  163  161  163  186  215  197  208  189  197  212  187  209  199  196  191  185  215  208  192  214  206  209  203  211  195  204  213  194  212  212  203  191  206  214  213  211  200  214  210  192  191  224  219  211  233  229  228  221  219  217  216  220  206  210  209  216  222  204  235  199  223  217  237  216  175  183  187  182  183  171  187  166  165  185  167  158  172   75  157  140  144  170  170  147  171  142  171  163  158  238  221  229  233  230  238  219  217  246  226  255  243  227  177  174  161  159  176  188  158  170  168  172  161  156  260  264  284  269  279  260  261  278  264  282  274  259  272  261  221  208  229  224  231  223  218  210  205  218  233   91  112   96   94  103   94  102   98  
 70   75   57   76   83   66   71   68   77   62   58   68   67   75   61  231   58   77   48   63   50   73    9   15   19   24   27    4    0   15    9   76   66   57   87   58   55   80   69   97  107   91   98  114  109   89   99   97   93   94  110  169  173  167  164  166  189  219  200  211  192  200  216  191  212  202  199  194  189  218  211  194  216  208  211  205  213  198  206  215  196  214  216  207  194  210  217  217  215  203  217  213  195  195  228  223  215  237  233  232  225  223  220  220  223  210  214  213  220  226  207  239  203  226  221  241  220  177  186  190  184  185  174  190  168  168  188  170  161  174   74  161  143  148  173  173  151  174  146  175  166  162  242  224  233  237  234  242  223  221  250  229  259  247  231  179  176  162  161  178  190  160  172  169  174  163  158  264  268  287  273  283  264  265  282  268  286  278  263  276  265  225  211  233  227  235  226  221  213  208  221  236   94  116  100   98  107   98  106  102  
 75   81   61   82   88   74   74   74   84   66   62   76   72   77   64  243   61   82   49   62   53   73    8   29   19   23   39   17   15    0   18   85   75   65   94   67   62   87   78   98  108   92  100  117  111   91  100  100   95   98  112  179  184  179  176  177  203  232  214  225  206  214  230  205  226  216  213  208  203  232  225  209  231  223  225  219  228  212  221  229  210  229  229  220  208  223  231  230  228  217  231  227  208  208  238  233  224  247  243  242  235  232  230  230  234  219  223  222  227  234  216  248  211  235  230  249  229  176  186  189  185  185  174  189  166  166  186  169  159  172   86  169  153  157  182  183  160  183  155  183  176  171  250  233  242  246  242  250  231  230  258  238  268  255  240  194  191  177  176  193  205  174  187  184  189  178  173  275  279  298  284  294  274  276  293  279  297  289  274  287  276  239  225  246  241  249  240  235  228  223  236  250  102  125  111  108  113  106  116  112  
 78   83   66   84   91   73   80   76   85   70   66   75   76   83   69  236   50   69   39   54   42   64   15   18   12   17   21   12    9   18    0   83   73   64   94   65   63   88   76  106  116  100  106  122  117   97  108  105  101  102  119  175  178  171  169  173  191  221  203  213  194  201  217  193  214  205  201  196  190  221  213  192  214  207  209  203  212  196  204  213  193  213  219  210  197  212  220  219  218  206  221  215  199  198  234  228  221  242  239  238  231  230  227  227  229  217  221  220  227  233  214  246  210  233  228  248  226  186  195  199  193  194  183  198  177  176  197  178  169  183   68  168  150  155  180  180  158  181  152  181  173  169  248  231  240  244  241  249  230  228  257  236  266  254  237  178  175  160  159  177  188  158  170  167  173  161  157  270  274  293  278  288  270  271  287  273  292  283  269  282  270  227  213  235  229  237  228  223  214  208  221  236  102  122  106  104  115  105  113  108  
 27   21   34   18   26   11   35   19   12   30   31    8   29   37   35  162  128  141  120  135  121  144   77   66   95  100   88   72   76   85   83    0   10   20   13   18   24   16    7   53   60   53   49   51   56   44   58   45   45   33   62   95  100   99   97   92  139  164  149  162  139  154  166  137  160  147  151  145  142  164  157  180  200  187  193  186  190  176  185  195  181  193  157  146  137  154  157  163  154  148  157  158  133  135  154  149  139  162  159  157  150  148  145  145  149  134  138  137  144  150  132  163  127  151  146  165  144  130  134  141  130  133  120  138  126  121  139  118  118  133  115   85   68   72   98   98   75   99   70   99   91   86  166  149  157  161  158  166  147  145  174  154  183  171  155  158  155  154  147  159  176  146  160  161  154  150  141  190  195  214  201  210  189  191  209  195  213  205  189  203  194  171  158  177  175  182  176  167  169  170  181  194   20   40   28   24   36   22   32   28  
 26   23   29   21   31    5   34   18   17   26   27    4   27   38   32  170  117  131  110  125  111  134   67   56   85   90   78   62   66   75   73   10    0   11   23    9   17   21    5   57   65   55   53   59   61   47   61   49   49   40   67  104  109  107  104  101  143  169  153  166  144  157  170  141  164  152  155  149  145  169  162  179  199  186  192  185  190  175  184  195  179  193  163  152  142  159  163  167  160  153  163  163  140  141  163  158  149  172  168  166  160  157  155  154  158  144  148  147  154  160  142  173  137  161  155  175  154  137  141  148  137  140  128  145  131  127  146  125  123  138  106   95   78   82  108  108   85  109   80  109  101   96  176  159  167  171  168  176  157  155  184  163  193  181  165  158  155  151  145  158  174  144  158  158  153  148  140  200  204  223  209  219  199  200  218  204  222  214  199  212  202  176  163  183  180  187  180  172  172  172  183  197   30   50   36   32   45   32   41   37  
 22   23   20   23   31   10   29   15   21   19   18   12   22   33   23  181  110  125  102  117  103  127   57   48   75   81   71   53   57   65   64   20   11    0   30    2    6   25   13   54   64   51   52   62   62   45   59   49   48   42   66  115  120  118  115  112  154  180  164  176  154  167  180  152  175  163  165  159  155  179  172  185  206  194  199  192  198  183  192  202  186  200  174  163  153  170  174  178  171  164  174  174  151  152  174  169  159  182  179  177  170  167  165  165  169  154  158  157  163  170  151  183  147  170  165  185  164  136  142  148  139  141  129  146  130  127  146  126  122  137  104  105   88   92  117  118   95  118   90  118  111  106  186  168  177  181  177  185  166  165  193  173  203  191  175  165  162  157  151  165  181  150  164  164  160  154  146  210  214  234  220  230  209  211  229  215  233  225  209  223  213  187  173  193  190  197  191  182  182  181  193  207   38   60   47   43   51   41   52   48  
 26   19   38   16   19   21   33   21   11   32   35   20   29   34   38  158  140  154  132  147  133  156   87   78  106  111  100   83   87   94   94   13   23   30    0   29   33   10   18   45   50   46   40   39   44   37   50   35   37   22   52   88   95   97   94   85  142  165  151  164  141  158  168  138  161  148  154  148  145  165  158  189  209  194  201  194  198  183  193  204  190  201  157  145  138  155  156  164  153  149  156  160  132  135  146  142  131  155  151  149  142  138  137  136  142  124  128  128  133  140  121  153  117  141  136  155  134  118  121  129  117  121  108  125  115  110  127  106  106  121  128   75   59   64   88   89   66   89   62   89   83   77  156  139  148  152  148  155  137  135  164  144  173  161  146  167  164  164  156  168  185  155  169  170  163  160  151  183  187  207  194  203  181  184  202  188  205  199  182  196  188  172  159  178  177  183  178  168  173  175  185  198    8   32   27   22   22   13   28   26  
 23   23   22   23   32    8   30   16   21   20   20   10   23   34   25  179  111  126  103  119  104  127   59   49   77   82   72   54   58   67   65   18    9    2   29    0    9   25   11   55   64   53   53   62   62   46   60   50   48   42   67  113  118  116  113  110  151  177  162  174  152  165  178  150  173  160  163  157  153  177  170  184  204  192  197  190  196  181  190  200  184  198  172  161  151  168  172  176  169  162  172  172  148  150  172  167  158  180  177  175  168  166  163  163  167  152  156  155  162  168  149  181  145  169  164  183  162  137  142  149  139  142  129  146  131  128  147  126  123  138  103  103   86   91  116  116   93  117   89  117  109  104  184  167  176  179  176  184  165  163  192  172  201  189  173  163  160  155  149  164  179  148  162  162  159  153  145  208  212  232  218  228  207  209  227  213  231  223  207  221  211  184  171  191  188  195  189  180  180  179  191  205   36   58   45   41   50   40   50   46  
 18   21   14   22   30   14   24   14   22   13   12   16   17   28   17  186  110  126  101  117  103  126   55   48   74   79   71   51   55   62   63   24   17    6   33    9    0   26   17   51   60   47   49   61   59   41   55   46   44   40   63  119  125  123  121  116  160  186  170  182  161  174  187  158  181  169  172  166  161  186  178  192  212  200  205  198  204  189  198  208  192  207  180  169  159  176  180  184  177  170  180  180  156  158  178  173  163  186  183  181  174  171  169  168  173  157  161  160  165  172  154  186  149  173  169  188  167  133  139  145  137  139  126  143  126  124  143  123  118  133  107  107   91   96  121  121   98  122   94  122  115  109  189  171  180  184  180  188  169  168  196  176  206  193  178  171  168  163  157  172  187  156  170  170  167  160  153  215  219  239  225  234  213  215  233  219  237  230  213  227  218  193  179  200  196  203  197  189  188  188  199  213   40   63   52   48   52   44   56   52  
 16    9   29    5   11   18   23   13    4   23   26   18   19   24   28  168  135  150  126  142  128  151   80   73   99  104   96   77   80   87   88   16   21   25   10   25   26    0   17   37   44   37   33   38   40   29   43   29   30   18   46   98  105  107  104   95  152  175  161  174  151  167  178  148  171  158  164  158  154  175  168  196  216  202  208  201  205  191  200  211  196  208  167  155  148  165  166  174  163  159  166  169  142  145  155  152  140  164  161  158  152  147  146  144  151  132  136  136  140  148  129  162  125  149  145  163  143  115  119  126  116  119  106  123  111  106  125  103  102  117  127   83   68   73   97   97   74   98   72   98   92   85  165  147  156  160  156  163  145  144  171  152  181  168  154  174  171  170  162  175  191  161  176  176  170  166  157  193  197  217  204  213  191  193  212  198  215  209  191  205  198  182  169  188  187  193  188  178  182  184  194  207   17   41   37   32   26   23   38   36  
 23   19   28   17   26    3   31   14   12   24   25    2   24   34   30  169  122  135  113  129  115  138   70   60   88   93   82   65   69   78   76    7    5   13   18   11   17   17    0   52   60   51   49   54   56   43   57   45   45   35   62  102  108  106  104   99  145  170  155  167  145  159  171  142  165  153  156  150  147  170  162  183  203  189  195  188  193  178  188  198  183  196  163  152  143  160  163  168  160  154  163  164  140  141  161  156  147  170  166  164  157  155  152  152  156  141  145  144  151  157  138  170  134  157  153  172  151  132  136  143  133  135  123  140  127  123  141  120  118  133  111   92   75   79  105  105   82  106   77  106   98   93  173  156  164  168  165  173  154  152  181  160  190  178  162  161  158  155  148  162  178  148  162  162  157  152  143  198  202  221  208  217  196  198  216  202  220  212  196  210  201  177  164  183  181  188  182  173  174  174  186  199   26   47   35   31   40   28   39   35  
