130

  0  492  931  133  578  570  781  891  298  785  948  922  297  241  971  880  653  518  997  966  595  143  652  423  741  709  922  321  126  779   46  430  919  143  115  693  288  205   83  393  641  665  897  948  699  181  286  120  377  738  405   56  537  914   83  214  428   91  214  907  529  517  988  232  312  915  505  884  735  104  426  671  476  422  514  753   86  869  712  924   16  717  977  842  334  939   49   98  117  252  445  290  404  170   40  684   51  816   30  642  983  487   53  382  551  344  579  568  340  234  189  561  465  225  754  467  979  969  892   13  434   16  616  922  117  181   40  257  306  315  
492    0  945  955  865  258  860  770  284  648  829  780   36  864  662  420  365  296  767  214  463  470  331  647  987  747  613  319  837  371  447  915  163  639  961  594  614  200  939   31  614  911  475  483  319  378  930  757  246  564  225  880  470  616  578  315  493  846  112  594  751  362  323  307  309  702  821  826  774  335  796  771  523  395   20  406  126  460  966  735  154  882  541   54  268  750  727  816   43  783  563   38  802   88  171  702  347  502  299  194  670    2   58  504  777  601  775  648  988  376  848  295  504  741  722  912  637  688  802   98   93  588   24  178  122  563  882   68   69  204  
931  945    0  766   99  775  541  656  342  476  184  804  482  553  144  365  735  996   56  645  576  922  290   85  158  934  103  584  721  869  471  199  632  742  886  892  984  921   85  401  524  273  990   25  980  345  849  517  477  332  473  371  837  898  144  295  820  270   64  932   35  500  206  452  601  848  839  614  991  120  849  235   67  325  955  643  718  247  100  347  265  418    4  593  127  531  429  985  210  122  959  117  610  339  402  395  828  572   72  269   87  747  450  972  862  872  486  981  917  902  846  581    2  542  788  502  388  220  544  471  761  384  541  781  698  153  924  703  813  597  
133  955  766    0  457  522  280  525  876  838  881  228  112  835  359  531  327  930   41  199  294  602  633  719  753   63  688  897  378  435  163  839  514   84  266  589  388  395  891  111  395  938  895  679   92    7  607  906  421  590  835  665  290  596  375  608  452  697  542  406  136  888  630  210  888  703  933  981  594  519  385  524  787  731  690  449  801  973  258  954  777  977  105  980   66  385   60  122  869  608  992  373  379   71  976    7  826   96  961  473  496  164  126  923  974  224   27  711   51  980  865   93  890  702  245   97  528  893  953  178  887  902  912  425  710  157  954  842   56  428  
578  865   99  457    0  801  757  394  803  147  257  940  776  242  177  687  603  563  904  607  822  669  881  402  681  107  447  488   89  182  794  676  996  361  859  400  461  788  719  422  187  402  567   55  326  100  740  471  659  914  761  404  848  149  160  744  418  636  772  755  910  163  115  436  817  405  593  826  731  288  792  587  529  328   94  405  288  541  933  324  275  282  606  223  606   68   37  699  454  105  131   77  650  239  197  676  120  263  253  850  673  599  261  104  349  737  756  790  140  996  967  494  764  895  235   95  396  329   29  874  911  877  959  678   82  735  834  376  831  566  
570  258  775  522  801    0  319  554  828  412  243  894  355  219  516  255  394  103  395  228  932  565  434  683  778    0  362  710  894  348  736  976  837  182  841  715  777  639  765  922  117  444  388  327  420  900  173  542  171  674  424    0  204  109  977  923  598  563  713  493  691  809  520  636  559  376  348   68  730  191  397  454   17  785  134  954  738  757  964  304  248   72  967  341  660  861  404  903  785  593   40  279  684  528  392  714  816  590  972  960  785  806  199  910   59   80  939  446  212  301  516   14  543  481  394  318  572  564  172  545  918  905  586  856  979   36  733  209  903  501  
781  860  541  280  757  319    0   44  342  109  737  327  565   28  541  505   54  516  345  323   37  248  427  135  903  141   77    2  768  938  666  641  475  707  454  107  639  726  230  379   31  335  980  734  794  272  957   19    6  596  486   74  738  342  460  203  257   35   23  666  566  489  980  618  866  430   59  842  590  801  370  363   25  591  587  618  540  955  460  567  743  555  934  456  356  375  322  146  242  159  639  212  575  147  404  279  863  713  631  785  333  431  163  117  285  852  994  313  624  733  630  821  769  871  307  117  189  638  266  435  453  893  740  702  528  222   31  415  613  666  
891  770  656  525  394  554   44    0  272  387   70  764  133  337  716  735  172  658  306  714  752  438  410  356  662  694  233  429  507  511  706  153  767  981  506  481  920  619  844  592   71  347  799  109  356  681  519  473  903  893  509  533  892  965  768  457  648  366  142  927  874  530  210  314  707   76  346  912  379  359  702   59  992  100  365  325  178  217  654  520   24  443  465  396  138  606  393  943  772   55  695  584   36  533  147  798  311  794  698  378  560  903  481  940  848  944  696  730  569  979  426  417  903  934  427  206  708  650  928  153  803  177  152  847  872  579  773   99  380  711  
298  284  342  876  803  828  342  272    0  137  875   91  438  732  491  865  392  871  347  726  645  920  316  434  535  491  855  835  744  879  208  217  160  450  357  349  369  616  484  775  811  693  570  797  485  134  754  301  363  115  663  538  222  529  850  655  535  621  288  498  305  721  284  890  790  425  836  549  670  447  527  627  579  315  549  501  868  157  449  692  823  176  123  266  686  740  709  275  209  532  168  588  849  917  590  186  747  486  624  349  551  191  453  635  126  429  610  439  977  326  175  653  700  809  681  182  988  487  882  445  948  845  727  159   80  258  909   90  718  629  
785  648  476  838  147  412  109  387  137    0  403  267  304  174   91  909  371  583  210  214  892  982  858  441  298   54  151  866  744  940  934  415  142  555  369  219  312  122  467   36  937  728  179  680  858  180  188  142  809  615   22  755  865  681  969  808  608  394  876  555  917  909  892  253  548  920  233  619  169  310  425  752  144    6  511  732  959  278  383  620  554  407  317  421   23   59  393  706  994  314  621  527  803  544  308  368  140  670  662  792  947  437  369  250  334  671  714  255  712  379  691  104  505  975  591  370    1  964  407  402  233  529  969  152   38  359  618  393  184  241  
948  829  184  881  257  243  737   70  875  403    0  982  667  526  437   67  562  587   21  465  475  426  900  284  510  640  636  975  988  482  423  188  601   16  332  588  527  484  199  421  174  153  247  830  334   86  713  909   33  162  568  952  324  219  658  992  958  984  683  189  592  553  417    6  218  347  349  536  114  811   25  410  189  694  908  851  389  335  376  496  523  123  275  468  328  930  193  505  861  217  496  180  895   93  698  901  759  560  622  591   27  646  817  138  765  267  513  726  288  611  614  431  275  526  997  413  990  762  585  330  250  847  161  533  924   95  525  298  219  212  
922  780  804  228  940  894  327  764   91  267  982    0   36  865  141  318  685  174  559  640  589  994   95  730  665  773  234  465  775  633   11  566  498  518  519  519  514    3  730  659  211  523  199  998  413  650  476  861  670  349  163  977  635  754  881  665  190  104  188  323  490  704  787  746  293  895  571  706  428  152  635  208   58   91  918  625   38   43  483  520  450  731  721  533  512  304  708  142  237  427  252  463  247  958   68  822  902  295  444  698  893  136  955  420  648  685  995  125  234  667   16  287   98  702  963  714  269  454  727  811   60  311  219  683  941  196  221  866  608  278  
297   36  482  112  776  355  565  133  438  304  667   36    0  868  758   52  625  431  989  624  160  316  821  283  398  418   30  606  502  160  537   54  715  489  938  382  388  110  399  501   96  415  506  884  588  312  849  905  113  761  100  603  131  915  216  694  517   17  554  977  341  871  827  551  685   83  496  988  457  455  476  432  510  342  619  344  420  229  562  195  801  312   84  927  639  395  236  541  861  373  184  222  293  596  324  482  553  184  353   21  983   44  386  287  790  524  454  446  147  659  909  582  779  756  436  733  726  175  653  704  711  943  559  209  248  394  407  835  632  359  
241  864  553  835  242  219   28  337  732  174  526  865  868    0   26  670  141  819  378  921  181  363  332  141  461  853  734  845  762  260  851  678  988  585  596  224   15  924  727  270  644  132  233  720  561  567  412  338  652  241  343  636  921  457  309  166  236  152  434  814  150  122  489  467  968   28  146  833  977  159  470  285  341  111  599  571  105   12  755  208  231  885  181  136  275  633  714   63  356   47  301  243  270  278  730  115  514  170  320   43  220  315  764  580  553  366  337  533  721  274  841  433  757  362  445  114  425  138  782  660  641  636  353  768   18  352  464  956   92   35  
971  662  144  359  177  516  541  716  491   91  437  141  758   26    0   28  794  436  417  979  393  998   96  912  471  306  324  979  894  660  713  636  442   79  285  676  926  276  284  833  141  100  759   87  810  598   94  498  978  633  301   91  488  198  362  886  194   89   97  689  572  163  290  505   86  941  690  617  707  594    8  771  971   57   94  534   30  739  738  267  977  455  816  639  676  428  715  759  655  997  296  906  801  651  565  792   63   44  223  968  478  258  371  653  780  204   95  692  506  251  727  622  190  268  504  904  892  268  595  623  908  777  376  128  152  698  817  623  467  848  
880  420  365  531  687  255  505  735  865  909   67  318   52  670   28    0   77  514  693  699  144  914  889  560  134  405  831  475  215  805  135  954  882  470  145   16  132  322  101  789  147  801  437  345  728  691  717  767  628  519  128   15  760  852  922  418  804  414  957   32  975  355  786  282  899  225  373  861  735  266  759  391  737  372  900  710  278  828  845  173  887  335  995  413   20  902  314  272  427  548   83  260  244  982  197  347  289  438   52  619  999   23  764  289  168  150  945  491  114  910    0  839   40  888  529  779  608   63  350  530  768   42  915  913  418  812  874  424  381  649  
653  365  735  327  603  394   54  172  392  371  562  685  625  141  794   77    0  137  458  201  161  181  759  796  937  111  893  424   88  631  314  162  915  718  521   21  950  469  948  936  835  785  608   15   64  504  594  865  921  941  866  861  873  520  799  880  847   31  865  926  745  236  367  807  958  557  141  612  325  786  811  446  522  289  367  706  358  418  977  679  522  477  205  857  967  392  614  709  505  391  120  707  733  874  521  388  937  335  771  599  670   44  805  172  409  124  887  559   19  189  427   76  865  896   81  488  211  154   26    6  255  892  657  677  886  968   52  142  891  862  
518  296  996  930  563  103  516  658  871  583  587  174  431  819  436  514  137    0   68   44  739  742  368  224  735  370  900  257  855  202  197  817   45  177  396  282   43  972  334   29   96   94  990  826  735  603  577  986  709  613   10  106  198  611  742   55  487  610  862   20  537  698  299   99   61  511  734  930  525   95  547  450  610  236  266  784  608  725  615  965  995   37  807  669  804  792   43  507  899  776  559   54  467  575  783   57  453  515  674  675  171  672  414  919  472  718  562  954  972  873  723   90  409  371  978  130  118  972  358  470    1  204  340    9  910  368  391   92  184  221  
997  767   56   41  904  395  345  306  347  210   21  559  989  378  417  693  458   68    0  323  626  593  347  832  895   12  640  905  647  302  746   63  362  217  940  209  883  303  473  533  492  182  763  275  285  320  261  909  240    0  673  899  627  614  950  185  755  547  968  288  702  888  297  530  345  415  964  339  163  906  397  779  828  667  322  570  252  872  442  248  927  629   34  410  470  544  627  332  160  709  515  992  157   13  993  570  271  634  560  152  328  310  131  541  335  244  142  669  991  353  840  454  300  865  754  493  413  484  182  574  494  579  696  118  743  585  758  553  995  270  
966  214  645  199  607  228  323  714  726  214  465  640  624  921  979  699  201   44  323    0  374  273  656   35  372  290  350  482  744  321  265  379  418  430  632  912  306  281  738  836  909  193  330  421  164   22  154  374  187  132  958  800  182  681  292  113   63  781  561  774  995  920  722  620  353  337  281  423  148  792  751  406  529  925  975  766  308   87  965  740   65  231  498  327  746  929  469  324  600  452  562  751  253  573  172  762  627  294  951  533  376   72  606  767  172  302  294  470  449  345  672  574  312  797  466  542  959   66   35  490   92  802  349  455  120  671   74  570  420  167  
595  463  576  294  822  932   37  752  645  892  475  589  160  181  393  144  161  739  626  374    0  964   48  983  542  811  664  223  257    6  814   88   47  279  283  763  137  718  985  271  359  710  394  342  373  548  321  374  697  854  128  365  230  128   81  170  219  177  681  298  504   40  328  894  985  201  228  351  244  519  431  920  875  552  773  404  878  909  536  995  569  863  699  452   54  598  252   80  204  504  744  115  699  783  397  877  267  402  282  940  821  931  383  168  274  746  829  109  287  106  440  378   75  338  212  698  643  222  741  862   63  502  357  938  294  409  896  252  979  116  
143  470  922  602  669  565  248  438  920  982  426  994  316  363  998  914  181  742  593  273  964    0  219  839  482  263  730  465  591  841  937   51  824  326  720  155  247  489  930  793  465  494  375  145  783  622  927  746  140  974  989  923  826   51  628  238   94  124  784  552  279  484  150  197  430  272  449  225  503  987  304  867   64  956  389  774  491  727  114  636  789  296  807  372  201  958  825  930   16  811  786  670  307  870  965   80  874  843  174  412  148  453  612  459  719  440  290  560  866  101  425  139  910  128  460  497  495  479  327  405  961  180  475  180  431  237  361  550  996  562  
652  331  290  633  881  434  427  410  316  858  900   95  821  332   96  889  759  368  347  656   48  219    0  770  111  317  454  895  917  614  743  565  752  496   95  782  922  486  916   58  890  193  125  615  590  872   88  339  466  954  295  478  466  871  597  120  930  947  196  430  153   33  249  855  968  939  402  351  873  619  183  393  144  548  477  848  103  823  193  218  659  818  346  626  779  801  685  898  207  594  339  470  419  163  318  890  552  242  503  335  182  308  819  219  367  433  673  964  488  313   34  100  161  194  844  206  714   47  885  912   74  670  134  160  512  383  118   13  759  384  
423  647   85  719  402  683  135  356  434  441  284  730  283  141  912  560  796  224  832   35  983  839  770    0  781  709  784  349  394  791   28   16  896  286  463  114  152  855  164    4  925  610   63  483  231  330  243  136  535  802  915  917  129  658  817   34  545  591  659  724  516  833  719  954  884  658  593  333  420   30  170  376  159  724  275  264    3  845  727  333  187  528  283  208  780  363  361  237   45  194  950  385  334  454  627  922  152  371  467  698   85  829  919  365  820  374  207  641  113  611  786  660  363  925  898  711  480  638  453  643  707  131  272  706  206  553   41  639  162  441  
741  987  158  753  681  778  903  662  535  298  510  665  398  461  471  134  937  735  895  372  542  482  111  781    0  333   91  265  990  148   83  311  634  657  890  700  676  408  832  662  981  267  871  463  742  518  957  634  793  162  457  587  485  864  373  203  473  430  573  993   52  298  279  431    0  344  379   79  111  605  434  424   44  314  152   96  101  249    4  341  927  844  473   76  391  585  749  448  846  729  230  708    2  950  829  903  214  532  481  361   27  629  251  963  932  406  649  991  402  272  769  458  641   80  798  950  791  205  136  332  662  876  282  321  160  715  499  879  355   34  
709  747  934   63  107    0  141  694  491   54  640  773  418  853  306  405  111  370   12  290  811  263  317  709  333    0  264  615  586  268   47  390  444  556  831  367  937  246  721  425  677   18  637  260  632  884  142  936  530  182  580  724  329  608  293  481   82  871  353  254  538   88  777  239  357    0  946  908  252  325  974  217   65  844  369  968   44  131  843  452  432  191  699  194  659  830  299  882  223  499  657  837  122  411  318  760  897  908  129  398  522   31   89  244  130   14   40  707  191  146  351  350  343  118  133  750  298  718   17  709  808  957  358  420  697  925  416   75  372  601  
922  613  103  688  447  362   77  233  855  151  636  234   30  734  324  831  893  900  640  350  664  730  454  784   91  264    0  502  578  569  747  127  695  854  621   74  267  834   51  808  590  149  400  112  822  298  636  967  133  562  192  331  280  185   19  371  968  637  955  732  162  860  591  211  711  562  349  630  709  167  632  956  709  630  605  124  813  201  251  686  861  466   31  599  818  140  319  570  557   83  275  221  103  869  306  979  893  618  809  921  144  529  584  665  606    8  670  502  733  103  609  651   19  917  665  692  393  517  672  687  566  425  942  792  981  379  810  551  652  297  
321  319  584  897  488  710    2  429  835  866  975  465  606  845  979  475  424  257  905  482  223  465  895  349  265  615  502    0  418  438  183  423   72  518  867  102  427  162  705  682  311  938  845  930  172  258  265  672  593  362  835    2  452  382  247  203   23  140   36  156  966   44  314  808   82  775  836  299  942  298  904  937  346  725  192  332  101   95  663  848  739  139  289  936  845  199  208   42  559  624  968  992  591  829  749   38  975  472  709  129   22  826  584  959  433  824    1  644  765   40  315  562  576  133    9  751  500  781  122  498  994  479  829  983  391  541  775  570  711  144  
126  837  721  378   89  894  768  507  744  744  988  775  502  762  894  215   88  855  647  744  257  591  917  394  990  586  578  418    0  463   88  880  947  417  980  895  947  420  330  534  675   55  650  209  565  288  995   41  118  663  744  730  617  166  935  843  278  523  246  214  340  105  926  929  310  455  845  244  808  380  468  474  221  936  934  119  238   64  346  308  773  428  517  260  467  878  883   55   97  577  839  358  911  215  732  669  423  802  936  595  414  443  327  780  442  263  357  899  425  353  736  771  943  913  604  562  120  207  392  267  241  436   52  932  408  661  143  927  616   69  
779  371  869  435  182  348  938  511  879  940  482  633  160  260  660  805  631  202  302  321    6  841  614  791  148  268  569  438  463    0  200  448  591  294   82  665  929  210  518  567  488  357  645  704  469  129  458   86  989  168  378  226  125  404  426  883  401  330  962  528  625  457  645  246  785  975  887  311  997  242  728  840  778  201  803  760   41  238  747  829   30  649  278  558  354   45  331  550  963  901  967  330  914   66  554  570  838  805  521  862  340  141  427  908  876  675  654   54  510  127   17  578  921    6  657  540   47  412  813  456  750  329  847  224  819  317   77  548  666  152  
 46  447  471  163  794  736  666  706  208  934  423   11  537  851  713  135  314  197  746  265  814  937  743   28   83   47  747  183   88  200    0  710  109  162  339  849  550  946  762  438  687  293  293   55  416  823  505  910  555  321  939  956  865  151  776  645  261  307  509  116  729  377   62  763  464  370  338  840  227  863  812  199  889  648  882  262  662  871  275  672  773  146  286  631  878  475  246  929  476  261  329  523  625  156   61  498  646  915  366   79  288  141  283  470  251  419  336  298  905  586  135  121  414  980   52  476  976  732  445  976  755  967  841  764  365  925   11  529  304  830  
430  915  199  839  676  976  641  153  217  415  188  566   54  678  636  954  162  817   63  379   88   51  565   16  311  390  127  423  880  448  710    0  112  858  818  539  106  576  153   60  940  423  207  615  584  338  683  534  705  442  876  146  871  922  614  538  650  558  207   88  316  958  445  423  964  737  870  293  301  328  588  703  680  559  221  281  585  813  153  444  198  130   37  108  294  817  488  370  697   40  947  531   93  339  187  367  398  638  458  442  316  962  888  700  745  552  757  658  539  744  810   78  948  927  269  793  604  146  920  103  815   33  233   73  795  625  110  757  785  566  
919  163  632  514  996  837  475  767  160  142  601  498  715  988  442  882  915   45  362  418   47  824  752  896  634  444  695   72  947  591  109  112    0  246  201  938  897  666  854  412  584  699   33  222  729  682  193  355  987  999  905  940  784  127  580  156  254  105   97  852  591  173  444  207  721   55   99  938  481  714  741  948  846  621  239  122  612  975  418    9  821   37  951  766  163  968  575  503   68   37  852  758  861  320  335  834  683  187  449  518  200  387  761  816  134   66  923  202  830  960   34  861  955  284  783   33  104  231  450  157  863  626  367   39   39  599  202  419   33  500  
143  639  742   84  361  182  707  981  450  555   16  518  489  585   79  470  718  177  217  430  279  326  496  286  657  556  854  518  417  294  162  858  246    0  799  577  780  821  515  255  896  698  207  675  628  903  920  972  561  623   20  973  614  599  229  393   17  644  126  667  535  239  297  668  675  181  112  345  495  353  358  715  326  785  293  771  132  769  222  128  691  431  527  832  691  963  941  143  509  496  873  935  679  551  727  860  700  682  320  495  835  780  918  721  352  754  540   35  116  424  856  246  610  888  302  852  638  651  624  181  382  212  330  924  991  815  618  673  253  137  
115  961  886  266  859  841  454  506  357  369  332  519  938  596  285  145  521  396  940  632  283  720   95  463  890  831  621  867  980   82  339  818  201  799    0  725  232  766  381  574  502  316  683   98  206  763  286  846  535  903  492  149  565  791  502  856  510  770  328  775  104   57  279   57  741  504  880  840  210  899  940  714  251   91  620  753   41  823  562  331  487  910  998  188  738  769  714  974  483  856  142  989  602  981   76  329  389  941  339  503  350  357  151  426  527  452  815   70  117  526  981  617  104  530  622  356  730  452  694  742  281  522  602  658  857  796   64  317  599  505  
693  594  892  589  400  715  107  481  349  219  588  519  382  224  676   16   21  282  209  912  763  155  782  114  700  367   74  102  895  665  849  539  938  577  725    0  464  589  935  723  591  873  675  877  574  129  196  696  657  971  260  392  927  186  788  592  150  354  813  672  937   68  535  974  487  305  428  657  673  483  757  454   72  414  201  597  794  304   13  198   63  742  385  436  734  267  349  414  902  824  365   51  232  432  143  408  180  205  874  987  792  509  412  700  418  814  235  368  763  548  433  424   13  458  448  253  290  509  286  326  463  363   23  327  389  956  308  186  282   85  
288  614  984  388  461  777  639  920  369  312  527  514  388   15  926  132  950   43  883  306  137  247  922  152  676  937  267  427  947  929  550  106  897  780  232  464    0  260  536  110  423  908  705   69  978  582  116  940  917  924  527  240  540  107  882  622  432  224   70  863  682  997  517  671  659  840  547  451  753  956  151  766  962   55  935  276  550  312  366  269  151  239  353  838  143  488  552  406  182  122  450   43  137  823  494   72  990  682    5  951   37  630  543  742   10  993  544    1  456  387  336  945  843  680  492  328  917  108  267  359  235   65  161  517  221  559  249  826  142  763  
205  200  921  395  788  639  726  619  616  122  484    3  110  924  276  322  469  972  303  281  718  489  486  855  408  246  834  162  420  210  946  576  666  821  766  589  260    0  229  613  143  794   81  481  995  979  659  523  308  764  185  897  972  581  992  884   30  969  875  506  551  673  991  544  513  554  400  592  437  985  462  145  313  781  677  954  621  658  669   29  472  262  175  891  575  312   94  769  809   87  303  723  911   34  968  711  164  644  482  568  117  115  348  694  467  986  179  367  141  662  376   73  175  434  657  668  551  225  936   65   18  523  401  905  898   99  174  255  725  195  
 83  939   85  891  719  765  230  844  484  467  199  730  399  727  284  101  948  334  473  738  985  930  916  164  832  721   51  705  330  518  762  153  854  515  381  935  536  229    0  803   14  513  664  537  759  337  566  207   98  597  764  574  814  730  745  924  728  190  103  191  937  660  441  306  826  106  437  172  666  707  317  511  420  150  659  402  642  287  892  923   11  142  201  890  944  960  854  304   22  624  149  862  217  308  237  448  838  416  205  202  518  997  947  928   91  254  953    4  103  518  577  588  205  854  721  347  840  334  601  670  671  464  498  699  968  927  875  491  503  957  
393   31  401  111  422  922  379  592  775   36  421  659  501  270  833  789  936   29  533  836  271  793   58    4  662  425  808  682  534  567  438   60  412  255  574  723  110  613  803    0  400  620   76   35   15  624  119  531  298  999  260  854  765  994  470   98   44  488  449  412  528   31  730  628   20   69  548  878  499  973  635  630  752  165   70   84   66  210  384  409  542  983  335  800  418  863  491  151  411  123  451  275  788  443   29  738  568  742  138  997  500  798  540  503   24  575  253  153  718  245  370   67  652  908  622  973  468  639  897  308  300  692  222  182   46  183  979  801  232    2  
641  614  524  395  187  117   31   71  811  937  174  211   96  644  141  147  835   96  492  909  359  465  890  925  981  677  590  311  675  488  687  940  584  896  502  591  423  143   14  400    0  313  667  834   10  228   63  571  518   93  676  305  142  238   43  379    2  138  177  604  135  328  761  597  100  386  431  743  757  599  534   69  514  239  390  957  561  813  113  494  525  589  820  418  895  561  723  712  564  263  147    8  800  466  955  806  874  619  894  563  992  682  857  228  165  659  145  260  104  391   61  647  130  675  294   95  424  336  620  810  717  767  764  774  614  793  830  184  102  701  
665  911  273  938  402  444  335  347  693  728  153  523  415  132  100  801  785   94  182  193  710  494  193  610  267   18  149  938   55  357  293  423  699  698  316  873  908  794  513  620  313    0  299  579  505  154  120  699  922  277  145  818  584  591  950  607  289  214  389  158  883    5  354   38  996  945  139   28  443  322  961  873   33  949   87  742  536  619  139  632  408  336  878  691  898  922   92  101   49  171  771  836  474   59  111  802  159  774  477  259  926  929  562  520  586    6  860  681  247  395  152  191  496  682  608  690   25    1  699  417  374  883   76   71  712  503  764    4  403  547  
897  475  990  895  567  388  980  799  570  179  247  199  506  233  759  437  608  990  763  330  394  375  125   63  871  637  400  845  650  645  293  207   33  207  683  675  705   81  664   76  667  299    0   17  181  874  666  987  748   23  107  141  166  546  409  904   99  159  732  366  949  491  886  581   17  303  653  832  874   19  679  484   70  576  573  305  809  922  911  632  230  547  142  598  173  682  621  758  374  153  719  946  562  365  547  117  655  406  955  622  940  661  700  780  686  402   47  822   16  407  256  493  902  615  218  765  760  731  244  105  172  806  806  704   35  775  411  250  711  991  
948  483   25  679   55  327  734  109  797  680  830  998  884  720   87  345   15  826  275  421  342  145  615  483  463  260  112  930  209  704   55  615  222  675   98  877   69  481  537   35  834  579   17    0  118  554  244  634  666  279  175  474  646  166   40  513  187  869  159   25  514  834   50  658  107  982   60  343  342  515  160   91  846  137  619  330  292  378  215  341  230  711   73  382  718  498  307  296  362  588  647  880  232  867  857  969  959  656  925  649  353  111  637  750  791  464  914  894  951  108  577  699  399  302   37  498   66  632  553  777   71  203  565  301  513  192  397  268  810  562  
699  319  980   92  326  420  794  356  485  858  334  413  588  561  810  728   64  735  285  164  373  783  590  231  742  632  822  172  565  469  416  584  729  628  206  574  978  995  759   15   10  505  181  118    0  159  455  328  839  384  725  965  867  155  547  652  532  730  846  805  567  542  927   14  573  401  198  746  509  853  624  742  375  733  407  289  415  434   96  990  954   76  264  545  568  353  412  658   88  521  308  119  715  149  881  300  528  113  757  216  209  632  364  706  155  253   47  765  253  234  847  247    3  830  984  541  257  280  728  622  703  179  749  707  655  931  255  903  372  508  
181  378  345    7  100  900  272  681  134  180   86  650  312  567  598  691  504  603  320   22  548  622  872  330  518  884  298  258  288  129  823  338  682  903  763  129  582  979  337  624  228  154  874  554  159    0  782  192  363  780  437  988  601  220  307  761  653  841  261  624  453   38  387  646  731  913  723  156  160  183  152  616   43  140  796  367  448  662  519  521  979  737  752  878  305  725  872  111  333   54  433  939  104  486  121  755  376  336  272  349  792  411  408  128  207  206  731  171  942  242  427  156  224  446   20  262  622  580  331  574  637  648  114  497  727  840  778  280  399   49  
286  930  849  607  740  173  957  519  754  188  713  476  849  412   94  717  594  577  261  154  321  927   88  243  957  142  636  265  995  458  505  683  193  920  286  196  116  659  566  119   63  120  666  244  455  782    0  152  331  821  250  265  641  130  209  630  435  510  141  411  786  255  363  694  235  644  497   86  738  571  528  329  728  917  907  799  627  183   31  106  579  261  862  879  316  199  436  119  567  329  160  380  368  693  105  154  252  939  320  929  251  660  910  733  273  548  781  804  571   23  324   39  505  744   54  693  787  801  503   46  701  152  666  793  495   17  272  238  641  126  
120  757  517  906  471  542   19  473  301  142  909  861  905  338  498  767  865  986  909  374  374  746  339  136  634  936  967  672   41   86  910  534  355  972  846  696  940  523  207  531  571  699  987  634  328  192  152    0  354  287  172  370  397  906   98  154  661  785  212  205   17  522  951  510  639  229  736  984  759  591  781  891  607  567  524  500  225  100  284  313  644  549   67  391  948  253  921  789  646  685  428   15  197   93  514  787  889  484  281  894  638  416  569  424  189  972   97  592  943  310  104   80  945  747  405  952   10  557  671   18  604   41  633  293  857   80  293  926  107   88  
377  246  477  421  659  171    6  903  363  809   33  670  113  652  978  628  921  709  240  187  697  140  466  535  793  530  133  593  118  989  555  705  987  561  535  657  917  308   98  298  518  922  748  666  839  363  331  354    0  316  345  357  248  526  611  831  518  864  863  887  448  545   11  738   17  959  358  731  504  518   97  433  872  682   92    0  420  933  538  216  590  227  923  790  607  525  396  897  752  514  903  283  640  113  936  176  712  929  151  592  459  891  476  144  507  761  579  932  397  510   63   26  724  995  928   67  411  922  422  574  916  694  524  647  112  863  910   54  542  546  
738  564  332  590  914  674  596  893  115  615  162  349  761  241  633  519  941  613    0  132  854  974  954  802  162  182  562  362  663  168  321  442  999  623  903  971  924  764  597  999   93  277   23  279  384  780  821  287  316    0  493  651  583  318  510  679  258  177  504   97  885   96  658  139  307  283  230  463  955  771  817  901  747  169  912  184  551  950  270  154  767  849   90   74  585  575  787  793  894  402  741  428  165  571   43  193   51  596  597  788  327  799  645  434  441   24   37   24  716  426  864  194  381  269  705  662  903    5   80  947  957  392   14  351  405  555   43  680  292  509  
405  225  473  835  761  424  486  509  663   22  568  163  100  343  301  128  866   10  673  958  128  989  295  915  457  580  192  835  744  378  939  876  905   20  492  260  527  185  764  260  676  145  107  175  725  437  250  172  345  493    0  644  705  318  190  512  655  810  571  766  573  847  977  631  259  618  925   12  431   62  832   19  406  826   37  363  898   60   66  717  208  687  686  487   97   63  367  458  786  456  253  289  960  186  987  401  641   70  883  498  453  806  731  686  194  638  739  754  484    6  564   61  865  146  930  114  395  841  641    8  782  957  119   51  463  443  238  954  982  861  
 56  880  371  665  404    0   74  533  538  755  952  977  603  636   91   15  861  106  899  800  365  923  478  917  587  724  331    2  730  226  956  146  940  973  149  392  240  897  574  854  305  818  141  474  965  988  265  370  357  651  644    0  296  102  689  540   47  944  508  684  347  540  565  451  432  586  709  268   54  155  725  133  108   54  169  821  437  292  642  614  161  751  544  348  176  296  640  623  713  392   31  751  287    5  380  838  914  677  231  591  740  871  292  541  348  939  668  806   63  144  153  507  389  487  320  798  605  645  568  738  950  620  920  602  738  889  331  209  629  790  
537  470  837  290  848  204  738  892  222  865  324  635  131  921  488  760  873  198  627  182  230  826  466  129  485  329  280  452  617  125  865  871  784  614  565  927  540  972  814  765  142  584  166  646  867  601  641  397  248  583  705  296    0   82  875  354  494  934  224   87   36   17  413  131  358   25  550  169  477   84  308  792  863  298  125  477  122  400  879  906   99   87  947  215  263  855  930  367  770  306  527  760  441  445  848  426  827  372  679  883  202   65  451  527  249  704  168  367  636  416  798  726  173  518  958  766  141  253   53  258   54  779  660  265  207  900  878  610  938  887  
914  616  898  596  149  109  342  965  529  681  219  754  915  457  198  852  520  611  614  681  128   51  871  658  864  608  185  382  166  404  151  922  127  599  791  186  107  581  730  994  238  591  546  166  155  220  130  906  526  318  318  102   82    0  694  360  279  436   66  229  891  784  655  718  727  111  503  420  716  427  968  263  285  835  491  587    7  707  273  589  537  757  827  732  508  679   63  703  413  423  227  249  251  298   76  220  841  237  389  399  877  650  782   43   69  391  405  613   18  310   53  783  730  759  723  476  409  467  943  776  459  349  248   74  636  314  791   17  945   51  
 83  578  144  375  160  977  460  768  850  969  658  881  216  309  362  922  799  742  950  292   81  628  597  817  373  293   19  247  935  426  776  614  580  229  502  788  882  992  745  470   43  950  409   40  547  307  209   98  611  510  190  689  875  694    0  285  608  547  474  430  689  828  949  405  563  710  380   90  448  849  787  464  872   39  794  670  809  439  815   36  401  929   55    4  449  740  387  854  431  178  372  837  827  978  757  715  571  240  469  567  269  743  118   94  712  368  718  572  213   81  937  230  366  276  890  584  633  940  328  836  547  329  530  735  408  481  957  102  372  388  
214  315  295  608  744  923  203  457  655  808  992  665  694  166  886  418  880   55  185  113  170  238  120   34  203  481  371  203  843  883  645  538  156  393  856  592  622  884  924   98  379  607  904  513  652  761  630  154  831  679  512  540  354  360  285    0  761  206  584  345  694  679  299  843  677  569  805  697  509  365  435  945  731  779  196  477  892  988  135  268  107  885  793  322  991  428  886  202  742  115  758  215  717  627   72    1   38  920  153  785  644  200  648  359  146  843  656  555  630  186  766  108  904  519  465  584  605  225  515  176  463    9  532  922  430  628  254   48  559  492  
428  493  820  452  418  598  257  648  535  608  958  190  517  236  194  804  847  487  755   63  219   94  930  545  473   82  968   23  278  401  261  650  254   17  510  150  432   30  728   44    2  289   99  187  532  653  435  661  518  258  655   47  494  279  608  761    0  806  369  173  469  572  672  158  993  828  125  245  517  602  967  149  836  248  404  123  975  731   19  426  262  983  308  870   47  757  798  215   95   37  777  240  488  893  430  306  413  431  374  357  362  297  875   98  221  967  567  579  706  615  180  954  949  102  661  700  716  329  374  277  796  298  754  199  246  617  842  571  842  423  
 91  846  270  697  636  563   35  366  621  394  984  104   17  152   89  414   31  610  547  781  177  124  947  591  430  871  637  140  523  330  307  558  105  644  770  354  224  969  190  488  138  214  159  869  730  841  510  785  864  177  810  944  934  436  547  206  806    0  469  643  482  853  545  421  750  780  285  558  701  291  371   69  736  328  205  366  317  275  564  727  475  262  908  800  632  114  642  807  447  190  471   32  339  697  414  837  606  895  722  342  705  616  839  960  431  890  374  144  719  896   56  656  622  685  273  813  190  260  417  288   98  438  889   19  568  863  279  482   99  353  
214  112   64  542  772  713   23  142  288  876  683  188  554  434   97  957  865  862  968  561  681  784  196  659  573  353  955   36  246  962  509  207   97  126  328  813   70  875  103  449  177  389  732  159  846  261  141  212  863  504  571  508  224   66  474  584  369  469    0  419  645  867  341  463  937  469  998  771  215  651  298  627  309  804   18  895  573  829    5  151  414  907  833  189  787  439  133  552  189  509  537  713   44   10  905  763  755  668  751  990  419  759  581   57  929  463  891  391  464  222  160   42  754   13   16  286  902  607  457  121  298  351  656  531   14  185   30  525  291   32  
907  594  932  406  755  493  666  927  498  555  189  323  977  814  689   32  926   20  288  774  298  552  430  724  993  254  732  156  214  528  116   88  852  667  775  672  863  506  191  412  604  158  366   25  805  624  411  205  887   97  766  684   87  229  430  345  173  643  419    0  500  417  992  515  419  293  169  238  291  624  720  243  645  422  911   90  618  854  579  771  397  718  446   59  779  349  512  751   14  263  953  273  911  912  942  906  162  753  730   45  981  217  315  450  330   94   64  272  807  412  796  868  632   33  275  327  465  339  997  259  140  941   12  820   53  638  683  500  649  963  
529  751   35  136  910  691  566  874  305  917  592  490  341  150  572  975  745  537  702  995  504  279  153  516   52  538  162  966  340  625  729  316  591  535  104  937  682  551  937  528  135  883  949  514  567  453  786   17  448  885  573  347   36  891  689  694  469  482  645  500    0  168  600  961  808  155  412  817  159   79  933  238  227   39  317  321  469   55   67  339  310  920  802  215  817  691  117  962  120  298  369   75  428  809  346  684  322  970  352  288  809  382  738  977  839  852    1   66  357  322  835   40  575  340  891  437  254  929  994  882  848  257  477  913  601  622  330    3  232  735  
