180

  0  805   50  124  345  317  665  263  342  411  267  496  362  825  185  317  916  883   33  915  579  473  908  277  871  306  561  833  222  950  581  174  832  859  904  483  325  154  789  864  461  168  500  991  704   34  456  426  943  830   18   94  597  338  866  335  428  363  655  907  843  317  274  239  986  379   68  349  142  543  100   77  238  106  496  630  422  523  140   69  863  381  861   11  219  850  353  326  785  999  689  923  144  458  829   64  994  379  998  885  185  320  136   94  342  434  743  708  596  313  416  272  892  570  892  841  796  516  736  172  353  569  673  177  315  291  858  522  534  765  483  421  644  759  869  142  657  703  481  527  140  579  498  458  158  483  377   78  470   26  977  175  626  461  630  295  972  234  262  624  557  517  159   26  131  336   87  384  230  851  163  682  749  588  933  808  834  897  467  852  
805    0  643  172  655  506    5  564  343  731  892  788  809  797  446   63  449  142  277  187  448   45  567  515  385  161  471  842  646  543  974  706  536  323  415  891  638   88  541  749   16  559  628  415  494   19  996  824  300  836  238  302  456  536  276  630  324  116  536  408  932  973  502  999  138  843  132   82   58  449  648  491  845  761  721  693  204  903  542  351  807  165  251   45  945  771  854  547   27   72  219  147  957  333  551  448  574   30  379  643  873  986  969  185  878  715  602  809  825  632  823   55  491  201  952   13  610  890  746  418  772  895  112  597  396  910  665   60  463  365  712  211  544  571  493   40  137  984  862  805  391  406  676  864  687  863  816  473  947  598  845  221   70  668  344  469  244  841  292   95  624  780  587  984  777  494  757  826  737  335  586  595  132  473  189  192  843  597  503  993  
 50  643    0  904  468  166  546  791  561  721  547  578  198    2  640  457  439  423  590  828  966  292  657   27  409  662  463  352  551  324  734  358  439  765  377  310  919  558  147  279  848  109   54  353  429  328  902  467   52  273  251  875  126  864  573  268  631  454  117  381   44  298   62  796  491  364  872  864  594  789  815  796  807  661  602   43  692   40  571  904  421  761  123  756  295  538  423  615   34  971  173  428  292  291  421  304  773  895   49  690  235  490  586  411  683  959  787  501  391  491  614  537  490  792  685  186  274  509  167  564  426  767  184  689  594  964  125  770  595  386  909   23  830  623  241    4   71  867  543  124  992  558  107  522  361  976  619  889  909  924  196  650  566  648  546  270  630  442  789  554  354  365  176  660  383  597  109  449  825  980  752  273  321  663  682  612  549  209  882  568  
124  172  904    0  839  592  124   47  609  518  471   35  326  291  704   39  654  402  418  247  740   70  962  980  143  845  198  467  545   60  548  804   41  704  794  545  608  207  189  915  626  151   48  567  194  702  743  987  358  726  118  522  799  436  693  314  656  593  122  735  170  281   43  147   78  528  231  354  611  947  991  314  545  577  120  464  939  340  408  802  969  659  699  238  473  771  277  731  953  527  338  311  504  242  690   32   49  749  732   90  984  974  353  102  780  344  613   50  238  779  244  165  890  925  131  944  812  196  934  808  970  826  394  361  290  947  532  828  556  775  367  719  493  249  579  190  226  439  671  889  361  376  539  772   45  178   26  408  248  721  471  435   99  787  689  127    7  541   37  803  729  244  525   24   84  127  105  551   47  923  251  273  985  663  525  760   52  787  638  976  
345  655  468  839    0  875  287  241  247  947  513  404  751  100  133  754  324  540    0  301  878  799  385  581  280  810  613  331  905  632  189  733  587  899  562  917  135   96  826  292   23  204  669  850  395  516  254   26  743  548  193  769  557  414  321  116  797  920  687  497  258   62  588  341  453  780  295  853   46  797  233  792  513  856  323  244  971   38  539  228  909  582  915   16  369  659  467  198  901  678  936  163  335  529  316  866  731  834  569  361  115   58  334  782  866  142  791  538  547   99  555  445  999  832  178  431  690  903  569  461  964   95  525  128  863  453  962  543  986  403  919  578   46  239  329  238  176  806  524  358  370  491    9  467  877   11  318   94  481  222  413  930  348  261  945  131  323  478  225  736  273  432  428  973  793  607   57  787  688  548  200  497  155  784  705  199  700   20  340  670  
317  506  166  592  875    0   10  985  631  835  808  162  830  185  754  326  905  402  112  222  760  213  579  139   91  305  308  903  700   51  340  404  331   11  494  398  131  449  898    0  648  218  487  845  445  693  176  596  580  543   30  941  500  847  223  801  459  199  256  885  444  640  397  371  580  180  262  422  792  789  808  440  111  573  205  641  217  522  824  163  211  803  819   62   84  826   11  949  361  118  631  344   31  875  456  324  331  247  636  491  380  316  984  431   90  316  386  762  699  370  705  618  744  256  627  520  531  315  691  571  652  479  703  736  364  286  613  456  248  984  385  394  141  188  904   99  431  763  600  102  622  889  326   60  977  513   80  102  847  393  212  587  181  143  229  960  356  586  750  823  617  331  367  848  579  297  100  897  585  600   55  459  632  671  915  336  208  880  559  975  
665    5  546  124  287   10    0  451  278  885  924  649  751  234  253   36  153  811  921  828  290  618  344  393  553  222  251  741  585  344  615  907  475  436  136  323  899  686  181   32  716  817  411  970  363  880  638  826  680  112  695  501  607  214  358   60  979  554  913  483  713  761  237  495  707  599  869  390  726  786  542   77  933  922  838   99  804   39  156  331  468  334  146  122  616  764   34  732  105   68  910  752  413  284  243  619  197  224  419  416  851  430  726  966  514  752   14   98   49  982  987  827  724  569   55  260  378  332  536  273  895  680   46  475  511  846  322  483  503  710  978  369  434  365  381  710  423  907  148  601    0  669  969  267  605  974  936  257  596   95  976  354  832  428  304  654  600  929   47  178  850   26  186  738  755  980  680  614  456  617  926  666  785  751  215  867  623  840  784  381  
263  564  791   47  241  985  451    0  723  244  602  417  168  689  913  524   54  894  977  277  788  820  951   50  857  761  897  797  532  922  926  220  336  439  404  479  160  919  980  641  582   46  615  327  208  712  198  541  618  446  571  759  470  940  201  612  673    1  752  262   28  227  359  892  641  866  816  551  787  438  719  705  885  881  187  760  188  684  650  212  431  301  930    7  465  766  952   41  984  887  858  924  884  286   24  122  694  255  439  579  139  202  211  866  656  124  585  546  859   73  424  894  109  913  700  448  186  537  803   79  692  544  684  531  439  447  383  294  531   46  885  493  859  993  329  211  840  832  404   72   26  470  880  319  761   86  450  474  659  506  581  996  116   24  352  437  193  263  469  100  125  764  357  352  205  357  456   59  266  936  842  794  585  610  312  465   21  996  147  405  
342  343  561  609  247  631  278  723    0  946    8  650  588  408  253  899  717  325  159  264  280  554  187  247  107    7  933  812  176  751  342   34  703  252  714  890  578  922  489  530  858  527  907  227  853  387  753  324  533  704  650    9  881  641  735   73  892  485  695   31  707  208  657   90  971  279  427  431  892  516  176  895  965  437  582  724  637  450  342  789  989  373  764  720  209  134  418  152  140  509   22  540  859  971  127   45  886  406  595    1  548  689  483  732  226  913  590  622  104   15  703  690  619  648   64  854  180  819  915  312  131  536  768  152  811  532  864  668  899  591  376  805  799  595  737  660   85  135  291  877  748  710  160  963  625  526  478  920  915   46  547   58  653  613  227  341  989  879  459  844  755  460  755  644  256  702  570  318  512  979  561  298  302  237  491   50  536  763  427  455  
411  731  721  518  947  835  885  244  946    0  989  892  341  911  677  844  994  321  619  223  822  662  175  668  604  877  179  993  774  130  932  928  822  866  551   96  146  170  317  349  266  441  501   32  507  110  842  721  221  422  602  980  416  121  363  872  283  569   50  508  214  168  377  357  998  878  302  669  265  850  409   14  215  122  268   95  585  555  403  873  213  608  556  667  449  851  282  512  486  943  867  210  446   89  712  415  934  613  928  181  234   67   77  957  752  404  568  957  144  445  520  543  354  823  296  276  223  693  456  706   65  411  658  864  331  479  664  325  453   82  441  900  986  772  632  160  798  282  446  227  905  474  929  200  758  666   89  517   90   87  988  813  978  457  345  779  444  621  148  496  900  798  845  349  834  827  142  770  831  692  502  324  889  574  138  879   10  964  130   95  
267  892  547  471  513  808  924  602    8  989    0    1  485  411  696  331   49  519  399   76  300  372   15  267  223  131  681  714  356  515  650  532  585  115  575  848  857   11  972  662  688  423  144   33   44  404  395  867   22  382  823  851  474  984  846  549  332  355  459  578  640  355   92  891  387  668  554  522  144  457  439  869  275   11  448  821  536  743    1   74  711  258  625  738  987  364  990   34  580  348  833  247  453  327  902  270  534  439   33  873  351  923  940  205   20  915  447    2  801   42  283  744  552  276  609  532  834  958  436  938  996  190  559  924  642  760  205  509  528  803  231  338  582  174  643  231  880  770  499  616  369  288  553  986  769  172   16  153  412  230  219  315  949  776  673  341  796   19   72  249  174  662  852  880  485  784  577  586  810  789  973  178  988  372  531   64  586  334  778  911  
496  788  578   35  404  162  649  417  650  892    1    0  133   92  976  949  794   66  789  515  675  748   22  491  821  805  586  459  368  890  902  513  250  599  501  127   47  824  148  512  894  825  291   68  351  763   31  705  465  853  103  853  509  697  649  544  701  447  508  900  759  277   45   56  343  476  723  863  680  874  610   81  227  571  427  378  237  984  681  465  645   49   71  846  179  701  698  685  508  318  518   74  413  726  873  248  309  845  293  214  374   45  247  642  381  628  346  720  527  474  313  727  901  380  999  558  218  238  163  488  878   91  753  803  678  161  626  611  791  328  251  340  173  981  163  208  473  268  684  709  315  156   38  200  673   53  880  494  309  226  455  646  877  652  360  658  400   33  222  695  359  250  497  271  326  137  612  318   89  932  624  522  113  231  805  985   82  102  111  366  
362  809  198  326  751  830  751  168  588  341  485  133    0  451  803   49  732  299  385  863  305  519   18  817  376   91  730  287   23  206  228  377  611  453  931  956  226  357  722   77  131   37  848  869  608  961  527  670  586  621  123  475  630  438  559  413  705   58  875  743  234  121  205  663  893  890  598  102  575  209  550   83  283  988  390  835  971  682  769  707  338  240  201  869  545  245  148  190  345  754   15  132  511  326  302  295  436  354  819  462  874  393  260  286  668  258  573  226  393   84  638  559  282  788  913  635  451  373  601  505  708  531  765  137  718  215  350  218  207  362  647  242  188  885  676  528  430  733  149  620  533  640  586  714  344  588  785  603  600  346   17  382   32   49  980  618  823  159  816  307  450  367  845  661  356  975  466  351  220    5  615  717   38  876  539  950   59  383  151  538  
825  797    2  291  100  185  234  689  408  911  411   92  451    0   36   75  983  907   28  327  554  841  672  877  310  114  143  339  118  336  719  394  387  988  995   57   63  989  129  818  615  199   94  120  790  900   15  947  163  502  287  189  322  975  959  678  240  122  801  102  616  723  746  232  627  860  378  532  600  742  283  506  757  184  948  452  513   38  371  289  472   10  444  557  246   43   54  912  467  522  856   51  768  629  474  674  593  600   41  775  627  319  183  472  858  735  158  847  254  694   21  134  532  570  842  968  499    8  690  238  228  794  911  845  622  447  493  846  235  735  942  112   83  674  578  604  238  175  604  298  924  891  543  867  353  210  460  309  462  220  617  503  500  307  761  858  427  661  533   43   60   47  216  593  940  387  545  682  208  885  568  410  529  325  309  511  968  834  123  243  
185  446  640  704  133  754  253  913  253  677  696  976  803   36    0  452   67  351  845  775  348  983  756   80   37  556  264  950   55  765  485  882   15  839  251  937  301  596  616  523  905  724  746  511  618  757  513   60   84  769  360  639   37  249  216  469  282  710  251  123   63  216  330   80  475   69  669   22  553  180  940  314  545  652  221   57  327  378  125  865  844  623  981   55  201  197  348  348  431  759  616  261  709  457    7  363  755  160  668  629  650  922  801  107  554  642  450  156  370  272  400  311  940  499  788  847  226  860  968    5  129   63  124  409  314  947  462  227  356  790  625  327  474  160  878  230  314  989  328  982   72  870  250  686  753   84  484  615  624  647  205   66  704  837  455  989  318  526  978  454   90  847  252  256    6  137  637  703  230  606  541  845  138  350  813  858  190  664  564  455  
317   63  457   39  754  326   36  524  899  844  331  949   49   75  452    0  659  811  987  256  203   93  187  664  737  447  578  915  289  272  358   56  221  835  674  759  633  460  889  305   51  141  560  487  651  151  590  499  961  428  333  880  392  388  513  613  642  659  542  881  964  520  835  482  343  660  899  865  635  280  800  379  121  165  909  155  809  615  382  373  311  787  282  227  763  995  747  850  666  647  583  101  529  961  795  841  618  869  957  938  829   19  198  474  499  348  612  121  456  420  389  261  569  284    6  830  816   34  367  162  603    6   64  498  304  255  605  368   22  841  325  755  936   95  670   48  113  989   78  585  156  152   80  614  715  805  834  254  388  981  483  138  911  869  124  841   99  478  341   13  684  353  430  542  885  548  298  398  834  702   49  849  440  174  552  931   58  120  909   68  
916  449  439  654  324  905  153   54  717  994   49  794  732  983   67  659    0  916  344  834   87  298  120  653  127  538  804  982  199  858  836  823  798  532  138  588  623  620  635  359  996  347  966  108  247  112  972  608  436   49  392  512  417  708  466  336  225    8  812  480  304  799  412    8  208  730  944  200  934  781  973  477  705  184  802  139  238  225   45  251  838  820  194  133  706   38   46  461  238  478  920  670  706  483  440  340  571  798  708  695  343  983  102  408  557  966  949  186  276  649  279  903  249  197  509   46  256  201  469  258  902  324  104  446  840  497  188   39  178  685  864  581  920  226   78  114  870  668  120  568  234  662  547   40  283  958  616  454  236  651  770  288  443  812  808  385  156  317  147  580  236   28  327  618  900  721  225  267  717  146  689  637  377   17  638  655  694  433   11  312  
883  142  423  402  540  402  811  894  325  321  519   66  299  907  351  811  916    0  180  502  850  870  882  675   62  955  929  454  200  665  595  208  107  408  492  300  112  239  152  586  357  918  481  662   75  518  981  403  277  378  267  598  111  761  379   97  151  681  614  971  893  121  217    6  739  478  352  777  912  455  220  126  305  919  226  810   63  113  606  236  770  284  592  211  762   78  871  430  370  299  108  375  235  245  626   76  238  761  234  344  252  398  896   91  520  734  872  117  739  765  472  337   39  149  565   81  322  472   90  372  988  440  849  280  569  340  848  803   29  755  436  535  339  472  111  933  734  808  817  904  879  852  401  147  128  926  730  924  797  798  459  501  196  805  850  450  548  468  458    9  647  185  931  786   49  256  906  771  897  541  693  601  626  294  196  948  827  621  282  635  
 33  277  590  418    0  112  921  977  159  619  399  789  385   28  845  987  344  180    0  135  880  239  547  728  987   68  184  570  173  482  995  804  502  698  254  417  368  824  697  318  333  566  594  724  529  342  528  276  420  435  308  370   16  132  373  648  878  719  625   34  616  313   63  572  665  246  950  621  656  315  987  458  325  688  440  875  991  353   36  265    9   28  941  216  641  223  186  691  277  381  422  356  729  528  727  814  156  744  801  112    7  968  150  703  660  938  447  863  315  800  566  840  449  237  263  890  882  578  882  740  200  958  716  441  789  421  250  968  584  319  496  408   63  415  216  578  151  385  622  260  560   94  879  731  296  513  409  946  110   90  557  198  614  931  729  446  250  500  772  273  684  666  637  992  132  258  706  809  217  432  927  877  515  810  861  886   16  443  657  545  
915  187  828  247  301  222  828  277  264  223   76  515  863  327  775  256  834  502  135    0  254  327  741  440  853   83  548  434  993  652  234  704  615  482  119  422  538  819  542  283  407   60  558  106  784  852   77  461  387  903  631  451  562  225  915  782  912  909   48   60  257  193  789  238  669  820   67  514  434   89  865  177  990  158  588  373  551  768  339  398  171  808  814  767   93  454  920  478  870  173  363  738  178  117  948  960  683   90  789  496  528    7  940  904  953  791  367   99  964  238  378  859  779  256  569  355  391  720  992  668  879   41  755  277  578  132  613  909  794  452  771  663  493  765  295  866  594  437  924  507  217  372   12  143  229  736  953  699  381  190  486  753  849  163  142  649  919  515  738  593  268  163  822  867  671  148  850  534  700  449  376  623  879  257    0  374  490  707  702  578  
579  448  966  740  878  760  290  788  280  822  300  675  305  554  348  203   87  850  880  254    0  331  377   94  195   55  959   72  408  400  853  209  709   55  370  639  595   73  171  308  444  480  840  628  379  983   86  324  173   48  690    4  737  666  684  507  181  154  888  278  366   66  704  487   58  428  500  565  200  214  991  114  586  547  639  641   30  220  893  671  501  669  640  155  474  985  894  411   72  269   47  195  460  610  271  788  995  607  209  392  284  803  410  980  478  451  348  460   46  708  169  187  832  367   65  154  566  858   95  667    0  638   90  730  765  865  410  341  229  892  397  886  438  756  245  918  181  138  713  508   76  851  122  829  461  349  359   94  209  776  382   58   60  462  326  532  715  822  990  759  755  925  961  438  232  303  551  776  821   18  198  242   83  653  516  346   29  652  268  912  
473   45  292   70  799  213  618  820  554  662  372  748  519  841  983   93  298  870  239  327  331    0  773  578  870  250  261  493  570  797  307  731  129  393  760  970  465  122  910  764  231  371  701  863  348  379  792  815  956  884  465  120  851  456  351  982  785  904  869  619  230  607  977  272  139  770  797  121  613  849  317  595  813  311  488  416  112  244  971  943  547  659  594  662  242  775  843   30  480   60  923  436  651    1  247  783  919  427  294  451  856  347   96  364  801  706  599  288  434  150  670  651  885  949  758  255  467  528  735  344  301  154  209  827  191  666  330  986  845  638   92  463  841  562   53  640  759   49   55  727  633  734  185  559  235  956   77   64  726  425   47  416  414  441  908  850  359  972   13  170  963  324  468  797  213  894  101  375  937  999   29  685  739  739  432  918  382  744  784  929  
908  567  657  962  385  579  344  951  187  175   15   22   18  672  756  187  120  882  547  741  377  773    0  356  738  415  236  141  375  941  362  551  360  569  513  367  392  734  509  207  901  531  753  651  905  436  248  785  245  901  933  295   71  211  255  222   97  224   53   41  399  475  997   81  388  143  669  899  397  914  358  158   42  642  350  518   25   55  358  573  380  920  321  281  764  304  924  281  662  549  245  795  442  970  256  147  517  952  531  402  984  858  970  554  389  278  370    9  816  104  693  952  673  737  397  430  869  412  437  297  237  872  889  617  275  256  589  853  338  614  509  961  790  895  858  704  493  249  485  193  596  878  395  369  346  547  764  969   56  733  199   47  143  882  685  378  709  677  788  619  314  156  803  607   61  201  615  515  378  784  769  171  332  172  203  271  695  677   62  884  
277  515   27  980  581  139  393   50  247  668  267  491  817  877   80  664  653  675  728  440   94  578  356    0  519  112  458  338   11  679  665  989  414    6  382  674  932  356  175  892  469  404  788  143  317  742  504  995  373  602  977  794  941  207  739  608  305  104  788  463  301  161  257  741  718  469  398  535  100  593  698   89  761  192  497   22  623   25  799  107  668  818  608  384  349  630  691  367  580  751  632  500  345  125  518  519  840   11  139  884  427  940  911   55  939  130  558  127  143  829  924  408  619   52  823  273  589  720  365  326  457  585  711  572  147   58  783  143  771  675  292  584  730  131   50  910  800  201  773  575  650   70  105  378  422  410  296  581  788  124   92  270  197  614  526  857  252  335  564  626  368  152  908    9   59  452  760  762  699  652  245  671  764  581  668  725  517   21  854  143  
871  385  409  143  280   91  553  857  107  604  223  821  376  310   37  737  127   62  987  853  195  870  738  519    0   30  446  723  347  749  272  378  879  159  982  882  987  729  212  385  624  703  882   30  148  900  996  333  141  263  987  226  406  127   92  534  974  380  758   88  776  762  678  573  973  920  631  199  312  835  574  469  434  129  876  282  839  572  915  392  555  505  784  674   86  666  883  740  329  830  612  618   43  686  451  397  869   13  842  978   40  620  360  114  758  833  147  273  904  378  126  967  830  653  105  601  893  705  341   99  895  677  620  252  493  158  674  826  958  224  508  341  513  211  563  391  295  981  119  389  530  127  192  423  913  915  557  770  405  548  121  503  791  582  469  330  932  395  671  609  761  864   71  569  129  713  652  169  888   21   11  767  951  910  487  571  212  553  470  492  
306  161  662  845  810  305  222  761    7  877  131  805   91  114  556  447  538  955   68   83   55  250  415  112   30    0  971  247    4  217  931  185   95  364  775  681  653  534  316  361  679  833  446   21  390  471  358  658  118  331  277  135  378  264   35  835  271  559  900  828  823  118  185  223  226  192  617  377  531  658   14  890  796  625  578  884  843   66  976  213   54  125  214  135  276  668  691  782  461  963  411  135  105  322  105  132   61  135  454  428  799   21  309  788  590  654  687   80   23  669  908  835  729  249  966    2  984  370  490  126   20  580  152  423  205  128  798  862   10  688  253  449  132  748  930   82  155  731  111  488  571   41  692  249  193  619  709  956  402  923  251  432  828  855  777   15  648  500  374  579  184  564  470  914  886   77  837  579  967  533  296  533   42  319   72  452  440  234  628  222  
561  471  463  198  613  308  251  897  933  179  681  586  730  143  264  578  804  929  184  548  959  261  236  458  446  971    0  437  429  220  854  389  514  305  937  313  986  889  489  677  615  343  643  570  551  519  994  951  225  110  570  780   43  923  298  608  299  323   31  544  165  884  511  892  577  455  573  630    7  101  166  477  196  924   15  992  250  877  715  848   86  767  947   78  641  952  797  162  298  726  181  144  363  192  521  185   41  345  826  636  173  209   23  447  740  686  636  208  741  142  663  708  393  856  265  277  731  799  547  466  629  541  279  793  433  374  705  448  667  844  808  683   72  203  442   14  838    8  418  211  307  347  848  305  430  693  348  388  303  677  913  872  110  290  740  524  785   95  470  656  585  622  250  643  866   65  536  345  892  275  153  627  550  950  166    5  544  145  575  309  
833  842  352  467  331  903  741  797  812  993  714  459  287  339  950  915  982  454  570  434   72  493  141  338  723  247  437    0  913  423  130  993  409  704  892  639  363  558  347  103  846  739  914  976   46  398  795  493  312  813  516  638  370  344  218  950  474  845  915  789  933  633  884  922  433  635  147  783  472  573  659   72  710  998  470  688  684  232  686  230  426  622  508  525  651  377  405    1  151  649  903    3   43  805   76  690   38   71  136  991  685  549  368  851  275  312  914  317  325  451  606  216  523  626  299  526  738  866    9  492  828   70  213   39    3  975  935  169   72  234  904  652  667  910  113  687  955  992  662  858  299  503  313  353  342  228  511  159  724  242  924  190  244  646  776   46  680  343  548  998  541  657  362  230  651  168    6  479  617  474  965  704  180  516  409  367  358  176  768  349  
222  646  551  545  905  700  585  532  176  774  356  368   23  118   55  289  199  200  173  993  408  570  375   11  347    4  429  913    0  100  882  201  382  476   67   93  842  283  216  571  671  954   79  462  593  697  468  810  648   24  429  356  811  327  364  743  680   21  479  946  790  845  918  263  390  616  945   22  131  919  233  715  585  226  457  206  343  949  616  244  505  607  708  328  135  277  462  747  559  322  899  472  283  525  893  624  945  210  280  620  627  338  147  928  602  741  398  213  309  410  302  116  382  503   46  775  222  978  167   51  955  405   35  419  733  836  885  695  621  435  883  659  905  862  920   14  217  656  419  968   77  187   42  199  219  404  262  519  966  359  940  521  230  726  534  133  520  759    1  885  388  533  938  194  252  892  275  288  262  124  102  240   97  738  259  301  518  487  357  372  
950  543  324   60  632   51  344  922  751  130  515  890  206  336  765  272  858  665  482  652  400  797  941  679  749  217  220  423  100    0  283  987  798  605  635  537  458  334  373  694  766  815  847  133  386  803  303  640  320  327  517  743   41  965  363  756  511  325   64  341  890  217  319  986  836  167  379  239  151  288  947  530  845  224  409  381  525  487  364  307  770  554  200  686  523  993  827  870  568  485  637   75  650  417  522  957  628  257  154  808  327  132  709  508  103  952  674    3  182  518  602  549  452  119  314  553  117  734  937  538  422  572  119  375  508  355  166  622  494  701  954  877  366  253  523  702  249  557   65  566  890  795  338  688  872  835  983  156  629  935  818  298  206   58  801  285  542  301  698  920  252  953  879  305  955  321  750   45  398  886  520   61  411   43  997  456  546  583  481  186  
581  974  734  548  189  340  615  926  342  932  650  902  228  719  485  358  836  595  995  234  853  307  362  665  272  931  854  130  882  283    0  591  115  806  187  413  233  110  903  477   39  598   87  845  945   85  276  403  473  174  345  136   88  593  200  914  501  631  842  340  944  467  302  821  880  580   48  220  692  745  137  574  868  985  897  546  479  437  381  252  220  283  949  962  304  253  800  247  762  470  577  811  301  493  800  207  952  216  301  817  369  370  455  738  577  570  924  914  883  548   49  857  344  836  696  375  845  993   72  589  521  886  687  882  874  525  212  449  600  644  173  481  518  358  742  650  435  100  214  594  211  536  884  531  334   67  547  562  611   10  991  602  282  506  892  204  455  704  797  801  363   72    0  337  862  302  286  784  967  855  835  994  377   58  257  137  504   70  415  859  
174  706  358  804  733  404  907  220   34  928  532  513  377  394  882   56  823  208  804  704  209  731  551  989  378  185  389  993  201  987  591    0  435  994  360  296  193  413  272  396  735  143  612  800  131  750  814  331  389  422  830   12  749  447  243  906  374  389   53  189  216  490  593  381  444  899  338  739  319  229  804  418  326  949  227  550  134  118   42  613  785  204  321  806  106  164  405  389  250  626  600  288  973   47   98  460  855  606  824   43  717  166  927  422  514  325  784  964  361  910  333  405  325  837  526  445  677  867  627   27  943  405  707  432  741  503  106  496  958  281  635  335  498  168  297   24  238   30   13  270  997  534  622  411  508  442  227   11   68  525  164  723  777  478  958  100  283  951  280  111  278  862  423  788  686  697  688  251  994  367  117  967  884  792  371  133  419  290  606   76  
832  536  439   41  587  331  475  336  703  822  585  250  611  387   15  221  798  107  502  615  709  129  360  414  879   95  514  409  382  798  115  435    0  692  590  986  467  152  301  367   12  125  823  397  637  581  636  470  379   56  316  235  665  533  542  742  982  293  528  791  487  104  325  700  589  249  274  336  682  292  671  198  340   71  427  149  548  452  167  934  495  279  769  232  708  652  984  459  899  870  131  883  436  917  956  249  319  715  436  386  571  757  421  609  645  207   24  775  183  740  616  531  617  865  231  550   63  894  395  865  166  544  868  111  991   86  341  121  478  805  228  661  686  414  879  845  840   45  758  114  258  899  909  484  515  269  311  605  426   73  731  310  774  852  272  884  118  376  489  528  999  452  215  966  835  673  437  319  151  127  878    7  309   63  841  205  837  867  630  854  
859  323  765  704  899   11  436  439  252  866  115  599  453  988  839  835  532  408  698  482   55  393  569    6  159  364  305  704  476  605  806  994  692    0  322  279  955  110  665  752  128  908  295  219  491  713  356  363  594  446  244  449  958  127  257  312  198   70  186  482  972  814  847  801  366  252  793  813  193  903  520  562  550  249  215  975  825  227  651  941  822  429  491  357  879  504  932  858  219   29  215  362  905  979   82  934  111  617  853  300  659  494  664  270  221  400  585  764  684  842  340  310  979  254  623  177  993  872   61  931  153   89  126  675  139  459   31  958  653  537  223  320  845  576  814  679  324  296  915  789   54  568  844  395  407  376  714  588  797  892  532  386  298   70  889  541  279   62  135  584   63  976  882  393  764  845  962  166  825  637  566  671  461  882  550  617  271  827  614   12  
904  415  377  794  562  494  136  404  714  551  575  501  931  995  251  674  138  492  254  119  370  760  513  382  982  775  937  892   67  635  187  360  590  322    0   91  502  335  187  686  304  967  178  368  308  888  128  156  639  149  532  563  646  619  424  549  492   92  201  867  604  548   35  199  301  981  805  927  973  538  566  331  275  162  921  481  382  553  755  700  339  559  499  862  689   51   56  131  239  314  549  300  893  669  871  106  474  573  429  936   70  776  552  653  776  693  476  644  795  930  737  168  627  535  673  292  753  295  402  576  673  580  828   57  473  931  746  857  747  663   67  482  762  579  743  659  468    9  252  229  597  810  665  472  338  182  674  879  679  737  315  134  348  697  217  958   55   85  162  105  756  151  486  147  885  490  178  810  757  582  269  213  749  811  722   46  510  153  587  817  
483  891  310  545  917  398  323  479  890   96  848  127  956   57  937  759  588  300  417  422  639  970  367  674  882  681  313  639   93  537  413  296  986  279   91    0  444   86  133  123   41  511   28  724  113  348   44  349  985  444  929  856  646  455   59  649  539  980  149  880  885   13   59  674   90  231  987  892  218  233  539  709  642  772  251  750  379   77  410  721  698   16   75  424  792  968   45  963  243  881  447  523  322  234  376  955  441  358  911  909  545  365  552  836  281  294  681   11  891  743  243   28  212  103  950  337   72  800   51   15  444  217   77  130  178  782  398  275  633  468  302  691  588  800  415  230  293  814  480  756  394  414  887  442  861   53  696  626  569  500  880  519  704  311  344  658  362  773  406  766  587  672  579  877  310  198  443  232   26  236  583  700  308  116   12  223  972  571   74  282  
325  638  919  608  135  131  899  160  578  146  857   47  226   63  301  633  623  112  368  538  595  465  392  932  987  653  986  363  842  458  233  193  467  955  502  444    0  524  709  811  320  523  137  621  139  908   13  799  405  590  903  647  281  274  903   66  640  774  235  326  275  228  624  319  956  194  720   83  129  409  299  836  509  671  936  724  910  671  293  634  241  142  660  691  493  325  437  374  838  295  969  365  680    5  624  555  699    9  919   70  674  208  943  722  218  683  635  611  465   88  699  617  155  835  247  846  293   60  669  750  666  382  431  602  156  407  872  402  533  232  201  671  400  931  587  781  880  906  667  408  934  832  194  344   19  646   38  698   66  620  517  910  335  836   43  233  321  454  577  590  936  637  269  485  275  994  857  558  138  473  251  925  568  809  881  122  481  318  383  522  
154   88  558  207   96  449  686  919  922  170   11  824  357  989  596  460  620  239  824  819   73  122  734  356  729  534  889  558  283  334  110  413  152  110  335   86  524    0  644  365  163  525  360  321  124  255  343  739  679  980  446  127  435  397  865  219  541  101   48  495  959  452  990  626  560  363  986  170   70  215  442  715  989  936  269   17    7  617  878  815  493  749  307  661  178  542   90  535  496  118  501  885  302  435  554  935   30  879  145  505  415   64  537  618  955  981  277  973  666  369  984   84  408  413  527  269  409  390  765   38  739  250  798  573  666  910  466  671  502  677  909  699  549  514   31  762  959  933  156  413  209  456  989  274  410  477  474  304  139   44  828  307  261  704  254  761  594  484  228  932  545  197  994  519  720  236  704  422  963  683  172    8   30  501  371  567  261  447  437  820  
789  541  147  189  826  898  181  980  489  317  972  148  722  129  616  889  635  152  697  542  171  910  509  175  212  316  489  347  216  373  903  272  301  665  187  133  709  644    0  579  696  689  852  198  879   57  711   50  943  355  128  798  258  643  949  747   14  805  915  268  656  485  235  538  367  381  975  305  473   17   63  661  873  114  641  367    7  446  520  880  444  647  783  627  510  446  282  480  262  152   17  301  380   75   26  368  293  120  294  146  173  650   31  130  146  231  631  965  733  334  931  918  875  443  879  515  166  866  178  814  247  612  269  736  188  625   87  245  444   96  371  588  130  976  593  575  142  550  415  152  384  866  336   92  647  258  632  959  476  609  769  717  289   90  512  537  768  494  216   99  211  232  916  902  672  896    5  308  588  365  535  434  711  327  179  977  373  707  870  710  
864  749  279  915  292    0   32  641  530  349  662  512   77  818  523  305  359  586  318  283  308  764  207  892  385  361  677  103  571  694  477  396  367  752  686  123  811  365  579    0  874  469  507  276  641  779  653  889  943   30  206  935  203  274  163  181  193  583  160  787  113   35  972  726  828  785  790  180   66  862  584  103  112  602  855  605  545  274  208  337  673   33  384  754  193  124  562  591  308  283   60  742  123    8  679  370  693  431  309  835  682  112  194  374  976  887   46  365  703   44  105  327  688  418  983  124  915  396  930  799  965  220  715  611   42  981  335   44  751   33  199  153  183  428  623  640  642  874   88  361  775  950  516  380  646  132  735  265  787  690   33  669  104  348  491  568  721  323   27   93  879  186  577  925  732  915  144  830  133  407  440  326  894  593  386  403  742  598  272  147  
461   16  848  626   23  648  716  582  858  266  688  894  131  615  905   51  996  357  333  407  444  231  901  469  624  679  615  846  671  766   39  735   12  128  304   41  320  163  696  874    0  451  708  404  645  634  894  706  137  229  540  867  623  101  482  637  506  926  544  866  968  684  157  841  222  812  413  795  273  320  864  642  446   12  541  790  644  733   57   51  476  409  326  672   37  955  621  295  140   20  884   36  453  159  147  977  755   85  124  414  154  811  427  844    1  220   89   62  157  338  333  750  901  630  293  214  402  694  792  713  204  553  669  894  869  854  843  167  840  341  900   46  808  633  857    8   58  155  645  154  375  236  871  706  309  326  822  631  537  727   96  658  638  539  172  827  129  765  316  946  703   26  377  787  717   47  677  190  176  502  329  432  344  980  281  969  394  408   49  910  
168  559  109  151  204  218  817   46  527  441  423  825   37  199  724  141  347  918  566   60  480  371  531  404  703  833  343  739  954  815  598  143  125  908  967  511  523  525  689  469  451    0  876   79  641  188  967   20  652  780  776  265  558  217  461  685  881  818  845  441  977  658  638   39  900  176   80  108  647  449  702  947   93  366  335  649  945  884  835  586  294  258  871  499  370  315  690   90  999  552  482  415  806  788  886  269   11  437  809  412  663  100   81  973  824  991  563  712  315  580  861   48  351  190  244  493  105  674  575  692  971  701  601  773   10  744  556   48  556   92  130  816  521   68  387  813  494  730  219  982   22  596  743  785  634  619  711  464   38  797  904  405   60  918  582  750  371  638  108  223  416  273  657  464  438  722  845  202   75  267  479  157   20  194  115  241  350  828  354  272  
500  628   54   48  669  487  411  615  907  501  144  291  848   94  746  560  966  481  594  558  840  701  753  788  882  446  643  914   79  847   87  612  823  295  178   28  137  360  852  507  708  876    0  811  453  197  627  629  397  397  110   82   66  601  546  959  892  623  438  465  975  399  329  434  494  266  138  655  895  456  427  722  743  956  453  927  246  484  791   41  433  439  550  853  315  551  820  768  724  717   13  884  747  902  417  133   24   95  935  824  527  940  848  430   22  784   97  486  303  741  594  656  891   22  487  987  920  927  747  242  977  604  538  198  739  940  739  701  856  903  530  916  667  792  959  467  755   81  929  374  388  767  431  973   87  401  597   60  568  689  272  404  258  696   95  162  972  155  297  512  456  850  711  565   61  598    2  515  425  920  221  676  949  502  345  486  334  208  351  834  
991  415  353  567  850  845  970  327  227   32   33   68  869  120  511  487  108  662  724  106  628  863  651  143   30   21  570  976  462  133  845  800  397  219  368  724  621  321  198  276  404   79  811    0  877  934  758  782  312  935  308    5  687  598  215  245  565   65  197  423  966  354  367  912  632   16   57  185  549  459  696  971  133  317  891   97  671  384  233  176  308  572  204  401  621  400  557   55  170  344  286  869  189  394  120   25   99  242  209  438  897  966  908  137  231  529  922  464  148  557  201    3  782  415  938  504  795  610  153  447  956  542   23  764  374  853  503   69  995  732  491  608  166  467  565  742  962  158  319  775  955  624  411  674    5  972   23  218  214  195  701  972  147  298  646  992  805  602  432  936  994  695  642   70  592  912  759  390  474  972  277  352  955  843   49  104  856  682  161    5  
