155

  0  664   74  484   30  631  866  186  167  213  406  817  798  686  435  242  314  175  952  987  271  574  827  558  818  860  556  234  849  928  686  463  589  381    2  164  864  716  382  977  574  894  138  985  773   62  386  638  808  735   10  120  249  292  486  925   38  538  971  633  150  578  175  699  381  897  851  654   53  251  239  214  150  162  273  235  808  737   46  706  321  750  445  628  934  499  497  214  864   71  301  255  409  367   24  837  715  519  851  509  572  542   66  693  442  663  363  503  907   15  662  900  915  143  710  780  333  779  235  880  756  931  446  579  723  173  162  181  486  571  645  183   28  479  111  322  770  805  318   34  607  843  760  384  582  649  925  239  908  908  336  373  248   73  313  
664    0  326  702  232  155  914  906  481  405  935  798  447   28  684  599  425  766  388  838  471  596  631  825  864   34  955    3  574  643    8  143  534  687  901  126  272  402  752  837  981  778  625  442  461  421  207  419  643  388  755  896  548  255  283  193  828  138  489  750  663  447  860  314  444   60  277  534  368  415  234  399  171  421  848  784  882  273  741  781  272  851  935  436  953  337   45  697  823  888  284  894   85  864  240  352  185  715  925  665  105  832  651  454  611  320  306  119  138  403  677  149  725  367  676  148  688  493  688  792  805  887  704   42  729   95  384  792   43  512  437  629  377  902  110  880  894  232  401  602  600  815  831  463  983  617  138  519  859  122  518  845  720  849  775  
 74  326    0  690  665  818   84  667  895  485  490   15  217   97  861  970  310  245  455  780  435  605  875  991  742   53   56  645  656  440  658  480  562  283  590  282  639  591  916  404  488  343  215  260  659  567  494  972  773  306  439  859  191  542  708  915  593  494    8  532  577  269  393  796  919  926  828   92  447  107  725   47  373  991  777    5  368  350  826  980  464  333  791  159  413  436  728  477  434  665  470  683  708  570  868  336  130  163  179  120  249  774  725  991  978  801  832   37  886  230  914  453  961  938  773  544  142  480  247  462  839   89  775  401  758  559  770  612  826  147  526  739  997   58   63   17  241  318    8  956  197  620  717  696  646   32  610  316  687   40  898  150   39  767  595  
484  702  690    0   63  132  244  244  907  387  450  615  917  979  594  421   52  813   32  554  614  103  392  868  715  109  705  794  709  903   30  335  668  709  241  375  357  880  660  586  697  650  528  335  945  353  708  400  570  703  520  413  110  636  340  825  859  467  348  415   44  195  966  124  569  470  993  247   12  816   43  598   82  477  841  971  280  379  228  644  199  945  703  784  884  809  881  754  330  658  924   72  874  788  686   90  916  692  232  158  529  200  796  578  604  730  715  514  296  460  968  320  906  557  551  133  682  611    6   68  534  668  552  567  710  445  288  782  381  540   92  582  496  359  810  639  917  531  913  105  650  570  408  629  474   78  978  995  562  931  210  951  640  649  108  
 30  232  665   63    0  604  420  438  415  335  748  691  611  625  891  484    2  119  817  380  707  902  418  705   33  396  896  927  911  667  704  322  686  767  499  664  303  848  255  224  171  738   14  200  987  774  839  260  417  143  970  642  648  185  802  139  288  747  915  217  762  264  644   38  381  258  723  213  230   84  421  430  779  970  844  765  725  418  917  877  319  468   22  265  675  653  632  419  892  637  214   95  589  107  204  717  127   39  466  469  458  918   81  117  992  904   63  166  254  474  528  555  290  761  922  651  639  503   76  575  464  254  757  295  648  409  844  243  262  907  718  730  653  426  128   48   63  175  918  919  994  272  621  822  496  527  782  146  908   14  671  146  691  520  938  
631  155  818  132  604    0  827  359  732  667  672  500  367  665   39  840  572  288  198  355  583  749  954  975  173  791  825  167   29  464    7  151   68  119  540  940  718  387  129  460  902  701  443  569   43  262  860  649  404  424  920  246  225  820  560  588   26  246  432  663  697   85  702  829  188  450  712  852  309  118  562  764  356  245  574  190  282  413  114  120  962  387   95  580  221  772  841  159  866  596  133  425  965   43  205  844  976  636  594  528   18  922   39  457   81  812  338  584  864  873  890  674  247  231  884  200  601  962  517  863  620  292  500   83  557  342  301  180  153  956  515   21  138  425  538  258  907  168   13  345  384  355  295  271  778   44  739  524  503  975  199  526   10  457   76  
866  914   84  244  420  827    0   87  813  692  862  181   49  153  800  657  762   93  841  200  221  919  347  390  802  410  180  125  215  256  158   24  941  539  143  740  896  778  965  608  202  933  243  192  643  297  117   18  806  594  171  116  313  193  307   68   71  152  916  371  176  317  823   46  419  477  872  277  393  345  913  555  433  421   60  175  451  744  423  808  511   80   37  339  579  293  697  430  610  369  769  258  955    1  184  431  166  186  136  182  942  108  988  905  416  648  478  744  260   76  385  131  416  940  101  414  246  135  960  934  689  747  404  389  131  792  815   84  628  556  978  440  792  192  956  676  277  956  164  347   19  874  880  910  109   96   42  878  723  747  779  933   12   17  393  
186  906  667  244  438  359   87    0  245   93  907  807  822  674  912  820    6   82   93    5  405  326  745  240  387  706  781  186  415  431  745  659  937   74  497  951  239  923  517  886  443  878   62   61  333  229   44  285  314  894  533  593  978  412   54  478   10  492  486  467  245  924  331  369  895  977  882  977  182  592  854  349  581  187  493  648  800   77  130  276  705  574  425    1  108  682  279  224  887  435  557  163  233  181  819  498  500  556  779  361  535   20  858  273  672  135  922  884  408  611   12  101   14   25   60  899  230  110  702  241  781  623  511  483  289  189  627  143  788  906  467  645  905  841   81  613   72  715  443  198  375  358  866  760  781  171  630  335  170  490  781  308  436  247  974  
167  481  895  907  415  732  813  245    0  301  709  661  832  939  382  718  630  913  850  381   94  532  626  678  479  616  341  450  420  855  834  608  193  899  910  590  321   11  739  919  369  968  850  843  281  851  421  399  403  584  138   15  514  179  207  803  514    2  899  472  405   87  768  349  698  596  850  997  113  680  917  304  832  813  510  679  156  915  355  283  435  816  153  319  335  396  329  599  943  714  529  280  341  981  348   26  328  234  402  931  801  268  848  599  546  930  794  529  942  718  796  339  672  103   43  175  373  279  770  807  957  447  585  367  775  503  320  742  629  382  378  786  523   28  847  293  501  702  168  834  723  964  212  810  982  486  977  818  705  923   57  522  778  777  379  
213  405  485  387  335  667  692   93  301    0  496  300   38  598  135  974  944  719  990   62  439   13  487  768  946  407  230  117  908  183  311  590  762  181  243   75   13  900  534   45  538  958  206    6  445   21  311  433  467  300  798  260  481  162  936   17  106  198  279   91  965  857   86  510  728   94  960  749  808  349  445  341  651  844  553  347  302  599  477  821  962  848  135   92  668  333  233  195  949  213   12   91  968  431  581   38  992  682  121  829  400  989  931  487  970  333  282  809  237  394   77  172   36  452  472   47  121  374  967  601  767  121   62  960  562  421   91  849  277  951   34  865  834  326  217  851  435  234  578  384  999  253  677  516  945  203  700  452  536  316  208  217  741   99  324  
406  935  490  450  748  672  862  907  709  496    0  936  475  289   86  753  335  672  344  144  302   15  469  392  604  526  404   37  111  384  347  791  442  291  823  696   52  866  731  760  538  651  792  923  906  827  978  694  963  718  802  632  345  491  159  457  174  374  386  612    3  563  352  691  270  275  565  842  773  528  795  842  996  536  635  882   36  676   57   86  153  789  949  497  259  991    4  480  672  391  219  636  660  615   63  792  577  136  994  179  848  769  295  239   26   46  802  234  276  556   60  191  837  491  957   21  968  558   45  594  854  158  469  348  261  640  481  813   95  316   13  352   71  700  380   21  863  406  585   34  133  669  657  321  356  170  339  418  739   58   22  557  894  701  150  
817  798   15  615  691  500  181  807  661  300  936    0  789  255  823  319  586  894  807  578  800  726  961  985  435  265  447  890  255  221  357   84  856  625  834  607  449  491  593  488   75  697   21  375  449  968  507  183  761  649  207   46  236  890  578  424  785  331   71  964  271  528   84  376  277  288  302   10  591  772  380  201  453  428  533  427   26  110  251   26  100  314  960  536  602  649  480  863  640  997  797  989  267  131  719  306  573  164  252  332  475  660  415  341  252    4  350  577  667  976  329  941   82  592  227  969  591  516  982  296  231  293  111  531  130  992  655  876  189  602   12  836  796   46  627  600  603  314   66  971  357  808  936  367  216  776  319  996  695  333  871  416  778  724  529  
798  447  217  917  611  367   49  822  832   38  475  789    0  908  130  262  434  845  321  785  941  809  856  756  474  714  754  610  128  360  304  882  274  196  569  915  745  432  289  446  605  351  675  201  103  173  643  889  443  958  453  622  382  578  400  140  714  828  796  236  648   28  491  159  462  615  240  141   40  831  278  151  499  584   85  976  612  941  252  660  410  305  410  454  507  488   94  631  329  153  192  775  534  653  575  469  653  626  131  439  976  298  698  794  261  403  474   35  465  406  755  715  568  128  720  457  356  475  458  415  779  969   44  485   77  823  921  398  579  908   56  102  466  991  891  225  255  633  168  568  657  993  518  570   10  850  363  643  775  154  967  473  103  423  488  
686   28   97  979  625  665  153  674  939  598  289  255  908    0  606  426   89  820  775  163  894  626  998  205  751  173  340  159  577  333  512  287  992  156  242  328  353  382  599  655  928  944  891  261  898  308  817  644  841  272  878  248  426  180  316  157  227  760  186  490  662  739  773  564  986  923  334  726  379  788  179  470  710  488  722  623  668    0  657  914  513  147  128  442  345  790  837  139  201   38  168  684  196  258  959  924  653  970  509  421  193  242  855  349  163   54  641  977  446   41  649  852  491  318  741   16  853  463  746  802  129  636  528   48  994  425  759  132  897  885  524   57  581  377  913  753  592  353  597  654  113  889  948  231  986  144  716  883  629  455  138  462  234  332  225  
435  684  861  594  891   39  800  912  382  135   86  823  130  606    0  157  733  664  603  439  537  468  448  448  628  514  251  604  880  700  829  441  287  742  506   83  624  163  849  695  501  908  891  880  476  252  999  589  370   45  425  779   72  871  367  316  513  348  916  245  136  612   97  651  426  416  357  321   79   44  806    9  797  634  307  785  442  299  834  520  681   63  448  706  639  694  355  707  500  314  876  406  984   95  663  926  447  319  531  891  937  633  292  860  228  135  542  119  577   55  419  473  486   59  174  948  395  201  595  270  471  260  521  165    7  819  725  735  165  638  396  108  789  619  616  726  615   38  354  719  537  738  583  784  954  652  405  485  460  877  336  717  246  798  910  
242  599  970  421  484  840  657  820  718  974  753  319  262  426  157    0  124  796  202  911  401   99  460  678  363  498  900   28  268  700  354  846  597  937  892  729  219  665  782  635   91  215  498  217   92  270  453  634  381  970  222  437  718  500  746  331   51  675  422   75  390  242  916   39  448  276  299  102  324  431  467   82  763  858  431  336   56  805  170  449   58  948  925   34  342  603  620  260  887   10  586  942  896  428  293  456  709  112  556  806  677   28  863  455  298  208  761  916  573  812  484  571  789   18  735  357  505  615  537  248   65  774  519  231  959   37  391   27  175  476  945  408  765  648  417  732  169  322  428  419  370  560  778   34  818  121  869  955  103  399  620  408  371  909  169  
314  425  310   52    2  572  762    6  630  944  335  586  434   89  733  124    0   77  712   18  819  824  490  953  319  139  858  649  174  245  790  258  567  839  902  281  927  281  503  788   70  880  955  358  999  599  309  690  251  434   69   48  227  919  336  612  316  736  478  475  579  172  820  119   88  138  308  897  910  748  654  124  263   43  362  237  918  458  481  783  138  952  490  389  449  400  992   96  553  445    3  186  515  983  848  547  678  379  222  875  126  332  741  808  725  318   50  450  992  576  488  784  917  987   60  794  921  598  837    1  543  910  310  704  932  554  666  325  848  146  832  138  253  124  629  690  182  398  291  681   96  817  411  181  275  341    4  373  374  566   54  148   81  421  880  
175  766  245  813  119  288   93   82  913  719  672  894  845  820  664  796   77    0  948  412  542   48   93  278  946  946   84  486  652  660  768  902  425  735   71  585  296  643  192  853  349   93  649  498  402  445  247  604  366  903  448  516  424  304  212  111  602  834  493  807  171  221  815  542   78  853  273  743  479  643   40  316  786  161  122  425  580  351  355  606   78  453   90  804  477  613  155  751  577  412  432  160  165  297  494  958  268  476  325  667  948  567  363  429  141  839  402  586  309  573  369  363  641  457   79  140  807  113  303  669  233  570  841  948   54  730  465  252  106  159  813  327  648  307  926  117  536  999  229  551  157  204  474  698  641  505  768  502  568  632  298  170  390  273   55  
952  388  455   32  817  198  841   93  850  990  344  807  321  775  603  202  712  948    0  256  559  888  148  795   50  241  658  479  804  915  704  796  278   79  956  475  385  233  685  621  588   47   31   60  817  183  705  365  412  332  482   40  970  929  422  909  349  575  947  526   48   93  299  422  635  904   40    2  661  418  777  647  297  465  657  463  503   99  633  745  296  495  421  777  554  974  990  551  180  681  689  219  119  673  108  452  934  401  389  154  122  878  620  599  636  854   99  603  726  226  924  125  997  955  487  731  650  805  938  307  250  203  773  609  556  657  414  301  351   50  189  361  422   73  121  889  597  226  710  263   26  777  122  944  119  273  411  538  705  195  833  927  534    0  435  
987  838  780  554  380  355  200    5  381   62  144  578  785  163  439  911   18  412  256    0  318  788   83  705  356  363   60  919  535  369   64  411  835  244  112  996  567  168  456  432  798  575  544  709  110  315  293   57  840   39  574   58  920  175    5  459   23  720  598  670  656  693  405  406  226   41  835  530  296  540  276  434  522  920  205  900  556  469  333  300  736   97  872  915  243  203  382  459  344  416  765  183  626   33   29  780  789  280  402  671  290   44  483  154  161  631  785  793  661  460  899  612  409  331   23  605  566  446  281  914  456  590  835  195  728  885  321   71  179  671  695   36  973   67  179  738  801  816  428  605  863    1  726  101  452  421  831  407   17  845  999  566  946  473  947  
271  471  435  614  707  583  221  405   94  439  302  800  941  894  537  401  819  542  559  318    0  940  640    0  767  874  599  422  112  510  408  561  922  305  566  662  415  132  804  514  499  704  277   26  975  322  599  743  372  333  440  884  670    8  713  186  814  859  126  127   57  401   60  962  287  207  494  894  958  374  195  381   27  544  612   59  964  593  942  197  292   31   81  982  473   39  532  827  154  156  421  623  364  950  609  459  362  639  205  737  109  229  424  380  711   62  484  993  755  500  688  365  388  968  397  564  693  625  389  482  845  367  698  608  451   97  149  546   87  513   47  324  857  973  333  161  329   91  956  666  575  872  806  814  530  886   54  258  771  369  340  293  468  821  721  
574  596  605  103  902  749  919  326  532   13   15  726  809  626  468   99  824   48  888  788  940    0  876   44  468  332  513   84  269   30  432  957   22  235  484  437  969  576  821  885  920  417  654  313  883  535  941  524    7  288  769  213  602  163  888  375  210  930  823  354   37  987  282  951  236  498  857  552  228  830  313  232  132  529  911  402  365  523  579  394  223  573  783   14  820  753  636  958  277  577  130  447  137  973  344  637  865  916  156  157  748  669  485  719    5  279  805  147  162  334  304  658   67  648  236  139  514  398  307  488  235  962  719  104  227  571  383   71  302  250  688  141  363  194  625  125  576  346  651  248  737  368  455  487  804  738  327  294  298  773  583  563  643  586  882  
827  631  875  392  418  954  347  745  626  487  469  961  856  998  448  460  490   93  148   83  640  876    0  652  810  305  365   44  537  354  104  448  137  102  181  541  469  293   84  810  223  691  110  230  905  772  925  670  900  689  224  296  701  908  763  211  410  630  828  379  562  471  681  221  536  504  491  623  974  662   71  572  842  764  653  510  924  273  820  319  104   80  834  998  950  282  787  648  194  400  501  937  396  330  698  713  965  232  366  708  353  557  379  695  675  768  578  334  760  637  707  109   20   75  800  586  949  528  387  818  362  238  262  285  780   37  252  435   46   83  950  219  170  394  123  213   83  748  746  769  915   50  159  848    5  424  768   29  365  386  114  946  429  931  781  
558  825  991  868  705  975  390  240  678  768  392  985  756  205  448  678  953  278  795  705    0   44  652    0  412  370  833  799  744  169  972  324  753  430  815  131  628   64  343  538  950  945   25  845  799  290  599  148  942  224  160  348  348  905  573  806  402  107  765  870  963  547  824  280  150  791  632  338   44  485  986  539   24  647  934  811  524  676  184  767  495  273  361  282  722  958  474  785  674  124  348   78  733  145  300  528  838  150  335  417  256  680  795  381  721  148  390  337   60  753  207  766  207  195  766  311  742  301  988   56  321   44   76  344  949  650  533  939  714  807   49  300  891  923  235  782  120  768  293  555  849  226  316  730  387   56  400   62  418  180  951  638  138  131  504  
818  864  742  715   33  173  802  387  479  946  604  435  474  751  628  363  319  946   50  356  767  468  810  412    0  664  712  243  785  307  976   92  542  229  259  201   49  366  151  221  932  304  274  798  612  154  582  474  600  962  698  391  382  466   13  474  314  347  519  511  367  732  579  860  367  785   22  906  264  980  522  637  328  384  246  428  432  849  243  937  376  458  248  757  690  569   48  642    3  800  366  663  245  644  950  557  664  831  666  945   21  163  432  909  260  429  311  862  952  638  777  259  502    7  504  743  448  319   11  958  224  964  141  879   14  604  506  247  623  765  981  439  514  969  705  283  957  190  348    6   91  193  862   29  188  111  220  326  158  291  970  141  456  535  405  
860   34   53  109  396  791  410  706  616  407  526  265  714  173  514  498  139  946  241  363  874  332  305  370  664    0  248  450  308  284  683  351  856  864   91   99  759  563  448   78  207   62  546  436  825  711  342  420  986  755  388  381  720  110  723  813  142  716  446  818  552  423  559  656  990  665  123  167  391   75  579  164  966   23  189  833  800  914  608  666  453  506  546  446  708  951  641  996  757  285  888  722  950  612  900  163  387   70  748  735  518  753  454  164  522   92  886   81  372  257  169  107   40  888  172  948  709  594  834  335  209  174  488  778  276  353  497  747  544  853  832  970  386  794  202  906  678  952  782  399  677  561  362  878  500  961  127  299  426  366  284  924   88  177  635  
556  955   56  705  896  825  180  781  341  230  404  447  754  340  251  900  858   84  658   60  599  513  365  833  712  248    0  435  788  837  170  352  889  370  486  589  516  415  976  101  412  948  777  935   95  140  454  524  716  401  859  458  338  529  611  148  200  357  639  317  756  601  772  361  653  286  829  124  769  751  236  136  623  321  992  127  867  223  178  593  795  216   60  105   64  377  246  492  741  122  119  712  840  583   98  888  977  332  303  839   49  947  244  526  137  777  936  728  597  125  607  885  511  327  364  358  523  290  306  224  501  929  151  856  727  424  697  304  196  940  835  277  504  856  807  519  320  605  779    1  479  935  459   85   18  116  234  731  549  367   66  487  839  873  701  
234    3  645  794  927  167  125  186  450  117   37  890  610  159  604   28  649  486  479  919  422   84   44  799  243  450  435    0  750  422  371   55  320  535  504  921  231   76  616  380   23  456  920  852  204  254  600  586    5  727  302  584  650  831  278   20  152  324  154  516  395  222  894  851  911  796  701  642  333  486  530  695  853  636  585  590  587  224  827  615  958  277   75   75  994  543  985  964  687  502  116  110  740  311  305  115  712  537  967  326  258  607  298  253  694  396  435  765  101   49  413  999  680  644  752  753  948  141  150   28  496  897  300  653  888  458  219   54  710  134  643  712   28  373  168  122   31  674  475  628  935  130  777  355  221   84  605  309  232  154  248  788  796  957  633  
849  574  656  709  911   29  215  415  420  908  111  255  128  577  880  268  174  652  804  535  112  269  537  744  785  308  788  750    0  367  163  272  982  768  989  231  208  737  201  362  560  487   25  896   25  967  183  219  619   40  345  632  489  379   17  321  408   53  239  686  751  586  254  870  522  894  110  851  801  242  608  683  181   59  581   45  612  505  686  581  151  706  338  229  657  936  423    9  494  291  756  100  901  927   75   61  214  592  249   39   36  245  264  447  156  162  488  606  536  809  764  887  591  857  394  331  328  986  528  817  967  890   87  643  288  809  319  331  395  517  443  522  622  460  685  171  970  311  497  250  860  537  792  539  164  263  544  326  866  982  796  230  469  378  316  
928  643  440  903  667  464  256  431  855  183  384  221  360  333  700  700  245  660  915  369  510   30  354  169  307  284  837  422  367    0  193  302  428  360  837  372   79  575   96  113  527  864   59  888  179   70  411  353  466  237  896  617  115  767  942  493  465  251  473  816  882  756   52   22  977  557  646   87  176  121  767  919  534  885  348  527  330  921  935  601  462  154  725   48  190  867  603  684  967  896  405  899  963  823   56  668  462  513  215  388  846  387  867  744  322   80   51  832  145  636  260  496  357  689  636  848  458  847  261  802  413  541  359  219  467  373  279  666  931  974   79  718  532  384  950  798  247   50  125  822  282  336  153  182  213   88  782  562  906  453   94  210  735  664  863  
686    8  658   30  704    7  158  745  834  311  347  357  304  512  829  354  790  768  704   64  408  432  104  972  976  683  170  371  163  193    0  373  505  482   42  310    2  352  760  676  270  797  730  997  389  933  559  526  913  586  384  297  927  685  446  438  803  960  703   11  188  278  960  355  312  410  854  896   31  196  277  685  799  224  311  681  587  560  681  770  608  880  631  359  407  981  411  312  370  409  106  145  507  382   74  240  485  357  963  879  694  642  716  360  921  691  628  211   39  362   87  524  918  494  536  178  952  832  884   30  155  370  894  215   21  715  567  636  848  947  949  627  289  636  784  539  736  747  150   23  683  238  468  414   16  577  656  312   14  890  880  823  411  755  568  
463  143  480  335  322  151   24  659  608  590  791   84  882  287  441  846  258  902  796  411  561  957  448  324   92  351  352   55  272  302  373    0  777  867  140  787  884  671  845  407  196  386  102  416  343   28  115  575  997  934  369   18  559  282  312  423  489  957  897  864  418   89  994  314  920  320  776  540  859  120  283  125  790  903  519  392  995  313  970  236  739  349  590  459   60  235  856  454  710  780  931  795  650  589  709  663  361    3  123    8  574   80  485  681  517  800  149  771  404  483  205    6  321   40  681   99  576  566  512  330  225  165  256  233  321  916  940  100  552   46  800  891  822  398  475  335   73  136  827  258   41  271  148  224  921  172  425  890  679   34  731   95  388   18  518  
589  534  562  668  686   68  941  937  193  762  442  856  274  992  287  597  567  425  278  835  922   22  137  753  542  856  889  320  982  428  505  777    0  742  570  369  757   91  378  244  675  978  461  977  910  943  573  904  439  231  914  244  894  647  776  331  876  638  431  100  299   74  110  407  387  244  591   92  181  363   36  830  331  280   33  580  859  369  610  654  759  272  446  414  865  763  245  185  842  953  788  635  325  823  158  728   66  534   74  500  138  132  238  638   48   57   25  227  519  337  103  187  737  144  207  363   73  518  127  259  653  580  376  555  534  956  416  499  858  454  431   11  121  420  100  133  839  444  558  298  800  673  819  751  120  146  748  967   62  629  281  980    0  444  250  
381  687  283  709  767  119  539   74  899  181  291  625  196  156  742  937  839  735   79  244  305  235  102  430  229  864  370  535  768  360  482  867  742    0  140  690  539  318  172  263  607  755   73  407  669  752  786   91  211  229  190  928  302  139  168  188  139  200  330  487  158  279  622  799  392  626  830  417  106  540    5  658  487  132   64  526  917  932  850   48  525  155  927  211  462  343  138  717  106  276  568  157  715  578  413  191  762  444  958  357  362  664  654  460   98  510  716  730  951  104  935  276  424  937  866  986  651  492  941   73  110  802  963  174  956  283  194  179  190  341  660  124  255  272  634   34  559  387  982  409  273  204  554  857  560  990  512  702  777  391  655   99  596   48  566  
  2  901  590  241  499  540  143  497  910  243  823  834  569  242  506  892  902   71  956  112  566  484  181  815  259   91  486  504  989  837   42  140  570  140    0  513  142  891  715  159   61  298  791   97  692  521   32   73  629  894  168  126  489  592  443   17  870  587  267  671  288  929  306  150  637  620  433  544  779  839  988  303  427  376  906   57  102  123  560  855  510  406   12  495  640   26   46  197  722  527  522  536  224  238  182  243  362  481  506  647  242   19  644  119  744  133  653   97   74  357    5  595  811  601  444  812  367   48  533  765  643  483  415   62  263  717  241   57  860  819  731  204  501  221  348   53  924  208  986   26  966  374  399  589  766  627  696  803  806  223  165  695   62  397  881  
164  126  282  375  664  940  740  951  590   75  696  607  915  328   83  729  281  585  475  996  662  437  541  131  201   99  589  921  231  372  310  787  369  690  513    0  361   26  340  446  361  145  455   63  752  813  210  499  407  426  902  492  867  318  241  581  306  259  221  912  250  190   97  602  683  911  820  188  277  447  314  606  512  175   99  570  811  222   27  514   51  810  325  433  176  440  424  663  152  143  451  491  437  189  754   90  946  860  569  341  687  955  724  987  610  742  618  639   91  793   82  205  168  545   66   86  692  762  427  782  216  997  440  797  504  243  981  977  651  262  449  861  199  314  571  128  123  939  430    1  486  440  795  907  771  658  922  474  852  585   38  514  516  465   19  
864  272  639  357  303  718  896  239  321   13   52  449  745  353  624  219  927  296  385  567  415  969  469  628   49  759  516  231  208   79    2  884  757  539  142  361    0  792  443  352  470  605  108  410   95  510  912   73  813  810  974  818  316  141  792    4  973  985  308  651  397   63  503  128  215  944  179  699  247  528   86  963  673  462  156  506  261  971   20   19  119   82  441  882  697  598  440  406  543  101  108  621  370  101  697  598   37  486  680  262  762  384   41  864  208  865  876  123  705  144  720  501  636  772  603  595  158  192  984  434  164  240  835   28  789  418   28  593  794   70   74  534  640  512  163  903   10  767  646  289  108  242  949  162  632  696   83  562  564  397   26  308  943  401  464  
716  402  591  880  848  387  778  923   11  900  866  491  432  382  163  665  281  643  233  168  132  576  293   64  366  563  415   76  737  575  352  671   91  318  891   26  792    0   36  233  905  454  937  387   62  136  891  920  539  788  490  846  829  100  809  257  685  533  473  381  204  937   14  569  887  287  867  885  623  922  215   52  841  892  559  546  182  860  776  951  228  312  947  982  709  701  792   42  288  760    7  298  307  987  244  878  618  918  504  658   69  112  384  245  411  446  180  154  852  220  168  446  926  127  626  349  373  534  555  873  251  297  700  559  808  142   76  800  229  631  378  689  943   65  836  916  563  572  780  990  463  614  590  668   58  483   46  868  886  783  939  607  716  814  194  
382  752  916  660  255  129  965  517  739  534  731  593  289  599  849  782  503  192  685  456  804  821   84  343  151  448  976  616  201   96  760  845  378  172  715  340  443   36    0  570  591  374  142  670  183   26  965  796  633  116  806  216  656  365  472  732  876  520   54  193  702  792  695   11  428  967  610  829   88  185  203  341  571  687   70  236  317   50  287  642  784  152  390  670  354  378  252  440  492  393  340  745  298  504  280  278  115  712  677   15  491  715  401  801  708  731  208  964  409  821  809  189  394  207  511  498  695  165  750  740  600   62  751  856  623  851  489  755  929  200  752  124  225  576   94  634   60  625   91  613  189  428  665  535  701  707   21  101  302  802  123  720  276  903  833  
977  837  404  586  224  460  608  886  919   45  760  488  446  655  695  635  788  853  621  432  514  885  810  538  221   78  101  380  362  113  676  407  244  263  159  446  352  233  570    0  939  765  988  723  841  430  174  286  215  692  351  188  871  323  614  241  926   53  329  854  974  403  353  200  862  471  156  675   53  839  896  883  571  247  613  294  587  826  756  347  430  705  151  594  349  509  484  216   54   71  372  776  706  965  676  881  729  596  496  439  171  330  454  300  862  252  984  337  592  462  250  316  741  351  125  625  440  638  524  812  656  572  614  424  442  850  125   27  753  684  683   28   35  944  964  298  973  290  837  693  602  273   64  826  391  908  496  983  627  797  453  735  803  539  954  
574  981  488  697  171  902  202  443  369  538  538   75  605  928  501   91   70  349  588  798  499  920  223  950  932  207  412   23  560  527  270  196  675  607   61  361  470  905  591  939    0  814  199  569  616  520  266  892  382   38  723  516   69  193  489  188  409  803  856  335  119  267  777  407  956  819  569  470  285  479  300   76  746   92  378  497  891  144  435  471  434  331  774   16  527  895   99  332  603  784  473    9  536  809  452  707  543  444  729   66  747  431   79  830  917   67   53  327  570  348   73  526  263  540  497  917  779   63  625  319  592  898  350  950  394  962  918  533  313  874  511  441  670  571  419  173  525  440  519   16  204  772  594  784  158  431  642   99  117   30  770   98  521  905  302  
894  778  343  650  738  701  933  878  968  958  651  697  351  944  908  215  880   93   47  575  704  417  691  945  304   62  948  456  487  864  797  386  978  755  298  145  605  454  374  765  814    0  301  424  368  363  951  907   27  782  487  778  939  510  752  281  865  794  266  214  420  235  481  624  758  174  493  109   73   21   28  419  732  653  951  409  320  504  177   77   74  849  330   29  257  595  426  532  836  972  925  861  221  547  806  463  783  905  414  979   26  883  588  428  619  733  925  672  275  451  561  954  516  170  699   90  522  887  264  661  535  486   28  294  594  701  283  267  203  972  258  627  216  590  876   89  382   45  962  974  541  528  572  422  891  779  861  535   72  804  580  611  624  142  436  
138  625  215  528   14  443  243   62  850  206  792   21  675  891  891  498  955  649   31  544  277  654  110   25  274  546  777  920   25   59  730  102  461   73  791  455  108  937  142  988  199  301    0  864   94   54  469  710  161  466  509   21  889  144  133  291  764  532   83  379  414   33  516  841  945  912  319  204  374  357  188  617  588  819  830  147  296  227  548  118   88  126  729  763  331  718  563  519  340  556  919  730  777  847    9  477  701  839   83  776  368  195  393  746   35  778   63  179  264    3  391  924  934  526  473  338  915  829  139  478  420  870  859  515  754  352  222  393  358  620  982  973  912  681  304  835  402  737  937  361  776  876  869  944  141  759  850  765  640  184  767   57  788  699  335  
985  442  260  335  200  569  192   61  843    6  923  375  201  261  880  217  358  498   60  709   26  313  230  845  798  436  935  852  896  888  997  416  977  407   97   63  410  387  670  723  569  424  864    0  832  340  209  962   67  954  358  888  720  750  579  657  808  816   96  362  305  981  116  382  853    7  736  818   22  279  696  943  447  226    3  643  639  880  971  304  370   94  261  249  675  746  273  105  347  917  596  757  575  322  816  272   65  323  913  229  114  164  179  112  757  671  858   34   26  339  522  582  847  892  844  990  881  162  503  831  360  639  136  771  989  265  203  902  946  441  513  884  985  780  359  175  571  167  388  484  128  860  362  678  176  683  755  521  190  137  329  289  733  517  246  
773  461  659  945  987   43  643  333  281  445  906  449  103  898  476   92  999  402  817  110  975  883  905  799  612  825   95  204   25  179  389  343  910  669  692  752   95   62  183  841  616  368   94  832    0  646  763  528  614  306  607  425  554   95  342  901  520  402  858   25   67  954   90  889  786  774  141  836  877  845  227  376  526   85  549   40  835  185  800  309    8  556  697  218  290  857  387   92  971  216  948  747  913  877  873   28  314  810  680  595  322  665  291  282  188  627  743  675  829  814  529  349  305  568  920  952  635   43  598  429  573  839  786  441  670  289  683  478  898  389  384  261  682  886  167  802  285  514  727  548  410  145  643  347  265  298  547  533   18  839  161   20   92  935  588  
 62  421  567  353  774  262  297  229  851   21  827  968  173  308  252  270  599  445  183  315  322  535  772  290  154  711  140  254  967   70  933   28  943  752  521  813  510  136   26  430  520  363   54  340  646    0  940  630  314  627  287  159  986   74  689  147  874  932  616  171  239  293  377  377   15  838  549  480  273  392  990  989  203   90  271  213  972  572  347  237  196  949    5  228  748  718  494  986  274  226  801  425  969  141   24  769  116  103  793  941  542   36  995  941  562  914  824  536  263  664  180  378  137  495  848  291  833  789  244  869  208  371  689  669  952  588  318  782  163  962  810  687  480  367  965  479  924  786  411  815  307  448  395  210  481  620   26  258  767  928  755  669  619  167  171  
386  207  494  708  839  860  117   44  421  311  978  507  643  817  999  453  309  247  705  293  599  941  925  599  582  342  454  600  183  411  559  115  573  786   32  210  912  891  965  174  266  951  469  209  763  940    0  565  719   48  582  313   79   28  532  344  581  162  519  858  391  154  471  503  551  914  919  407  180  687  100  827  739  883  751  666  925  916  920  839  376  517  461  767  367  142  816  770  544   38   53  607  600  364  728  866  395  195  284  743  619  403  321  292  588   91  174  259  861  948  661   73  154  210   98  828  934  427  696  148  785  499  657  179  521  741  925   20  700  517  791  156  239  175  350  682  230   10  363  449   43  312  800  551  498  819  819  431  914  131  334  949  239  235  914  
638  419  972  400  260  649   18  285  399  433  694  183  889  644  589  634  690  604  365   57  743  524  670  148  474  420  524  586  219  353  526  575  904   91   73  499   73  920  796  286  892  907  710  962  528  630  565    0  676  897  631  948  996  148  129  319  325  257  581  508  405  397  364  880  864  157  169   87  494  634  227  871  485  383  296  492  732  130  218  983  437  595  639  698   39  879  420  480  956  708  409  698  457  912  987  564  311  544  417  155  517  331  459  390  935  633  551  999  889  178  485  755  839  316    6   80   99   89  277  299  969  904  169  820  621  520   14  241  867  169  846  630  189  876  566  192   85  595  801  591  238  240  549   46  964  416  661  872  602  218  756  546  255  360  162  
808  643  773  570  417  404  806  314  403  467  963  761  443  841  370  381  251  366  412  840  372    7  900  942  600  986  716    5  619  466  913  997  439  211  629  407  813  539  633  215  382   27  161   67  614  314  719  676    0    5  314  366  867  793  606  197  497  550  175  561  305  411  403  434  507   91    8  856   19  963  809  179  591  266   22   97  988  739  494  183  687   22  356  986  265  831  541  989   21  814  802  131  894  277  709  279  175  454  812  737   96  491   83  130  884  516  427  393  254  837  740  363  494  616  475  957  563  274  432  266  777  662  329  126   79   15  769  871  827  767  706  149  344  748  570   59  620  341  307  577  426  281   29   28  452   30  745  345  504  323  183  391  619  954  944  
735  388  306  703  143  424  594  894  584  300  718  649  958  272   45  970  434  903  332   39  333  288  689  224  962  755  401  727   40  237  586  934  231  229  894  426  810  788  116  692   38  782  466  954  306  627   48  897    5    0  992  210  262  460  812  136  710  751    5  614  249  154  376  825  301  135  103  979  563  406  383  248  113  765  283  799  612  722  787  847  148  781  134  312  435  418  493  425  238  710   31  665  199  379  784  345  536  865  552  593  462  391  752  524  820  917   50  844  666  847  352  673  658  458  389  724  489  349  133  169  254  757  289  689  883  103   31  268  581   49  158   37  712  646  813  131  923   66   21   62  206  757  618  955  308  186  720  482  648  609  638  862  693  824  806  
 10  755  439  520  970  920  171  533  138  798  802  207  453  878  425  222   69  448  482  574  440  769  224  160  698  388  859  302  345  896  384  369  914  190  168  902  974  490  806  351  723  487  509  358  607  287  582  631  314  992    0  472  868  494  103  665  574  514  510  255  678  371  298  552  830   86  487  281  566  963  461  692  913  722  987  308  325  757  467  512  180  196  247  695  172  478  156  660  540  682  381  626  610  283  352  207  247  737  604  134  397  612  277  639  951  714  440  741  667  945  191  805  951  291  682  501  593  216  289  120  391  433  944  655  812  868  977  340  114  618    3  929  683  745  354  489  332  533  626  667  520  726  425  776  233  858  254  591  846  334   68  148  816  280  692  
