150

  0  268  576   53  894   79  621  905  387  892  179  183  591  333  376  630  464  457   31  160  867  423  565  455  660  511  522  440  803  538  463  499  314  760  373  317  340  213  192  371  620  613  438  491  817  577  930  442  921  237  452  293  883  142  410  798   15  908  470  210  684  788  417  651  766  436  196  387  334  302  340  523  690  261  193  633  792  152  215  547  341  167  137  177  495  255  749  700  844  635  373  980  704  999  865  156   56  475  336  129  199  494  888  297  157  517  866  654  760  798  146  725  979  843   78  971  668  155  191  496  143  427  388   63  976   59  524  926   95  990  205  779  351  737  409   41    9  724  948  396  835  751  792  753  522   42  641  115  712  584  
268    0  976  138   85  791   25  713  982  116  763  938  460  209  936  607  266  353  698  409  874  493  592  385   15  675  618  908  979   58  329  300  879  425  203  499  732  759   95  529  616  187  289  793  623  396  985   26  262  120  649  835  120  335  179  805  460  168   21  494  302  979  147  285  740  763  951  120  633  188  150  950  654   87  994  244  260  198  104  371  779  353  808  615  617  884  323  581  988   43  295  170  176  574  225  845   69  223  341  443  841  960  359  250  522  383  340  226  590  800   60  838   85  450  688  258  706  484  945  569  764  752  982  775  512   23  178   32  555  215  664  188   91  385  288    3  959  942  596  517  272  932  800  189  869  522  352  257  548  241  
576  976    0  723  954  741  592  839  611  622  923  524  695  789  745  499  495   27  508   69  275  645  367  629  858  492  748  424  911  774   81  681  194  334  481  289  610  909  777  889  917   85  440  247  975  315  870   93  858  569  478  503  432   92  262  462  337  443  825  930    3  151  583  997   25  320  709  536  485  707  891  371   17  588  797  853  899  688  334  404  534  186  567  799  589  718  771  100  591  720  770  147  630  673  173  421  829  966  826  573  165  464  967  433  965  161  371  594  904  909  386  443  108  631  303  590  844  289  513  860  763  107  152  857  564   97  477   45    0  355  231  746  477  477   47  759  557  868  389  166  161  663  713  431  900  936  964  702  598  309  
 53  138  723    0  192  969  664  577  289  476  414  840  687  465  806  279  549  529  939  599  550  647  439  130  460  564  349  614  706  788  589   47  152  895  301  544  413  762  667  915  674  214  261  462  668  788  430  202  944  232  939  825  704   19  911  922   36  938  683  996  272  579  362  599  369  286  924   22  150  402  353  577  416  413  228  148  483  273  329   16  876    2  507  752  909  734  981  837    8  101  361   79  806  588  789  307  325  847  961  900  807  581  187  783  802  732  780  160  479  470  463  670   41  674  818  132  857  714  160   21  750  177  653  293  762  426  925  279  736  329  559  767  859  919  769  799  647  806  977  830  831  801  489  446  811  650  491  340  644  167  
894   85  954  192    0    8  674  311  257  936  927  123   48   30  368  198  466  902  222  736  652  808  753  106  184  620  788  405  569  872  100  872  240  498  411   63  957  888  735  442  675  522   59  907   17  179  898  839  220  525  601  968  914  389  364  747  319  766  279  729  400   81  863  159  845  612    5  579  434  912  365  245  919  714  299  680  430  829  689  684   73  200   25  511  392  948   84  283  744  717  986   80  295  881  213  879  657  541   43  475  581  375  606  506  393  900  538  112  866  343  334  328  909  448  373  923   88  109   96   49  111  707  941  796  209  989  321  654  333  371  728  942  794  333    8  194  136  280  147  244  470   68  466  220  763  631  718  617  676  844  
 79  791  741  969    8    0   93  590  913  646   31  184  610  522  563  296  195  730  205  872  400  774  515  843  878    8  545  940   24  852  437  251  552  689  859  378  421  131  705  978  670  318  431  722  650  611   81  338  435  632  684  903  565  322  808  868  826  140  521  185  219  828  103   42  847  924  881  224  896  536  873  438  633  601  138  273  255  435  732  713   25  876  818  153   25  223  685  572  315   79  869  202   27  585  605  939  800  227  371   81  703  281  984  702  890  475  385  139  185  917  768  131  892  311  976  446  802  972  970  329  944  598  638  530  681  789   12   76  470  223  754  346  666  982  496  704  592  147  858  648   95  502  416  542  907  674  175  852  343   45  
621   25  592  664  674   93    0  678   67  709  350   52  314  770  142   50  576  829  123  490  690  343   53  571  682  998  335  455  988  399    0  993  256  506  831  131  261  482  493   15  767   54   91  132  929  820  858  482  787  174   75  126  472  695   88  100  927  164  933  495  933  708  568  262  353  591  780   98  854  665  461   99  934  823  641  733  900  164  702  517  975  779  668  460   57   48  159  163  486  804  135  431  119  487  187  933  874  661  192  339  199  892  566  536  604  834  564  589  369  877  955  869  565  906   24   58   68  305   25   52  310  660  922  375  138   14  772  532  916  941  473  737  781  611  225  710   71  235  552  989  105  417  928  855  451   38  555  296  872  475  
905  713  839  577  311  590  678    0  107  831  520  336  279  799  416  455  331   70  761  885  849  820  727  231  408  783  205  434  950  108  427  644  674  561  491  416  834  621  329  523  966  944  841  515  751  134  147  447  449  266  790  467  580  418   35  891  599   36  384  397  950   16  426  620  841  433  959   93  519  144  178  186  210  690  144  112  538   53  121  454  174  493  415   17  820  596  674  903   96  860  839  460  196  900  977  271  136  132  668  610  256  647  330  949  102  726   38  773   56  978  699  562  868  760  239  587  732  429  264  563  665  320  247  501  210  367  980  273  795  586  923  636  675  790  338  471  605  704  236  118  439  341  924  668  912  336  397  967  833  115  
387  982  611  289  257  913   67  107    0  884  288  591   15   65  794  639  513  159  242  652  147  182  973  198  773  673  235  682  520  335   44  997  891  600  858  336  422  346  253  800  525  192  399  924  707  669  448  542  533  727  445  387  499  180  602  651  751   26  777  634  596   71  228  527  931  361  538  406  945  732  316  479  538  821  748  459  777  906  993  188  436  192  595   81  323  960  467  163  169  479  630  773  857  488  735  246   61  958  395  371  746  469  920  130  878  614  245  694  723   70  733  790  932  573  740  958  927  351  688  323  350  358  104  725  915  169  863  211  449  561   82  893  629  505  458   12  242  597   26  144  440  727  100  102  132  488  910  775  340  267  
892  116  622  476  936  646  709  831  884    0  376  188  739  140  260  380  990  542  826  582   82   63  169  482  897  394  624  289  183  566    7  499  532   93  468  955   68  363  376  601  838  695  179  900  748  745   26  992  630  441  821  977  373  494  564  182  191  248  754   50  397  202  640   37  881  410  415  743  450  495  744  889  541  244  349  887  724  748  532  156  262  201  494  625  558  398  917  957  912   68  493  725  246  518  799  558  180  714  355  546  224  355   92  235  378  731   20  874  417  761  701  517  499  434  746  309  362   93   73  127  661  212  483  830  700  768  205  303  126  741  473  668  930   99  669  858  358  689  752  397  769  961  141  597  175  241  835  870  739  920  
179  763  923  414  927   31  350  520  288  376    0  531  277  944   51  423  595  438  537  123  237  262  267  587  798  508  568  792  686  468  541  637  276  744  948  445   89  845  216  506  913  284  815  720   28   53  697  967   24  640  181  955  431  327  151  874  162  749  568  910  863  615  661  246  158  136  112  184  980    5  800  238  332  916  880  891  970  926  491  398  632  461  290  814  303  522  230  515  475  606  100  814  649  344  781   70  484  958  115  861  590  450  322  296  734    0  430  626  896  704  692  302  787  539  202  354  139  811  880  419  119  721  735  243  322  204  696  965  929  893  501  149  694  187  849  182   17  107  184  601  260  900  951  619  727  565  162  889  811  840  
183  938  524  840  123  184   52  336  591  188  531    0  936  386  517  618  966  418  307  944  831   69  934  812  368  767  588   56   21  545  834  387  998   16  175  811  817  376  432  670  359  291  931  994  201  273  710  620  769  901  424  682  641    5  716  725  105  607  622  432  113  173  548  371  379  800  119  891  583  869  716  225  806  349  482  783  527  832  657  680  968  554  497  298  620  245  636  761  939  595  238   87  970  927  564   29  896  481  496    1  528  240  628  663  665  923   51  714  729  860  461  851  233  323  749  464    7  252  419  313  983  214  638  804   57   47   67  936  829  249  166  152  230  362  826    5  812    8  354  926  273  220  844  968  486   98  512  971  258  388  
591  460  695  687   48  610  314  279   15  739  277  936    0   68  505  415  798  686  424   92  738  188  766  101   53  421  157  674  858  508  335  192  560  539  736  328  820  199  669  891  391  877  569  527  814  773  426  747  652   53   88  265  510  804  133   64  354  208  586  329   57  114  402  240  681  638  937  988  749  686  273  151  221  934  934  211   98  706  362   22  351  979  935  306  744   40    9  101  293  607  999  943  993  168   58  969  142  953  815  467  159  440   89  346  786  542  125   64  548  413  696  562  602  711  495  372  378  243  814  388  208  714  679  107  518  416  541  189  532   83  578  873  376  111  992  288  416  824  250  594  406  960  627  233  538  314  732  530    3  421  
333  209  789  465   30  522  770  799   65  140  944  386   68    0  215  139  450   47   33  402  349  498  673  299  981   26   75  422  721  381   34  160   88  786  377  577  196  913  532  836  414  725  132  688    3  633  574  183  466  226  793  195  778  521  751  691  414  390  854  449  503  835  198  246  367  406  236  119  190  525  685  647  968  775  828  843   48  463  736  318   58  431  900  456  816  485  688   18  889  887  583  303  615  641  433  950   60  502  433  852   82  528  732  926  444  103  938  889  223  502  889   75   28  369  695   26  384  127   58  583  615  486  539  723  781  134  698  887  829   21  991  276  208  138  655  290  677  512   76  832  631  268  732  583  614  604  152  488  836  236  
376  936  745  806  368  563  142  416  794  260   51  517  505  215    0  287  812  763  161  150  273  235  629  821  613  102  379  307  756  709  245  832   76   42   25  499  521  760  516  687  996   99  189  267  730  488  809    2  766  759  538  700  605  560    8  678  350  522  382  667  438  700  661  927  450  632  509  276  686  236  658  803  570  604  576  760  308   95  661  122  757  828  446  433  782  204  352  101  678  950  360  491  121  745  535  153  541  319  291  797  832   98  158  661  342  406  828  429  828  370  315  953  484  565  831  171  986  291  202  938   36  623  346  186  962  770  626  693  811  163   35  751  727  685  321  191  869  522  617  672  754  299  211  584  859  234  859  915   29  232  
630  607  499  279  198  296   50  455  639  380  423  618  415  139  287    0   92  504  692  509  468  407  633  586  157  982  616  925  963  585  283  315   93  241  254  665  560  498  878  324  362  213  870  195  482  380  861  722  602  256  585  189  867  317  804  157  702  586  129  972  386  457  917  130   85  483  753  842   86  527  671   13  221  612  282  324  272  599  119  194  335  739  778   14  668  470  154  834   68   49  218  124  787  757  663   45  275   38    2  748  222  804  387  477  578  127  314  995  825  792  322  855  756  701  846  904   78  479  931  687  121  867  631  391  986  611  261  845  991   59  928   28  471  123  733  589  817  287  753  451  779  323  908  278  608  571  923  257  594   98  
464  266  495  549  466  195  576  331  513  990  595  966  798  450  812   92    0  736  183  269   39  244  360  931  846   34  550  374  427  750  257  139  775  315  685  761  593  429   55  494  113  602  543  862  674  425  246  794  452  248  558  923  313  704  489  907  584  508  804  483   19  989  671  357  793  197  248  730  599  242  937  252  278  331  168  487  232  799  158  445  632  316  343   74  683  383  505   36  651  848  660  900   77  150  637  315  345  627  351  435  720  907  769  723  936  809  899  244  103  238  658  413   58  357  350  298  659   50  253  457  615  785  437  581  339  789  651  140  963  231  670   33  747  524  478  485  504  809  704  114  585  107  797   10  892  576  547  895  347  830  
457  353   27  529  902  730  829   70  159  542  438  418  686   47  763  504  736    0  516  315  773  570  588  315    4  381  880   24  956  849  326  707  169  189  280  458  855  576  461  534  243  761  476  542  990  790  475  260  186  956  242  529  441  330  947  926  107  318  847  570  635  295  543  538  377  799  666  150  323  463  122  386  849  797    8  641  669   40  789  799  799  719  487  889  861  886  955  314  268   92   14  882  968  609  757  865   33  286  260  314  549   53  605  595  161  805  941  924  318  990  889  582  169  523  568  795  682   39  927  705  449  225  192  538  256  681  621  107  893   80  282  779  438  138  815  189  648  608  627  444  407  339   85  252  697  654  583  225  174  565  
 31  698  508  939  222  205  123  761  242  826  537  307  424   33  161  692  183  516    0  108   87  605  855  128  215  724  122  933  676  114  809  888  632  375  924  797  180  838  211  886  952    7  204   66  410   91  658  405  934  850  472  466  358   28  979  904  953  611  744  276  567  821  560  813  300  875  730  204  102  520  112  909  444  688  351  441  482  542  650   72   75  512  700  829  824  688  582  396  560  428  595  792  272  223  274    2  753  379    5  307   23  378  281  684  976  422  802  603  276  336  202  391  384  701  722  687   49  149  833  508  245  744   92  963  782  520  909  185  373  944  459  933  752  448  953  432  645  325  859    2  411  337  508  802  314  303  556  416  729  947  
160  409   69  599  736  872  490  885  652  582  123  944   92  402  150  509  269  315  108    0  254  348  262  367  923  932  486  340  957  928  314  632  954  765    3  322  600  885  521  343  525  443  301  847  971  245   73  209   94  612  831    0  511  254  855  662  842  712  132  502  672  706  649  792  610  716  421  322  206  372  737  895  926  898  586  296  914  748  411  768  331  991  439  734  943  249  375  679  602  793   23  308  399  524  802  628  111  756   71   96  813  481   70  181  409  512  849  106  465  541  969  118  705  798  829  298  870  478  873  339  197  987  367  548   81  657  662  462  305  683  443  161  538   67  519  618  994  306  252  683  213  911   57  951  590  400  682   76  827  240  
867  874  275  550  652  400  690  849  147   82  237  831  738  349  273  468   39  773   87  254    0  158  416  650  565  561  111   62  473  485  379  469  899  525  394  249  459  746  821  985  131  945  769   85  779  651  900  612   18  704  182  678  791  174  182  410  414  317  552  378  373  416  214   51  819  368  492  783  475  381  707  982   25  570  544  436  700  566  113  816  822  570  636  296  434  182  994  539  286  592  798   65   89  965  400  506  792  917  707  858  429    8  690  701  589  140  296  904  135  178  147  243  498  893  368  816  347  340  133  311  925   40  984  298  941  194  280  806  852  901  847  163  152  810  841  714  861   58   61  392  284  706  851  389  602  922  348  160  393  338  
423  493  645  647  808  774  343  820  182   63  262   69  188  498  235  407  244  570  605  348  158    0   45  870  984  759  317  515  806  840  715  102  146  184   26  605  575  628  613  404  763   35   43  712  941  739   81  543  878  764  664   74  444  706  702  121  900  761  883  224  807  914  423  139  811  368  244  909   52  565  685   94  980  399  120  296  221  939  735  768  568  337  848  133  598  880  791  259  613  682  295  690  842  726  738  140  141  545  736  440   48  382  436   63  256  451  791  147  239  312  199  838  242  176  546   44  196  909  210  700  106  659  130  297  708  576  317  737  739   60  506  833  264  331  909  577  361  272  941   43  345   62  979  781   16  407  871  505  828  217  
565  592  367  439  753  515   53  727  973  169  267  934  766  673  629  633  360  588  855  262  416   45    0    1  246   49  513  295  880  448  548  533  475  234  123  106  501  132  223   40   99  471  547   34  140  598  834  804  819  635  832   37  623  113  495  235  148  810  128  574  260  257  778  973  258  339   10  112  664  160  770  553  231  877  899  244  589   68  402  972  929  209  911  246   85  268  410  325  698  782  370  632  707  656  976  460  760  356  173  510  795  251  671  285  416  860  345  147  426  778  593   15  486  222  829  496  808  733  931   94  966  297  739  666  299   13  626  947  892  167  112  414  302  699  115  851  302  832  114   73  922  978  702  540  645  520  766  633  428  487  
455  385  629  130  106  843  571  231  198  482  587  812  101  299  821  586  931  315  128  367  650  870    1    0   86  402  767  628  650  993  509  762  607  711  809  441  191  879  696  169  705  846  351    5   87  435  718  957  606  743  393  436  552  588  479  881  607  740  975   86  672  775  551  586   30  906   34  995   59  822  987  392  458  417  961  475  327  697  663  969  836  811  905  913  566  408  396  334  559  513  436   63  795   10  335   97  236  382   79  930  373  977  147   57  500  357  104  725  758  961   97  693  873  678  694  496   50  102  756  137  192  226  383   64  695  188  295  896  312  228  822  418  909  131  491  319  488  477  538  648  752  242  371  745  895  939  778  445  879  319  
660   15  858  460  184  878  682  408  773  897  798  368   53  981  613  157  846    4  215  923  565  984  246   86    0  842  879  414    4  709  259  460  294  287  173  541  640  477  863  303  867  221  778  985   89  777  964  337  862  455  363   82  887  564  670  411  692  591  543  435  880  651  338  983  316   22  725  541  157  734  187   95  749  719  198  569  632  298  586   52  265  296  292  130  756  254  648  758  162  826  538  658  872  100  549  201  744  260  329  972  494  397  533  217  663  549  172  547  588   40  865  104  836  664  212  430  926  535  830  190  560  290  534  978  812  322  794  595  202    6  736  618  966  457  135  463  826  317  569  377  885  277  493  639  966  914  135   33  680  506  
511  675  492  564  620    8  998  783  673  394  508  767  421   26  102  982   34  381  724  932  561  759   49  402  842    0  740  709  104  265  756  466  608   56  114  639  114  463  779  331  194  789  976    1  848  883  656  849  464  120  575   80  614  369  147  770  300  618  821  338  823   48  257  784  154  891  123  275  486  713  415   73  300  340  485  803  826   40  777  412  365  379  756   23  548   80  620  123   48  287   11  822  418  541  616  519  839  556  724  368   54  162  473  504  939  717  864  285  709  415  133  943  195  931  748   25  156  189  161  469  895  548  760  760  329  531  536  575  615  917  784  929  643  590  790  848  523  519  761   87  806  674  269  603  906  454   27  774  294  639  
522  618  748  349  788  545  335  205  235  624  568  588  157   75  379  616  550  880  122  486  111  317  513  767  879  740    0  698  735   52  413  848  351  930   59  420  779  329  732  889  546  114   17  185  161  278  601  677  321  865  791  601  719  890  881  269  717   15  214  376  327   17  191  276  921  444  437  583  406  747    0  685  329  902  162  743  856  151  676  759  939  450  318  828  786  930  504  648  455  800  765  766  572  786  286  647  162   75  865  329   68    4  398  359  675  935  437  977  997  578  730  484  332  754  484  380  212   62    0  126  108  885  325  257  788  854  213  364  848  989  464  824  686  784  268  346  202  393  227  862  726  252  166   66  427  133  445  767  752   64  
440  908  424  614  405  940  455  434  682  289  792   56  674  422  307  925  374   24  933  340   62  515  295  628  414  709  698    0  321   51  198  635  371  715  703   51   96  830  599  191  303  975  190  617  913  377  489   64  994  324   44  484  792  311  601  347  766  598  288  695  986  550  298  272  319  853  150  567   50  148  387  884  852  129  785  401  592  516  987  161  848  657   70  509  936  319   98  467  292  269  378  610  110  833  755  285  262  787  669  871  977  690  917  636  644  350   23  444  738  981  446  317   51  404  794  654  994  875  649  978  306  966  180  718  166  984  126  670   37  274  791  101  940  873  553  365  277  685  863  331  611  929  321  783  160   28  660  600  646  884  
803  979  911  706  569   24  988  950  520  183  686   21  858  721  756  963  427  956  676  957  473  806  880  650    4  104  735  321    0  213  453   12  127  189  125  759  698  795  604  657  201  120  508  415  728  307  979  483  498    6  117  557  525  582  837  586  851  114   39  982  344  511  333   68  267  253  802  643  413  398  574  294  901  302  734  446  868  694  307  368  743  841  976  943  708  746  801  484  928  334   83  285  331  145  807  195  383  769  385   49  543  166   91  156  352  344  230  978  561  414  562  822  796  876  264  918  453  754  661  879  950  125  129  978  659  100  909  859  159  382  871  376  150  164  139  602  922  334  915  734   73  337  840  266   28  381  273   80  948  656  
538   58  774  788  872  852  399  108  335  566  468  545  508  381  709  585  750  849  114  928  485  840  448  993  709  265   52   51  213    0  291  593  125    4  451  888  792  630  749  202  378  563  560  937  572  323  551  983  417  123  294  562  403  859  834  318  793  157   12  818   18   20  782  558  786  929   42  650  578  361  482  645   73  708  702  618  857  469  607  262  601  468  399   52  907  321  856  364  262  928  111  164  341  944  916  411  727  263  328  373  409  344  931  295  283  183  460  627  633  297  877  261  452  221  873   39  939   54  331  556  747  274  222  314    3  773   26  947  726  312  305  685  367  353  784  122  964  340  807  198  333  528  656  795  877  843  464  465  111    2  
463  329   81  589  100  437    0  427   44    7  541  834  335   34  245  283  257  326  809  314  379  715  548  509  259  756  413  198  453  291    0    6  592  280  415  472  313  505  510  823  648  723  929  897    3  181  817  965  874  772  312  704  316  194  949  631  711  905  691  647  644   22  300  967  793  967  141  386    9  378   91  740  988   60  708  374  908  115  578  280  964  825  118  824   72  804  967  706  671  576  380  297  553  217  782  146  312  454  440  302  113  773  881  557  991  306  206  992  194  383  976  744  687  814  180  517  632  674  671  175  342  167  206  364  457  147   79   87  183  101  774  964   35  899  428  511  822  371   70  719  723  979  663  473  981  490  724  439  962  398  
499  300  681   47  872  251  993  644  997  499  637  387  192  160  832  315  139  707  888  632  469  102  533  762  460  466  848  635   12  593    6    0  580  447  281  199  807  532   39  232  497  691  429  476  319  603  880  592  507  876  704  522  307   55  208  524  377  316   55  294  360  649  198   88  969  958   26  417  509  520  892   40  360   87  904  579   74  534  189    3  664  580  541  397  288  559  697  164  812  587  593  604  110   73  313  450  608  694  268  886  615  368  822  565  112  547  739   70   26  494   46   50  103  320  180  512  166  798  650  971  226  252  291  788  620  272  471  759  886  920  875  659  476  903  653  315    8  291  390  583  774  920  245  208  277  198  170   39  952  108  
314  879  194  152  240  552  256  674  891  532  276  998  560   88   76   93  775  169  632  954  899  146  475  607  294  608  351  371  127  125  592  580    0  721  257  347  301  984  563  672  909  420  655  613  928  607  342  876  131  973  185  483  635  628  441  346  769  452  473  820  821  656   88  977  516   34  224  608  631  653   19  788  409  359  635  412  896   21  890  585  907  373  772  142  891  538  183  447  359  694  496  620  299  649  901  573  664  173  642  530  779  307  799  198  896  399  251  312  367  557  776  594  419  523  533  509  412  836  448  183  405  981  442  119   31  293  532  316  395  175  623   78  793  167  971  454  208  235  730   96  818  856  963  300  456   13  698  777  867   41  
760  425  334  895  498  689  506  561  600   93  744   16  539  786   42  241  315  189  375  765  525  184  234  711  287   56  930  715  189    4  280  447  721    0  500  301  814  706  488  944  488  740  381  933  784  987  232  466  676  796  121   23  951  459  538  494  497  537  228  650  811  102  835  742  755  808  585  543  816  995  680  766  906  931   20  952  317  791  914  674  501  401   71  496  761  194  986  708  539  602  294  217  469  531  364  235  349  907  321  789  435  958  823  135  170  567  230  953  528  689    6  175  355  653  704  908  664   32  365  185  581  809   71  761  323   71  286  479    3  375    8  837  396  438  583  402  354  210  280  263  568  656  529  544  427  581  933  438  923  591  
373  203  481  301  411  859  831  491  858  468  948  175  736  377   25  254  685  280  924    3  394   26  123  809  173  114   59  703  125  451  415  281  257  500    0  794  880  255  159   67  744  759   16  768  188  847  297  382  446  100  705  439  930  960  538  414  651  825  893  557  453  131   30  387  948  734   55  476  204  489  498  239  184  316  207  982  594  993  568  776  335  966  941  777  339  186  946  297  770  367  343  526    3  122  114  473  888  520  187  686  601  465  957  270  130  467  128  844  182  762  581   29  997  252   42  246  648  636  197  396  180  773  290  586  766  888  181  871  421  223  683  287  696  750  105  943   88  924  766  892  246  457  392  882  515  832  986  203  158  219  
317  499  289  544   63  378  131  416  336  955  445  811  328  577  499  665  761  458  797  322  249  605  106  441  541  639  420   51  759  888  472  199  347  301  794    0  385  111    6  789  301  662  706  211  494  518  264  896  684  572  802  516  482  863  876  261  887  597  899  450  399  698  477  425  100  793  940  878  488  147  896  147  333  980  359  990  844  139  821  438  588  611  562  326  754  232  620  467  481  951    9  903  645  930  805   21    7  279  710  202  425  365  934  203  393   92  728  514  309  524  326  642  409  541  719  963  500  165  210  102  568   32  660   55  973  316    7  556  379  939  546  610   93  330  394  356  851  924  906  131  633  377  387  168  543   63  764  822  692  959  
340  732  610  413  957  421  261  834  422   68   89  817  820  196  521  560  593  855  180  600  459  575  501  191  640  114  779   96  698  792  313  807  301  814  880  385    0  401  842  286  578  295    4  131   91  840  906  524  110  652  911  731  213   84  522  675  138  396   52  381  463  565  939  748  886  734  111  189  786  819  311  639  931  678   86  832  830  366  512   28  162  893  523  737  622  243  809  549  414  573  653  953  543  289   63  885  196  345  656  710  170  340  100   83  468  176  681  419  926  481  301  557  914  776  521  766  457   29  840  466  621  118  389  285  946  725  731  366  152  809  346  267  985  237  451  670  928  169  587  902  289  613  973  363  390   28  138  661  755  303  
213  759  909  762  888  131  482  621  346  363  845  376  199  913  760  498  429  576  838  885  746  628  132  879  477  463  329  830  795  630  505  532  984  706  255  111  401    0  234  326  792  673   22  751  741  683  603  547  219  737  978  314  188  980  443  967  113  268  248  873  352  561  323  528  531   32  724  299  683  891  488  977  503  479  270  166   46  414  749  236  685  816  674  821  976   86  741  767  179  234  275  566  617  743  541  895  803  485  346  200  271  911  670  613    0   31  632  793  968  259  936  362  847   12  984  447  743  317  212  976  347  582  307   62  821  962  230  298  249  607  319  653  769  158  145  563  446  896  300  432  685  235  777  192   26  265   44  695  636  231  
192   95  777  667  735  705  493  329  253  376  216  432  669  532  516  878   55  461  211  521  821  613  223  696  863  779  732  599  604  749  510   39  563  488  159    6  842  234    0  192  695  352  721  977  991   72  452   97  812  525  774  779  775  698  767  197  680  179  511  721  634  322  335  869  314  786  135  424  423  821  274  191  125  883  564  626  340  749  820  336  818  231  165  766  785  784  528  597  645  659  707  623  753  673  696  738  519  291  815  446  814  655  653  830  456  371  690  375  112  630  108  937  780  347  869  411  242  396  635  235    6  123   42  119  166  592  891  638  314  598  385  429  841  814  218  832  126  122  804  982  528   97  841  127   64  667  515  724   99  926  
371  529  889  915  442  978   15  523  800  601  506  670  891  836  687  324  494  534  886  343  985  404   40  169  303  331  889  191  657  202  823  232  672  944   67  789  286  326  192    0  623  996  415    7  496  674  194  480  963  636  966   35  559  440   67  480  466  753  911   43  305  760  998  949  893  784  281  392  328  830  637  198  429  771  182  308  499  546  156  967  319   24  563  602  382  941  145   97  498   19  648  276   26  409  460  146  171  742  507   53  482  980  801  423  619  600  355  257  332  982  728  254  878  539  641  965  113   67  901    4   84  795  314  135  485  166  835   76  750  994  823  513  322  808  356  554  465  951  431  380   43  899  487  957  769  757  531  148  513  976  
620  616  917  674  675  670  767  966  525  838  913  359  391  414  996  362  113  243  952  525  131  763   99  705  867  194  546  303  201  378  648  497  909  488  744  301  578  792  695  623    0  844  138  241   95  860  202  719  575  877  891  873  736  827  381  744  648  643   35  200  881   19   94  811   25  750   59  223  600   65  689  564  192  614   48  318   96  443  333  738  907  383  710  278   48  623  754  974  856  283  344  265  852  256  553  390  257  210  766  737  103  324  569  706  808  729  337  385  129  971  814  197  465  608  524  561  768  310  969  426   62  221  624  873  376  604  143  901  518  332  944  304  335  154  693   88  993  861  232    2  814  653  313   93  637  896  912  507  357  449  
613  187   85  214  522  318   54  944  192  695  284  291  877  725   99  213  602  761    7  443  945   35  471  846  221  789  114  975  120  563  723  691  420  740  759  662  295  673  352  996  844    0  693  795  911  787  553  359  842   42  303  707  305  732  652  871   59  929  454  260  681  922  560  359  360  548  648  866  599  302  531  140   80  446  871  968   83  228  598  660  389  914  149  764    7   47  500  487  754  492  388  238  655  951  993  643  763  561  331  573  325  324  551  480  844  430  113  394   55  578  255  194  686   93   81  960  965  846  537  497  873  582  678  655    0  755   70  108  220  684  512  840  215  578  877  369  878  103  774  739  592  512  933  721  681  312  305  848  133  147  
438  289  440  261   59  431   91  841  399  179  815  931  569  132  189  870  543  476  204  301  769   43  547  351  778  976   17  190  508  560  929  429  655  381   16  706    4   22  721  415  138  693    0  400  296  940  701  588  950  678  906  822  814  898   72  886  873   48  759  343  442  268  108  862  650   47  522  495  567  274  184  899  670  218  308  981  607  585  455  238  212   81  576  805   79  157  411   24  791  122  438  500  999  967  646  463  249  734  794  938  249  690  427  266  284  750  952  654  964  499  202   84  290   29   50  360  337   10  155  862  253  281  346  591  820  133  583  260  414  576  645  908   41  709  182  268  151  730  768  386   52  569  676  859  192  193  155  791   38  548  
491  793  247  462  907  722  132  515  924  900  720  994  527  688  267  195  862  542   66  847   85  712   34    5  985    1  185  617  415  937  897  476  613  933  768  211  131  751  977    7  241  795  400    0  961  666  139  540  395  789  270  951  370   34  997  111  682  332  523   36  808  377  225  325   99  472  641  101  276  735  662  201  383  352  701  463  336  309  401  876  487  305  494  978  863  330  470  757  897  239  789  467  856  459  672  438  462   31  156  141  536  382  412  582  296  385  674  155  300  368  643  266  276  143  340  872  672  269  171  564   44  642  715    6  994  368  205  784  965  352  655  549  616  522  998  848  438  417   67  863  957  179  830  215  734  685  211  670  567   25  
817  623  975  668   17  650  929  751  707  748   28  201  814    3  730  482  674  990  410  971  779  941  140   87   89  848  161  913  728  572    3  319  928  784  188  494   91  741  991  496   95  911  296  961    0  596  905  723   26  661  621  576  917  828  580   11  151  604  105  139  346  406  153  622  926  820  103  239  499  499  949  271  110  360  355  158  207   74  566  942  796   63  224  983  591  864  157  770    7  934  344  471  933  959  844  449  961  103  710  803   94  961  910  130  435  428   84  178  538  865  397  457  461  905  415  894  277  939  445  175  109  680  595  630  245  393  426  822   42  642  792  362  865  272  178   37  804  688  491  268  205  181  976  552  395  494   65  940  262  270  
577  396  315  788  179  611  820  134  669  745   53  273  773  633  488  380  425  790   91  245  651  739  598  435  777  883  278  377  307  323  181  603  607  987  847  518  840  683   72  674  860  787  940  666  596    0  489  792  873  269  985  652  303  260   31  279  318  622  855   72  389  691  779  567  486  654   90  527  372  206  610  606  293  961  711  400  648   73  433  633  957  155  212  198  624  722  340  743  609  546  862  705  444  371  264   92  716  924  125  319  495  121  810  711  389   33  963  174   22  175  328  377  901  358  669  264  941  821  659  252  866  730  800  861  195  223  406  381  826  173  496  223  383  120  248  557  858  697  301  215  807  986  897  446  517  872  425  960  335  456  
930  985  870  430  898   81  858  147  448   26  697  710  426  574  809  861  246  475  658   73  900   81  834  718  964  656  601  489  979  551  817  880  342  232  297  264  906  603  452  194  202  553  701  139  905  489    0  335  495  893  446  105   94  105  421  812  119  863  637  837  945  432  897  789  755  428  869  107  958  214  640  516  297  395  143  605  292  722  430  650   75  661  577  117  575  532  973  400  468  593  307  963  924  618   58  651  760   40  933  135  775  247   45  924  687  963  274  438  706  779  933  383  756  841  568  929  171  907  910   90   91  693  987  337  845  607  360  500  577  233  615  190  969  585  531  202  889  759  685  165  646  152  146  963  710  981  670   11  581  550  
442   26   93  202  839  338  482  447  542  992  967  620  747  183    2  722  794  260  405  209  612  543  804  957  337  849  677   64  483  983  965  592  876  466  382  896  524  547   97  480  719  359  588  540  723  792  335    0  151  712  127  616  751  316  767  320  936  356  714  466  690  891   93  328  401  814  481  137  637  115  192  201  987  570  267  661  923  543  139  120  431  235  856  211  582  510  241  806  576  448  731  480   48  862  601  769   92  342  207  187  109  387  433  433  741  465  116  154  716   98  576  667  709   16  239  207  708  549  397  419  743  988   29  876  813  121  869  468  444  729  890  528  435   74   52  293  265  113   88  622  564  791  508  244  824  791  501  653  369  289  
921  262  858  944  220  435  787  449  533  630   24  769  652  466  766  602  452  186  934   94   18  878  819  606  862  464  321  994  498  417  874  507  131  676  446  684  110  219  812  963  575  842  950  395   26  873  495  151    0  511  536  977  995  769  513  548  334  759  885   30  520  293  626  470  772  125  749  337  930  206  616  947  654  635  574  868  100   73  249  189  135  926  555  328  752   34  163  962  582  600   11  777  626  854  792  229  983  580  672  527  323  579  958  594   50  753  601   25  892   71  526  786  583  600  397  574  651  350  897  784   57  625  563  140  918  660  941  149  226  378  551  994  666   49  194  929  151  654  626  829  742  616  950  264  492  939  936  705  556  269  
237  120  569  232  525  632  174  266  727  441  640  901   53  226  759  256  248  956  850  612  704  764  635  743  455  120  865  324    6  123  772  876  973  796  100  572  652  737  525  636  877   42  678  789  661  269  893  712  511    0  189  617   49  684  967  346  275  809  550  761  569  901  470  232  484  811  151   41  693  352  653  661  237  211  806  148  383  751  674   71  416  582  104  572    5  511  427   94  948  603  752  814   61    7  340  672  779  235  702  222  782  571  140  210  815  119  610  833  264   79  278  298  461  152  796  628  678  858  325  933  644  554  351  322  525  636   41  210  170  834  613  559  397  495  347   68  348  914  299  149  558  273  403  597  802  100  527    0  618  856  
452  649  478  939  601  684   75  790  445  821  181  424   88  793  538  585  558  242  472  831  182  664  832  393  363  575  791   44  117  294  312  704  185  121  705  802  911  978  774  966  891  303  906  270  621  985  446  127  536  189    0  223  583  831  304  940  886   25  207  398  203  571  450  693  559   32  465  505  279  406  248  651  484  951   53  104  947  922  837  146  970  405  847  830  200  631  587  349  540  331  897  581  296  919   81  102  305  860  887  469  711  232   73  584  105  769  593  849   33  328  155  732  504  778  307  559  662  943  994  189  944  714  479   71  538   92  925  397  825  100  337  802  639  709  250  917  873  477  667  596  964  832  624  824  951  859  469  849   16  292  
293  835  503  825  968  903  126  467  387  977  955  682  265  195  700  189  923  529  466    0  678   74   37  436   82   80  601  484  557  562  704  522  483   23  439  516  731  314  779   35  873  707  822  951  576  652  105  616  977  617  223    0  607  150  452  937  470  171   27   21  861   28  453  651  385   63  971  245  157  561   62  390  970  483  376  832  768  653  875  982  939  791  225  101  414  295  349  344  833  279  473  254  455  469  912  830  573  411  848  325  561  921  113  874  445   26  500  692  351  572  969  108  330  496  601  748  661  328   58  387  947   16  752  384  808  667  783  853  516  921  869  620  865  136  157  812  591  449  821  816  662  477  111  783  231  499  354   66  965  248  
883  120  432  704  914  565  472  580  499  373  431  641  510  778  605  867  313  441  358  511  791  444  623  552  887  614  719  792  525  403  316  307  635  951  930  482  213  188  775  559  736  305  814  370  917  303   94  751  995   49  583  607    0  709  645  961   12  990  803  698  468  872  303  330  643  159  754  214  233   63  357  554  587  562  416  955  982  791  593  468  929   38  226  111  653  653  207  730  123  151  314  350  726  332  816  231  444  597  948  935   82  643  680  696  790  248  632  588    1  765  474  618  424  215  675  968  187  990  730  678  650  787  580  770  945  553  504  459  865  595  288  556  988   47   46   33  966  569  108  103  962  708  638    7  136    5   76  566  875  716  
