190

  0  439  752  866  878   99  960   32  697  703  960  623  383  681   85  913  804  459   81  546   60  758  116  432  435  738   35  211  831  580  946  591   86  200  197   71  415  137  727  979  353  483  744  186  682  850  231  915  235  412  895  197  869   91   87  727   82  433  873  792  914  145  591  991  891  810  918  177  289  843  751  688  235  533  849  777  139  778  888  721  645  265  441  374  619  868  717  460  940  104  537  921  220  989  313  803  444  143  188  950  951   17   35  244  760  214  150  993  226  710  816   27  862  811  449  713  477  319  818  622  627  982  129  873  873   88  269  341  426  867  487  940  779  456   93  867  971  396  533  146  734  247  598  103  812  272  911  237  958  571  189  987  997  300  758   66  438  617  598  190  493  713  531  798  849  999  186  293  826  832   48  669  518  780  664  467  567  607  694  241  627  406  921  827  535  137  881  331  953  821  
439    0  471  717  643    6  555  480   93   66  747  703  414   54  329  612  899  414  710  197  559  324  298  975  235  246  629   55  547  684  301  581  406  811  811  877   72  826  207  441  656  604  955  899  950  326  875  156  356  469  381  128  151   53  807  876   65  369   48  656  607  824  522  861  889  733  855  464  446  624  936  896  718  615  450  624  812  643  912  813  734  928  137  954  846  789  553  323   76  290   62  122  437  458  590  337   68  937  392  165  182  914  675  933  750  430  913  736  238  401  418  400  179    9  220  667  873    6  163  924  736  144  654  650   25  976  135  160  708  865  807  267  172    6   38  640  299  335   32  745  338  463  596  215  641  181  786  929  153  644  345  256  764  598  796  730  410  778  221  143  771  725  560   38  855  591  245  331  964  786  579  877  913  855  841  506  852  227  196  559   67  516  960  360  154  119  551  480  901    5  
752  471    0  345  137  589  127  586  374  996  762  453  437  726  145  799  856  439  122  911  748  539  459  586   27  842  935  594  707  766  917  230  566  822  771  506  520  250  665  940  610  255  582  835  101  683  560  723  159  607  394  200  912  223  859  823  319  846  236   36  952  673  575  462  901  748  428  123  253  203  476   49  973  663  884  364  255  334  720  221  694  992  288  167  661  833  504  952  911  672   22  520  747  281  952   49  668  489   85  334  464  189   86  604  695  359  476  908  897  745   17  278  727  525  533  184  910  324  820  504   67  502  314  598  716  742  280   36  764  835  165  543  519  692  287  603  189  162  389  973  393   30  372  220  700  857  437  950  388  508  272  726  601  937  445  255  545  549  809  857  462  856  828  256  421  258  826  980  532  761  517  520  610  303  711  777  624   48  481  521  714   44  959  125  772  218  245  478    7  356  
866  717  345    0  505  867  292  824  428  334  662  259  599   80  126  200  197   74  699  390  974  431  700  154   73  450  236   60  525   50  660  960  198  942  801  533  189   82  900  458  954  996  605  401  351  230  893  656  256  321  907   17  179  622   66  581  710  927  333  240  401  352  545  685  738   41  779  368   94  438  576  281  846  797    0  788  247  846  153  829  523  307  707  158  912  299  348  633  143  398  839  107   85  626   64  381  141  457  603  519  610  230  582  700  703  441  834  313  795  885  646  231  466  803  606   72  428   44   81  866  512  660    4  266  776  980  642  199  812  878  886  177  165  887  414  781  605  430  835  943  190  269  413  396   24  155  513  925  923  374  509  176  873  722  743  759  734  122  810  315  946  336  597  712  426  347  800  518  749  693  363  995  375  741  102  767  634  274  541  386  124  714  573   76  593  904  507  513  736  221  
878  643  137  505    0  603  335  911  935  375  239  353  312  336  753   62  179  668  133  649  378  500  878  910  534  312  971  718  646  222  318  537  820  667  800  499  556  511  735  400  880  404  650  746  175  389  530  517   22  258  865  605  600  284  114  964  280  826  185  923  102  549  732  433  289  465  221  627  281  296  372  744  666  689  172  583  281  766  403  217  337  338   44  801  284   26  804  936  391  509   14  282  156  167   46  704  280  670  913  637  378  467  858  309   29  214  982  195  207  350  176  683  977  175   57  420   80  292  156  738  509  165  606  918  447   95  903  275  694  780  106   12  525  954  487  880  781   25  285   60  587  838  664  947  466  791  373  429  124  495   14  255  871  476  722  336   76  895  989  847  955  938  109  340   50   85   83  909  332  296  700  838  994  860  213  386  858  811  127  279  624  702   63  767   81  158  704  182  809  312  
 99    6  589  867  603    0  667  267  235  661  768  458  467  929  882  157  447  590  507  572  569  213  794  210  808  828  621  647  296  205  744   59  696  146  152  196  338  875  671  456  926  611  523  230  245  370  670  864  170  998  896  470  472  378  178  383  892  705   48  765  405  528  126  923  906  180  229   61  640  995   57  642  697  625  940   36  279  262   78  282  102  355  168  321   37  378  351  752  965  693  368  608  144  554  681  245  336  575  601  174   35  532  322  190  840  808  241  369  512  534  638  233  628  521  109  415  770  256  882  485  397   88  343  107  142  352  705  973  729  721  626  473  390  354  426  929  911  398   42  748  882  491  963  710  555  196  335  547   43  196  849  936  511  820   64  188  341  219    5  314  319  804  811  807  992   88  908  398  594  165  571  638   71  869   84  892  193  838  344  598  439  381  979  909  365  559  480  763  742  197  
960  555  127  292  335  667    0   22  792  157  414  380  538  483  462  643  283  316  247  678  648  808  469  697  622  443  118  647  174  353  177  941  260  630  578  500  126  159  144  647  206   68  812  957  109  284  505  991  739  183  625   77  713  632  683  641  663  397  938  258  366  905  319  418  745  121  184  723  292  257  210   24  598  149  765  901  870  783   70  449  768  665  507  790   57   81   11  606  966   13  490  168  644  713  843  694  258  638  349  261  767  447  622  702  935  650  588  748  338  580  876  856  159  466   71  895  757   57  972  607  502  332  441   28  957  139  693  285  561  900  652  862  592  445  347  834   69  945  226  938    6   22  742  416  485  536  943  881  976  570  595  818  690  602  616  568   75  942  222  253  608  472  509  816  533  503  806  543  437  893  387  356  363  225  889  585  338  138  899  247  401  752  289   90  571  699  288  923  633  555  
 32  480  586  824  911  267   22    0  554  870  343  479  931  791  926   13  813  380  418   99  302  155  212  755  923  361  142  129  987  597  162   73  524  369  922  333  920  272  321  375  948  142  845  841  300  631  568  499   73  628  451  556  196  196   54  195  773  733  409  707  258  848  935  562  636  766  737  179  253  956  838  392  473  427  663  667  645  115  438  875   10  544  986  421  593  334  982  802   88  381  806  573  860  622  256  128  729  760  442  137  136  663  174  498  454  634  891  567  845  228  292  158  950  304  728  301  460  322  229  346  320  893  120  607  842  753  992  905   52  305  478   87  460  988  678  933  749  923    2  384  965  893  668  774   36  907  217  753  614  356  318  575  252  293  115   31  689  933  134  449  721  995  131  266   26  111  281  706  475  226  892  241  483  301  699  959  310   51   36  288  557  341  447  619  746  499   88  527  546  253  
697   93  374  428  935  235  792  554    0  355  857   64  160  294  334  901  553  901   96  434  858   72  355  764   14  531  385  198  819  815   30  431  690  694   27  891  173  633  643  764  293  764  852  533  151   68  412  692  174  898  536  289  330  626   10  931  513  675  763  133  709   39  496  810  322  149  685  425  333  887  656  347  699  973  165  151  789  646  208  703  168  258  143  773  413  249  814  265   83  368  505  981  167  733  952  285  845  961  682  715  835  477  784  852  914  926  708  289  596  599  358  475  374  722   51  300  796  687  809  527    0  555  706   18  586  223  798  952  155  635   19  922  968  390  378  622  425  716   88  927  455  815  786  525  123  929  624  543  920  126  143  969   37  153  583   51  490  990  742  155  411  221  311  872  293  128  485  455  491   46   77  134  699  871    2  729  982  678  799  551  682  165  172   61   89  715  491  477  992   19  
703   66  996  334  375  661  157  870  355    0   86  940  400   91  736  456  635  903  809  643  871  252  390  148  739  277  410  314  888  814  673  331  332  539   10  234   84  758  377  327  625  217  430  945  653  324  780  611  964  913  529  188  381  793  505  465   61  145  663  641  856  117  380  800  860  737  343  715  388  592  822  211  466  581  250  890  291  301  257  988  561  633  390  489  358  921  866  459  335  826  242   45  411  304  647  209  873    8  332  830  845  228  154  976  430   11  142  719   63  349  125  249  636   35  725  948   40  357  940  387  742  151  151  274  353  538  909  734  197  912  295  138  150  148  699   86  282  232  892  763  574  517  909  468   19  468  740  114  295  888   73  396  243  199  781  918   59  139  724  912  916  337  582  917  910  664  714  743  469  648  377  100  482    9  731  367   44  860  857   92  330  506  665  902   76  632  184  320  413  870  
960  747  762  662  239  768  414  343  857   86    0  730  550  324  566    7  732  198  706  413  683  782  775  690  367  644  917  945  604  506  227  192  489  955  613   53  430  157  611  196  335  289  402  737  845  534  740  213  637  595  806   68  249  670  101  885   76  307  143  282   97  270  901   86  614  332  920  297  728  564  497  237  412  110   53  515   83  810  295  706   96  183  161  773  620  652  123  195  314  368  255   71  918  916  242  803  803  634  113  665  238  676  297  166  407  284  451  745  620  508  298  635  574    5  806  766  166  132  165  175  828  291  603   47  973  931  380  754  440  448  170  844  157  999  576  420   44  412  167  564  356  989  512  857  624  873  488  866  663  682  418  745  992   70  956  568  409  584   95  686  429  863  987  924  142  715  576  517  707  589  674  627   53  987  138  915  161  510  962  289  801  447  647   94  729   48  875  725  268  187  
623  703  453  259  353  458  380  479   64  940  730    0  850  102  249  681  244  500  801  317  234  796  484  769  965  777   34   40  139  484  607  146  959  104  196  369  224  640  907  444  163  841  323  877  562  578  859   22  459  307  840   20   45  473  282  584  721  802  426  104  573  151  130   90  431  365  673  560  526  778  492  133  856  541  505  624  971  708  113  274  239  877  199  746  614  868  339  720  170  523  701  690  490  627  363  758   16  681  912  634   77  857  249   44  169  762  656  149  850  313  149  379  832  202  829  944  309  161  272  504  434  909  532  526  443  989  118  788  118  947  289  652  860  336  234  360  227  292  355  856  688  876  567  625   15  127  499  370  426  400  776  265  375  843  775  939  251  775  718  687  869  429  896  619  966  111   56  639  262  405  711  277  298  659  366  937  120  870  234  878  945  947  466  320  913  317  117  652  877  678  
383  414  437  599  312  467  538  931  160  400  550  850    0  969  674  149  180  192  475  626  219  243  617  719  695  803  947  889  936  446  880  978  898  624  918  611  823  304  965  674  948  531  852  902  448  119  868  972  330  278  980  477  776  768  808  997   74  909  960  585   26   91  184  531  310  339  919   20  105  236  707  746  352  236  376  579  405  275  951  902  658  967  786  187  128  906  223  827  238  266  550  755   15  423  662  628  689  924  301  196  277  946  330  178  658  904  136  991  891  342  257  229  747  369  767  810  685  529  790  675  113  788  232  121  929   76  704  645    6  233  351   68  790  977  800  825  293   63  554  381  853  388  608  514  767   88  869  238   71  292   29  487  724   35  638  841  139  144  739  525  966  536  285  462  865    2  557  423   35  249  642  145  928  208   46  142  613   38  426  509  671   73  597  184  166  750  844  788  973  496  
681   54  726   80  336  929  483  791  294   91  324  102  969    0  901  642  563  745  520  998  950  715  190  529  119  906   12  321  175  286  301  133   63  515  106  649  159  636  954  260  500  528  251  640  447  492  812   78  698  120  391  903  546  739  934  752  255  976  853  527  102  982   15  922  866  130  152  691    8  321  795  810  559  311  715  652  936  732  489  180  799  876  723  180  345  362  884  646  437  996  482  571  552  814  401  711  231  384   51  445  351  841  415  459  608  498  365  297  169  671  377  245  916  669  768  879  396  519  927  905   73  387  395  816   39  512  879  852  209  890  579  376  222  390  233  384  547  349  933  834  299  235  988  339  671  143   96  674  905  416  447  301  445   62  847  656   42  391  263  461  404  133  501  835  443  612   40  369  668  638  911  955   27  589   19  720  894   41  182  871  275  623  877  276  281  814  547   21  525  217  
 85  329  145  126  753  882  462  926  334  736  566  249  674  901    0  319  256  450  109  833  439  673  574  476  274  279  746  880  858  761  811  231  469  769  539  485  966  962  840  768  121  544   41  794  513  989  579   15  386  562  807   29  917  650  936  174  786  393  422  558  249  194   59   67  171  572  994  640  981  741  981  531   34   99  646  908  694  227  653  440  765  246  230  703  862  217  903  144  871  639  850  812  130  969  676  132  441  164  142  299  794  497  609  636  197  353  272  250  479  711  626  415  176  847  402  107  709  894  984   16  849  436  934  136   47   95  663  333   37  217  195  199  966  112  359  311  721  790  300  833  875  143  816   13  683  664  363  443  533  341  347  240  723  699  945  274  853   31  691  247  546  867  136  566  164  517  550  544  761  924  810  394  366  749  900  846  514  465  993  249  871  164  794  490  396  961  676  543  193  386  
913  612  799  200   62  157  643   13  901  456    7  681  149  642  319    0  567  834  634  186  447  366  846  110  156  293  850   54  375  812  822  540  646  100  980  414  918   95  603  388  653  785  789  792  895  119  331  647  868  817   54  166  175  954  135  474  772   54  513  966  624  476   48   26  911  880  823  653  561  267  890  946  465  426  204  843  232   67  385   21  274  293  478  475  865  986  744  146  753  774  117  323  647  374    9  706  119  152  945  730  759  696   81  772  671  247  496  547  427  853  139  483  235  701  384  986  355  889  590  709  722  481  279  255  148  513  761   25  610  838  553  918  215  993  201  256  363   92  535  664  560  455  518  450  627  939  419  446   81  319  481  772  937  273   26  655  373  712  829  778  981   75  613  565  557  895  768  747  928  962  572  694   20  517  723   53  528    9  623  350  960  602  896   30  400  132  825  592  508  942  
804  899  856  197  179  447  283  813  553  635  732  244  180  563  256  567    0  682  836  915  721  810   13  642  706  340  741  351  976  823  121  710  824  647  747   11  655  660  494  685   92  812  207  594  883  775   11  516    5  427   51  833  364   31  908  621  755  848  184  492  730  404  230  925  303  598  560  610  650  208  482  670  637  836  706  427  262  267  671  804  748  580  768  846  330    6  874  161  203  816  685   76  729   97    8  352  345  891  307   29  517  673   40  524  442  315  240  214  385  529  939   57  444  578  146  417   97  139  415  985  243  166  563  445  953  339   34  342  220  311  247  427  849  847  587  372  677  748  379  139  250  675   56  726  949  995  783  606  799  151  424  724  157  884  240  800  937   79  699  246  381   62  582  787  647  756  236  377  229  509  809  390  365  827  533    4  575  615  707  668  247  894  861  183  577  128  961  979  117  955  
459  414  439   74  668  590  316  380  901  903  198  500  192  745  450  834  682    0  438  915   87  269  509  185  755  562  259  701   27  309   23  626  302    4  972  491  275   68  285  172  194  271   34  388  290  877  564  516  810  966  700   19  827  329  322  175  930  510  505  313  612  799  725  170  566  134  804  570  607  338  804  531  960   40  493  893  128  747  767  205   33   37  322  207  230  480  641  848  509  213  121  755  306  731  777  271  900  558  193  239  175  556  303  371  697  629  720  807  165  746  501  963  832  395  941  291  767  358  752  790  241  773  537  278  749  724  465  606   75  211  915   47  100  588  464  615  987  436  362  249  179  466   14  829   67  141  860  960  521  195  806  291  139  479  353   58  364  387  917  846  686  344  899  332  492  869  805   28  861  344  905  727  194   14  800  678  964  789    0   36  515  249  855  217  145  743  603  289  149  931  
 81  710  122  699  133  507  247  418   96  809  706  801  475  520  109  634  836  438    0  980  346  254   66  571  391  845  827  292  889  144  842  180   12  852  260   88  319  370  815  408  360  619  199  998  363  731  899  623  885  455  821  301  584  219  217  959  165  654  962  914  817  509  732    6  238  881   66  944  211  171  206  402   47   90  674  436  677  619  878  702   90  243  894  957  938  665  648  735  772  216   77  794  501  611  471  789  393  693  202   11  665  482  518  526  591  122  150  465  546  294  979  620  257  509  952  240  719  261  564   64  961  660  597  412  694  401  336  402  624  983   16  293  546  116   63  490   99   75  362  129  109   89  670  184    9  865  315  819  689  988  457  829  628  951   83  639  450  606  195    2  570  663  719  845  551  200  639  221  794  947  996  302  126  168  830   20  344   69  317  424  939  403  469  232  780  594  596  100  355  993  
546  197  911  390  649  572  678   99  434  643  413  317  626  998  833  186  915  915  980    0  237  759  514  924  482  137  680   61  421  672  516  117  798  795  442  586  657  136  248  203  996  785  542  969  979  993  650  508  481  261  528  791   57  569  797  757  789  213  791  871  958  208  329   36  771  287  738  974  757   89  425  336  118  741  437  513  402  486  246   87  261  751  247  497  180   56  246  556  840  699   51  861  866  928  557  976  370  130  968  601  535   53  873  210  892    0  928  521  249  568  936  751  374  304  890   21  306  917  532  968  690  584  569  851  174  223  924  821  663  610  981  335  859   31   71  434  900  902  929  545  526  439  927  819  524  810  880  846  983  434  314  324  677  551  115  830  364  245  300  548  813  210   64  391  262  498  738   20  833  499  444   16    4   34   63  103  194  461  224  768  793  146  718  156  523  287  669  219  295  955  
 60  559  748  974  378  569  648  302  858  871  683  234  219  950  439  447  721   87  346  237    0  893  330  218    8   45  670  234  316  840  393  779  560  265  534   14  436  212  250  487  190  440  169  595    5  891  584  557  162  468  266  623  711  513  307   39  467  746  639  918  548  366  747  963  279  676  992  644  976  651  737  356  691   81  881  899  724  595  602  301  656  709  895  867  229  558  686  168  313  617   88  838   62  113  440  604  669  136  524  937  283  365  403  238  184  320  949  731  455  762  612  721   88  706  488  731  106  485  540  839  198  351  673  299  389  331  964  292  267   80  745  675  261  385   90  524  563   75  662  721  544  892  519  397   77   37  552   54  662  651  308  192  205  169  540  632  988  515  238  728  430  287  993  205  332  501  962   74  362  250  772  913  147  250  595  551   44  186  226  918  169  247  517  472  193  522  810   51   58  984  
758  324  539  431  500  213  808  155   72  252  782  796  243  715  673  366  810  269  254  759  893    0  884  217  964  851  686  919  262  493  158  757  921  739  389  588   57  985  563  253  952  537  512  550  365  683  656  511  757   10  968   81  213  452  506  656  571  519  825  525  734   70  560  794  493  826  502  757  163  726  264  871  138  594  503  414  241  123  255  637  956  829  178  146  754  493  836  631  596  476  416  553  459  720  511  920  984  461  886  437  926  482  149  812  368  630  615  226  605  414   48  650  332  288  467  200   46  335  149  119  879  735   87  485  990  479  588  730  949   35  386  577  521   40  564   89  552  802  324  926  461  409  722  719  990  812  414  334  914  835  802  111  835  273  319  564  543  621  103  271  521  703  216  279  424  530  604  418  491  818  999  985  706  135  477  935   88  491  815  531  229  765   90  677  303  376  763  637  222  398  
116  298  459  700  878  794  469  212  355  390  775  484  617  190  574  846   13  509   66  514  330  884    0  152  632  943  290  249   86  274  957  634  794  286  895  869  880  771  960  630   15  718  674  321  370  950  574  166  243  329  909  768  407  153  194  398  120  662  546  809   90  486  978  682  240  295   51  936  713   87  443  830  467  858  226  172  762  881  581  853  781  131   54   33   23   64  205  910  614  936  822  478  235  297  350  798  551  154  662  950  849  666  168   79  632  814  590  373  805   68  314  493   18  447  265  887  940   62  416  385   78  385  182   97  719  688  402  393  692  175  273  908  857  771  105  673  570  826  844  642  445  112  381  767  589  619  710  842  180  211  432  877  109  236  131  996  313  782  748  142  536  222  990  782  427  974   27  974  539  230   27  408  211  288  493   74  835  168  192  809  524  736  450  770  565  895  557  609  544  852  
432  975  586  154  910  210  697  755  764  148  690  769  719  529  476  110  642  185  571  924  218  217  152    0  799  514  892  897  425  455  548  659  529  531  882  559  547  659  819  383  619  746  618  602  518  989  776  937  677  240  943  789  932   61   79   81  917  135   18  818  372   87  857  645  250   45  327  779  165  525  659  719   72  118  647  936  191  996  665  992  601  283  392   55  629  222  256  696  602  432  705   18  589   61   15  496  299  390  971  484  427  761  705  636  425  248  460   42  480  619  573  781  844   57  509  645  808  770  123  599  307  710  175  362  788  393  814  173  262  710  619  841  638  911  111  603  540  771  381  335  143    2  221  797  358  761  559  392  903  617  628  302  319  879  692  738  532  233  263  883  657  593   72  640  435  415  571   58  239  299  727  316  313  469  357  258  206   90  702  772  748  857  541    8  816  122  466  276  174  271  
435  235   27   73  534  808  622  923   14  739  367  965  695  119  274  156  706  755  391  482    8  964  632  799    0  956  237   15  837  997  535  443  181  542  846  831  265  708  796  859  112  846  982  118  849  858  696  737  981  229  546  684  142  648    1  242  531  733  451  777   49  669  933  961  562  898  765  453  189  989  243    1  253  207  319  165  875  352  231  472  861  413  958  115  579  364  787  371  743  424  358  204  528  261  274  484   56  566  734  812  225    0  427  917  755  898  258  981  794  989  416  722  390  474   43  689  951  738  983  572  473  556  876  379  170  508  356  764  464  630   15  689  504  456  865   86  226  555   87  859  943  188  416  723  266  889  830  414  915   45  139  235  634  326  443  889  774  658  539  321  603  361  458  116  179  595  158   70  353  174  494  665  800  358  197  604  662  621  428  638  528  386   71  403  799   19  469  358  620  821  
738  246  842  450  312  828  443  361  531  277  644  777  803  906  279  293  340  562  845  137   45  851  943  514  956    0  671  301  819  603  133  278  551   33  479  221  143  304  614  193  702  885  434   70  529  273  474   22  736   24  656  713  866  974  878  586  732  610  630  618  623  137  469   19  789  843  983  990  808  177  264  964   74  355  145  777  370  663  802  159  878  426  696  926  660  506  921  673  995   44  458  791  599  603  294  567  140  534  435  675  733  693  942  870  807  942  291  472  508  827  256  538  654  231  192   72  151  971  714  679  942  508  736  604  586  788   95  857  627  332  424  354  339   58  682  355  178  497  665  852  749  625  899  987  511  461  420  983  580  208  324  462  542  975  467  227  466   29  161  147  335  445  965  575  125  244  437  934  500  424  451  163  782  316  485  582  281  281  876  767  386  940   69  671  695  128  478  654  564  434  
 35  629  935  236  971  621  118  142  385  410  917   34  947   12  746  850  741  259  827  680  670  686  290  892  237  671    0  297  806  720  765   22  466  577  243  354  593   89  220  326  163  387  755  462  894  912  547  682   44  502   15  140  271   13  362  566   70  452  570  621  817  146  182    8  404  959  379  882  970  915  748  952  536  943  224  424  988  659  300  971  109  114   92  321  654  119   65  487   73  115   61  303  219  313  189  538  552  553  511  157   74  893  349  667  240  296  866  920  583  749  587  372  222  197   50  422  641  333  396  855  925  302  341  201  120  718  846  793  238  490   84  388  109  304  329    1  195  582  780  298  128  307  943  536  500  181  975  221  803  186  709  362  451  124   22  563  732  396  377  992  970  450  918  819  197  636  726  461  991  733  667  998  926  733  911  186  645  503  260  970  797  821  625  500  210  932  776  417  370  897  
211   55  594   60  718  647  647  129  198  314  945   40  889  321  880   54  351  701  292   61  234  919  249  897   15  301  297    0    2  909  826  373  492   35  504  743   36  707  168  686  173  181  879  420  191  571  999   21  291  537  986  793  953  952  369  738  757  527  317  519  451  732  172  669  789  828  951  274  808  703  197  990  320  745  270  378   64  671  291  207  686  670  967  896  399  175  207  942  633  873  569  699  105  873  936  557  949  521  113  668  374  545  976  956  908  329  191  649  619  261  993  879  408  273  716  212   30  517  214  785  855  463  500  916  222  848  189  450  365  425  504  544  403  734  950  106  265  791  159  182  784  217  909  273  534   10  646  909  993  234  659  286  672  127  587   21  735  412  949  104  274  774  907  170  129  167  423  514  659  275  921  351   28  325  286  936  850  242  148  287    7  611  552  599  792  521  371  759  207  415  
831  547  707  525  646  296  174  987  819  888  604  139  936  175  858  375  976   27  889  421  316  262   86  425  837  819  806    2    0  414  711  446  912  778   73  358  606  207  633  422  804  977  882  279  568  540  393  240  362  480  707  485  511  680  721  798   69  972  165  248  906  886  354  941  755  788  267  859  908  184  615  965  918  231  133  976  803  456   63  472  672  193   10  251   40  357  536  994  291  253  253  651  407  718  398  574  397  809  923  147  440  992  518   38  983  111  438  316  211  672   47  362  780  851  595  607  932  813  965  237  739  362  422  382  611  845  505  574  846  853  233  420  415  546  122  633  344  709  201   16   99  570  378  428  156  733  595  689  416  517   69  680  483  107  492  989  686  436   99  813  685  594  712  423  750   52    6  109  188   95  679  676  791  517  260  211   83  468  619  181  843  780  256  673  928  666  392  988  929  664  
580  684  766   50  222  205  353  597  815  814  506  484  446  286  761  812  823  309  144  672  840  493  274  455  997  603  720  909  414    0  371  195  834  184  989  614  361  422  820  312  183  608  890  628  538  225  778  292  371  110  679  444  348    6  762  797  114  480  223  885  580  142  922  566  397  714  651  611  483  600  255  289  929  607  209  259  368  259  616   55  406  924  997  670  483   62  708  285   90  498  127  470  956  383  358  514  894  890  149  127  605  638   32  787  130  847  849  198   87  640  958  829  585  744  171  762  237  429   38  745  330  434  650  213  544   53  216  929  357  153    1  660  267  635  898  506  139  746  623  549  238  567  925  660  772  826  918  971  396  102  560  256  487  365  348  564  716  198  582  921  682  182  180  304  841  952  977   72  541  281  807  207   57  201  701  486  971  982  941  184  671  680  465  785  466  252  325  100  240  103  
946  301  917  660  318  744  177  162   30  673  227  607  880  301  811  822  121   23  842  516  393  158  957  548  535  133  765  826  711  371    0  154  356  514   53  562   54  763  650  489  723  374  555  759  257  701  922  584  578  787  978  871  862  431  790  266  427  265  878  206  304  282  862  173  177  521   33  689  320  791  483  420  208   87   21  797   49  372   37   85  588  276  230  881  849   85  207  710  304  280  574  535  116  507  586  569  558  668  902  418  472  979  161  816   74  206  239  231  272  758  577  784  507  856  242  369  356  472  210  774  744  798  965  226  221  901  953  564  318  884  408  481  292   36  932  837  711  134  224  586  844  734  306   38  117   51  597  938  345    4  485  830  221  232  860  160  803  884   32   53  596  354    7  222  616  829  704   50  469  683  968  390  101  752  535  225  142  498  947  814  574  375  485  647  457  198  781  656  817  223  
591  581  230  960  537   59  941   73  431  331  192  146  978  133  231  540  710  626  180  117  779  757  634  659  443  278   22  373  446  195  154    0   73  599  279  658  745  526  488  976  544    9  641  712  317  785  865  418  470  751  887  954  513   53  924  126  786  311  379   23  392   21  696  978   78  581  222  596  631  839  579   19  850  669  422  755  621  696  856  276  668   10  299  347  610  283  138  953  107  821  586  571  592  192  197  398  970  962  726  802  736  856  932    7  734  509  423  391  873  950  729  279  348  835  637  260  908  656  143  601  371  245  322  548  959  746  592  764  514  171  202   78  206  272  938  716  875  680  784  869  445  119  510  847  683  993  842  626  183   67  142  769  780  474  973  642  624  925  962  806  356  905  837  768  207   50  572  348  284  388  775  266  853  169  274  215  699  753  456  927  951  343   52  711  358  703   79  579   51  497  
 86  406  566  198  820  696  260  524  690  332  489  959  898   63  469  646  824  302   12  798  560  921  794  529  181  551  466  492  912  834  356   73    0  976  377  122  449  789  246  167  951  554  813  989  812  995  956  809  471   79   71  371   80  473  243  396  828  732  636  746  408  236  663  170  185   68   53  385  397  462  696  547  644   65  761  563  520  536  322  788  748  348  624  313  953  946  879  702  152  320  933  797  508  753  511  495  336  268  999  931  324  801  510  506  649  756  842  517  691  652  723  144  336   17  375  349  478  464  323  626  428  652  425  491  903  233  966  920  581  189  805   19   92  330  857  698  114   39  110   32  259  107  105  174  627  980  429  322   95  604  885  144  205  275  715  723  991  963  996  617  404  728  890  537  918  158  824  879  996  119  706  450  103  153  365   65  544  384  455  825  504  369  623  290  844  466  196  214  223  806  
200  811  822  942  667  146  630  369  694  539  955  104  624  515  769  100  647    4  852  795  265  739  286  531  542   33  577   35  778  184  514  599  976    0  282  242   32  230  886  689  460  977  263  632  329  827  604  977  521   59  903   59  841  221  764  513  411  581  563  162  585  219  816  737  298  356   85  897  364  914  528  192   82  924  312   25  374  643  125  951  441  417  809  368  435  949   44  509  349  619   66  190  239  251  463  601   39  766  321  535  213  928  831  811   94  663  325  175  866  907  190  253  848   91  150  703  975   95  411  777   69  826  715  305  154  331  584  665  799  380  408  496  635  851  118  454  431  774  694  774    6  189  926  107  529  394  374  863  486  830  884  180  942  864  330  589  918  756  489  420  151  331  329  129  539  903  850  752  260  417  489  637   79  638  738  791  681  101  178  512  102   94  951  384  344  474  817  592  909  422  
197  811  771  801  800  152  578  922   27   10  613  196  918  106  539  980  747  972  260  442  534  389  895  882  846  479  243  504   73  989   53  279  377  282    0  157  249  325  937  260   79  983  332   67  267  929  285  185  343  290  204   77    0  563  506  907  537  316  855  164  181  173  605  516  423  621  283  571  436  984  482  163  519  248   46  696  945  708  585    2  284  589   21  639  518  128  410  493  244  503  629    7  324  941  611  101  529  305  637  944  828  842  289  725  321  119   36   80  976  178    0  180  324  294  707  962  149  940  429  763  755  937  419  536  362  518   10   34  827  507  409  964  652  261  701  659  772  678  725  449  284  923  395  784   80  301   63  530  607  948  958  262  627  777  829  795  796  888  500  370  270  491  683   49  959  154  672  797  483  963  215  847  912  990  862  320  965  962  159  123  213  376  381  899  452   36  696  837  343  122  
 71  877  506  533  499  196  500  333  891  234   53  369  611  649  485  414   11  491   88  586   14  588  869  559  831  221  354  743  358  614  562  658  122  242  157    0  996  306  188   14  743  349  934  549  726  435  746   77  830  509  509  502  838  127  352   46    4  344  627  799  822  198  721  638  861  547  331    0  514  742  152  147  612  582  907  262  202   10  110  645  200  935  344  427  599  862  690  535   57   36   34  649  873  815  472  812  881  352  977  500  525  190  158  985  349  699  109  496  394  640  792   91  904  782  320  980  399  992  868  893  178  892  999  917  226  687  719  142   17  770  328  524  354  459  164  889  367  687  511  260  598   13   54  670   73  678  948   87  306  609  800  988  151   47  895  461  190  291  799   64  949  946  332  171  348  671  316   65  465   59  869  177  838  597  325  599   37  675  807  960  963  582  551  512  599  605  768  828  465  916  
415   72  520  189  556  338  126  920  173   84  430  224  823  159  966  918  655  275  319  657  436   57  880  547  265  143  593   36  606  361   54  745  449   32  249  996    0  112  377  413  417  928  397  382  243  907  205  781  519  285  262  823  685  295  994  243  295  951  614  149  136   91  919  819  260  727  266   65  516  809  389  774   70  299  353  203  843  108  207  747  178  347  889  369  507  964  536  497  136  128  171   23  782  868   87  411   22  780   51  775  549  264  416  790  763  456  776  926  976  617  755  555  745  695  113   66  889  382  741  384  260  697  535  533  110  958  478  694   40  556  128  469  434  266   57  501  876  389  826  444  960  820  648  463    0  526  801  132  586  169  129  921  732  926  486  706  577  447  763  768  176  185  960  757    0  224  146  951  401  187  333  941  245  291  697  804  665  175  215  272    8  967  526  214  156  546  397  156  455  552  
137  826  250   82  511  875  159  272  633  758  157  640  304  636  962   95  660   68  370  136  212  985  771  659  708  304   89  707  207  422  763  526  789  230  325  306  112    0  716  894  792   88  565  680  677  623  761  534  426  534    1  802  156  630  564  366   79  895  388  112  278  826  230  117  776  679  344  823  296  594  173  359  676  175  343  173  509  757  857  519  459  698  365  615  587  215  801  550  306  717  758  744  634  520   55  776  857  469  758  983  299  980  169  863  103   68  683  730  974  235  822  564  279  147  576  487  953  826   44  469  164  498  245  330  286  143  405  549   68  217   75  950  572   70  212  357  868  653  716  450  211  236  309  548  344  424  611  594    7  838  232  621  560  538  614  877  988  132  255  630  366  193  972  292  776  176   10  831  945  967   20  197  936  120   23  368  454  461  297   21  981  205   69  381  764  965  537  198  482   88  
727  207  665  900  735  671  144  321  643  377  611  907  965  954  840  603  494  285  815  248  250  563  960  819  796  614  220  168  633  820  650  488  246  886  937  188  377  716    0  143  155  588  992  192  126    9  501  650  847  939  236  540    7  307  169  115  923   48  529  456  216  387  860   38  767  327  587    9  174  343  600  794    1  160  675   46  886  106   47   39  570  619  483  189  253  933  383  499   13  834  133  984  530  814  645  401  342  948  329  852  730  994  337  176   65  644  795  944  306   25  946  462  674  560  335  165  693  575  235   83  506  841  563  993  461  158  249  803   91  168  914  244  607  595  786  202  378  553   38  330  890  795  216  826   46  381  881  693  102  444  651  684  245  890  555  782  885    5  467  750  744  355  312  297  456  335  393  667  542  539  630   37   70  471  497  568  190  805  975  872  192  737  310  623  122  669  971  675  928  827  
979  441  940  458  400  456  647  375  764  327  196  444  674  260  768  388  685  172  408  203  487  253  630  383  859  193  326  686  422  312  489  976  167  689  260   14  413  894  143    0  939  271  744  732   11  603  757  289  252  339  959  695  252  700  407  278   41  169  470  539  502  910  589  164  609  411  969  858  324   36  994  347   39  957  686   47  784  561  549   41   18  898  320  721  101  413  532  338  462  696  375  381  522  154   50  498  414  762  463   51  154  989  906  906  463  884  658  240  633   35  569  709  106  366  893  281  549  553  628    6  982  420  677  577  915  464   89  448   89  730  389  994  858   98  585  148  271  255  945  782  323  248  197  389  905  883  199  764  766  208  236  846  341  299  922  552  209  812  982  119  549  667  553   62  657  297  899  803  577   47  540  361  535   34  761  400   28   13  739  758  319  781  371  762  474  453  434  648  695  635  
353  656  610  954  880  926  206  948  293  625  335  163  948  500  121  653   92  194  360  996  190  952   15  619  112  702  163  173  804  183  723  544  951  460   79  743  417  792  155  939    0  213  476  879  331  834  983  178  960  678  423  651  252  494  567  798  970  455  285  237  369  679  848   30  360  409  113  899  548  467  390  393   91  999  423  389   98  469  906  510   16  624   75  562  413  414  330  166  490  835  637  659   91  928  790  856  385   15  675   62  947  705  584  291  255  163  280  957  501   35  200  201  684  449  864  753  401  558  356  124   27  799  653   75  123  997  117  514  459  390  914  751  782  391  677  510  198  655   95  669   44  581  951    8   58  575  356  404  847  616  279  115  727  665  242   45  902  312  997  116  893  593  434  956  226  335  763  145  324  583  813  742  925  694  289  992  994  771  999  486  658  588  806  697  297  737   85  631  706  549  
483  604  255  996  404  611   68  142  764  217  289  841  531  528  544  785  812  271  619  785  440  537  718  746  846  885  387  181  977  608  374    9  554  977  983  349  928   88  588  271  213    0  294  635  697  713  438  322  971  356  434  338  672   85  746  468  762  751  156  591  438  509  196  572  846  698   86  499  596  785  145  816  845  280  201  272  834  517   88    0  737  657  481  953  809   10  404  407  446  929  152  506  108  853  496  202  520  915  238  763  941  463  964  968  592  914   92  517  379  298   49  212  485  651  242  143  571  269  302  983  669  676  865  819  209   49  243   26   40   84  291  972  890   78  445  534   22  423  246  228  859  153  208  644  241  435  424  808   94  893  893  618  525  593  783  155  613  219  530  445  640  739  726  295  277  175  983  992  230  937   77  263  638  942  125  927  205  293  341  703  239  428  278  857  620  871  703  306  753  173  
