120

  0  680  197  896   98  391  871    3   30  663  777  444   81  874  954  967  256  396  758  130  594  912  679  832   48  939  169  105  964  336  976   22  440  212   82  854  385  223  276  558  510  335  517  919  452   58  540   73  687  766  200  767  896  429  409   48  742  902  543  867  356  344   95   97  803  105  347  131  705   38  262  580  855  230  798   16  988  899  681  711  521  788  948  280    9  446  210  430   51  446  985  143  115  339  933  280  732  771  363  593   16  572  824  676  806  410   99  962  409  675  403  131  419  579   88  278  965  283  837  242  
680    0  200  386  108   17  142  907  280  903  325  693  983  157  524  433  872  501  176  382  308  862  885   58    4   26  430  272  918  150  126  319  739  362  557   91  718  649  605  284  571  501  442  227  722  968  850  590  569  722   35  783  763  897  397  163    6  607  527  699   20  356  713    3  784  632  530  682  397  772  555  949  971  408  581  133  699  703  930  703  631  601   45  779  182  342  823  816  554  445  587  503   26  696  869  318  206  244  348  823  394  612  346  208  642  207  901  739  372  835  581  294  362  994  661  259  610  617  808  766  
197  200    0  587  574  805  657  877  927  578  845  338  613  683  871  948   92   10  482  183   20  910  960  190  556  326  565  508  363  410  192  958   61  838  373  770  664  767  760   53   73  731  823  423   91  885  941  420  318  767  282  471  609   84  806  223  526  751  766  636  210  790  736  860  619  433  869  871  443  470  304    9  487  490  587  217   44  816  336  556  827  773   91  326  658  816  559   47  707   61  591  340  179  343  585  813  621  365  218  114  553   51  728  200  415  517  309  635  462  639  440  743  246  207  356  990  796  318  656   32  
896  386  587    0  356  869  884  470  363  813  458    3  615   42  676  998  888  318  334  835  416  844  918  361  607  882   72  348  656  699  885  286  341  285  581  804   45  435  394  243  237  501  905  657  997  704  903  632   46  782   30  891  279   81  384  436  955  937  158   67  793  595  345  551  362  201  942  330  322  856  116  618  148  443  373   59  890  622  713  954  383  205   17  574  845  224   63  766  263  667   27  862  140  273  708  806  262  779  178  455  917  178  400  662   11  537  910  419  340  469  690  772  651  370  841   65  763   28  682  634  
 98  108  574  356    0  570  885   13  222   73  550   10  315  630  991  148  283   91   36   82  960  762  925   12  209  831  956  969  344  250  380  846  698  406  232  762  768  871  929  794  332  501  270  579  341  873  188  532  945   68  782  750  687  645  795  325   76  835  997  957  655  134  634  247  120  393   77  560  399  337  466  594  150  883  234   68  266  628    2  960  878   94   68  591  328  970  369   68  783  128  381  832  689  281  714  864   47  139  596   71  836  771  857  737  630   10  207  970  806  649  717  782  475  189  511  288  631  601  136  312  
391   17  805  869  570    0  695  610  737  276   51  502  513  279  176  508  635  330   52  845  332  272  651  638  689  127  750  650  823  983   38  886  748  571   18  491  619   78  967  536  753  777  643  216  795  212  611  544  683  651  180  802   30  608   92  545  114  609  878   62   38  602  321  117   14  239  328  703  762  243   76  599  454  713  807  572  397  345  402  314  518  713  170  393  248  341   24  594  135  798   78  250  278  775  523  464   14  250  476  819  714   50  585  785  542  272  475  990  605  335  363  716   88  567   54  257  960  884  614  483  
871  142  657  884  885  695    0    9  962  943  453  326  445  756  809  997  916  965   37  203  178  613  553  801  613   34  112  112  130  599  559   77  191  776  835  930  315  676    3  577   48  301  161  500  359  977  614  536  611  695  604  477  429  554  206  444  710  178  651  829  518  384  236   69  868  359  576  912   89  773  478  548  874  305  655  410  366  716  833  672  914  465  606  251   14  162  551  250  366   55  635  932  754  769  256  858  607  600  253  363  553  125  554  791   26  555  891  621  939  557   77  141  419  180  972  825  820  244  929  799  
  3  907  877  470   13  610    9    0  532  780  872  765  519  270  553  179  314  502  129  314  110  537  339  939  137  650   19  892  312    3  119  537  377   17  846  304  159  685  673  779  373  813  191  856   12  684  377  882  276  331  348  397  952  657  221  397  622   41    7  498  165   17  274  741  359  139  613  420   78  551  534   29  559  275  902  418  733  691  817  996  340  276  798  316   49  599  654   86  761  906   72  119  981  670  800  236  270  978    0  699  439  759   38  374  943  955  128  255   63  988  216  158   61  606  257  921  343  373   32  310  
 30  280  927  363  222  737  962  532    0  317  952  562  768  254  274  367  343  129   69  325  217  680  913  679  499  857  105  613  750  577   96  890  135  960  300  170  185  285  463  294  238  192  629  295  611  531  489  219  282  243  410  518  267  980  985   39  577  761  439  437  261  809  547  966  446  938  442  798  172  767  722  607  863  955  863  861  173  981  636  365  288  233  167  444  439  367  248  730   57  932  461  412  871  635  190   74  789  731  690  483  748  588  616  472  345  837  313  453  338  696  879  665  174  584  560  444  308  427  164  540  
663  903  578  813   73  276  943  780  317    0  138  676  809   13  227  813  737  673  194  859  230  549  262  776  241  262  961  616  152   41  750   99  148  482   96   75  751  383  228  943  322  284  533  464  265  448  889  585  386  118   56  622  179   44   98  718  979  735  695  671  199  786   55  354  706  419  152  349  483  970  250  450  160  449  532   55  708  362  787  361  554  177  624   21  183  185  159  586   28  761  254  170  665  606  921  752  937  647  538  540  378  423  688  887  799  972  373  559  423  767  743  816  952  311  573  683  279  199  484  488  
777  325  845  458  550   51  453  872  952  138    0   81  388  702  493  871  971  853  457  650  598  271  284  945  895  318  637  481  862  511  232  500  583  118  308  657  945  247   72  807   37  767  709  954  511  531  525  271  577  429  499  450  167  317  720  953  918  161  276  238  498  502  997  830  880  706  324  366  480  324  466  321  662  451   35  324  613  711  232  637  632  499  165  651  559  887  750  927   63  829  708  724  274  326  480  592  960  720   14  523  273  768  192   17  113  586  433   54  761  634  820  789    9  593   50  189  743   10  900  586  
444  693  338    3   10  502  326  765  562  676   81    0  116  616  478  667  960  687  582  287  871  645  741  330  505  679   89  562  604  776   71  726   50  187  611   14   24  138  185  131  717  915  549  565  278  394  350  201  142  530  375  899  756  885  542  561  345  876  503  605  525  615  243  458    1  806  354  195  238  866  456  615  821  834  107  819  907  132  102  263  973  999  150  412  850  699  701  731  922  338  365  295  418  482  152  813  550  562  613  288  328  558   38  649  249  490  225  673  940  329  988  803  138  452  102  930   87   33  983  672  
 81  983  613  615  315  513  445  519  768  809  388  116    0  132  561  191  605  808  511  978  428  533  785  934  429  633  346  266   67  527  708  852   59  112  845  854  119  759  695  955  579  527  557   28  651  448  453  968   72  904  179  489  933  511  877  934  104  201  739  737  647  232  528   41  449   51  959  381  268  974  315  160  606  591  589   28  691  320  273  809  670  420  387  585  477  688  737  236  830  808  598  610  646  120  937  368  198  920  747  899  472  793  149  998  306  161  148  450  649  333  459  839  290  795  469  423  702  358  890  482  
874  157  683   42  630  279  756  270  254   13  702  616  132    0  478  654  961   48  155  341  805   31  986  683  489  415  935  822  121  313  316  297  978  387  974  989  105  664  252  350  816  134  994   91  993  180  676   69  977  480  560  709  991  557  222  416  129  504   75   80  394  628  632    9  731  171  837  465  642  161  259  992  985  591  881  370  187  854  584  496  975  738  665  219  568  940  856  832  628   89  741  372  470  415  832  311  845  389  269   95  777  948  561  465  765  789   15   19  295  256  555   92  283  995  612  249  577  751  158  802  
954  524  871  676  991  176  809  553  274  227  493  478  561  478    0  268  306  516  611  826  599  779  495  739  571  371  661  341  628  837  664  709  818  228  970  568  210   12  976  870  874  612  267  267  959  569  456  212  408  693  698  859  763   16  717   53   86  715  135   17  615  387  272  484  864  976  990  761  269  955  108  698  579  795  499  322  821  528  345  535  253  743  784  416  934  438  651  469  155   68  561  539  651  511  457  479  651  634  228  228  447  784  435  726  765  431  834  721  228   66  280  851  788  900  372  681  334  928  909  642  
967  433  948  998  148  508  997  179  367  813  871  667  191  654  268    0  215  266   23  418  344  265  548  178  573  678  168  352  261  110  444  658  216  912  157  809  676  890  207  494   23  102  427  487  481  956  962  500   67  404    4  837  584    5  873  374  981  625  988  428  285  242  160  765  905  638  465  574  974   10  654  697  869  977  660  911  709  955  273  828  719  501  653  417   15  977  501  282  918  681  457  836  897  175  537  303  909  425  509  178  672  437  958  993  719  848  814  349  617  451  182  587  473  120  796  243   49  691   12  818  
256  872   92  888  283  635  916  314  343  737  971  960  605  961  306  215    0  271  364  965  412   64  343  802  235   80  707  487  921  294  819  397  297  563  522  557  228  805  959  531  433  961  830   61  421  601  872  167   43  117  938  308  121  906  698  426  993  797  682  121  793  480  185  604  729  219  597  111  858  394  667  527  970  582   69   19  542  392  945  212  839  196  548  868  687  563   46  237  641  325  105  909  255  697  664  884  654  459  641  608   59  422  315  445  566  475  794  836  536  580  930  716  871  827  738  335  573  880  965   93  
396  501   10  318   91  330  965  502  129  673  853  687  808   48  516  266  271    0  811  941  540  337  727  164  418  647   16  802  742  924  841   96  468  175  739  517  890  368  278  716  238  228  279  572  392  698  877  477  799  641  254  578  423  840   75  748  266  859  792  304  778  324  400  988  493  890  640  214  657   12   87  935  401  116  983   72  577  646  607   20   22  960  288  577  755  880  696  257  633  217  921  173  451  752  696  649  827  127  764  110   55  690  825  713  750  331  650  474  470   72  494  613  688  719  704  217  437  573  149  936  
758  176  482  334   36   52   37  129   69  194  457  582  511  155  611   23  364  811    0  903  896  904  338  146  119   12  700  128  345  315  750  418  759  158  316  801  748  837    8  503  571  553  560   74  885  182  653  466  393  177   61  743  329   85  653  472  186  858  310  800  202  657  258  445  573  301  947  571  555  652  438  853  686  929  717  159  594  600  269  987  371  318  777  216  407  711  937  625  713  212  905  168  758  126  788  718  319  962  335  371  804  669  650  822  411   15  258  223  973  554  936  604  854  767  850   27  538  366  159  370  
130  382  183  835   82  845  203  314  325  859  650  287  978  341  826  418  965  941  903    0  205  287  264  466  942  553  586  973  315  898  392  631  790  262  337  237  312   47   20  780  855  681  334  672  643  833  510  614  476  623  987  442  593  275   85  869  440  267    5  173  552  718  130  146  968  788  151  805  785  543  225  853  457  761   13  271  761  955   11  152  550  111  824  691  802  676  308  247  512   75  514  892  942  143  261  314  485  200   58  331   74    4  814  257  616   92  826  352  785  595  420  702  257  958   22  660  906  542  859  420  
594  308   20  416  960  332  178  110  217  230  598  871  428  805  599  344  412  540  896  205    0  969  190  234  548  909  467  622   87  175  201  345  584  653   77  806  626  156  964   69  576  252  931  806  846  733  436  316  674  274  154  507  483  812  553  376  604  364  476  818   84  613  360  292  443   57  312  228  852  509  366  364  149  944  192  852  980  854  783  311  162   79  862  972  440  379  938  613  432  851  203  870  248  696  312  963  448  866  200  985  872  636  647  191  117  626  210  715  887  187  298  357  398  669  634  333  114  111  734  199  
912  862  910  844  762  272  613  537  680  549  271  645  533   31  779  265   64  337  904  287  969    0  813   29  759  198  990  911  424  549  288  262  521  995  899  707   19  912  656  923  679  127  944  694  787  218  728  761  748  277   22  853  365  431  159  256  763  872   78  316  225  220  452   76  721  523  769  682  640  964  644  625  560  186  371   23  274  257  788  663  796  632  822  558  736  359  958  438  443  854   29  250  984  826  836  684  869  896  501  355  700  329  299  713  121  961  896  558   91  728  893  504  136  339  949  562   26  615  442  707  
679  885  960  918  925  651  553  339  913  262  284  741  785  986  495  548  343  727  338  264  190  813    0  200  983   61  647  483   94  132  732   82  849   89  901  715   92  978  593  892  258  693  547  719  750  880  331  508  188  368  832   39  316  930  666  585  924  176  982   68  902  782  312  135  135  406  333  400  125  510  964  979   11  472  932    1  763  671  323  298  497  184  714  163  192  449  450  747  901  888   88  944  553  394  926  831  580  956  570  917  345  409  802  536  496  448  405  713  925  428  581   75  198  938  496  737  597  267  653  114  
832   58  190  361   12  638  801  939  679  776  945  330  934  683  739  178  802  164  146  466  234   29  200    0  878  637  683  886  430  251  529  356  937  813  942   29  751  270  205  500   61  663  802  501  481  977  870   46  932  328  662  300  460  290  564  768  641  410  412  531  962  309   93  436  323  501  699  424  246  924   68  788   46  271  674  191   15  682    4  669  770  124  226  451  639  125  569  110  984  923  378  945  390  466  411  921  468  907  120  150  650  631  167  108  579  883  702  794  721  507  351   32  870  766  490  750  322  751  762  781  
 48    4  556  607  209  689  613  137  499  241  895  505  429  489  571  573  235  418  119  942  548  759  983  878    0   91  870  150  438  218  353  482  546  989  663  480  779  453  536  877  163  412   16  304  554  444  243  421  287  321  820  310  599  866   54  564  932  538  619  119  254  473  483  994  291  140  375  842  890  197  958  155  991  501  170  864  240  264  589  712  441  740  398  163  517  700  515  874  189  622  787  243  598  415   21  810    3  171  509  906  667  888  210  585  268  428  721  388    2   62  661  129  186  102  138  846  709  377   55   86  
939   26  326  882  831  127   34  650  857  262  318  679  633  415  371  678   80  647   12  553  909  198   61  637   91    0  630  238  503  809  566  126  543  412  397  956   59  640   74  179    2  595  852   41  645  245  870  390  751  598  647  840  985  563  670  606  448  497  679  918  963   14  483  927  410  255  753  182  595  613  470  182  293   51  979  500  864  590  960  817  130  215  833  461  961  240  911  524  890  216  173  444  591  536  480  321  959  301   31  763  462  912  664  975   26  353  729  996  312  595  517  366   42  756  134  906  796  479  982  428  
169  430  565   72  956  750  112   19  105  961  637   89  346  935  661  168  707   16  700  586  467  990  647  683  870  630    0  567  450  553  260  469   56  896  920  142  515  724  140  298  389  343  422  222  589  782  241  663  896  747  181  629  551  412  506   61   67  803  278    7  135  372  571  997  139    7   69  447  348   99   16   88  670  784  683  245  885  500  238  712  519  875  414  833   50  217  550  904  368    4  312  126  662   83  793  738  207  462  869  678  477  644  164  113  694  312  694  343  335  764  491  914  607  327  763  465  605  615  658  914  
105  272  508  348  969  650  112  892  613  616  481  562  266  822  341  352  487  802  128  973  622  911  483  886  150  238  567    0  394  704  258  115  530   21  278  139  538  743  647  176  526  346  391  696   46  878  141   37   12  260  715  581  539  166  956  241  871   16  773  760    0  969  443   32  320  570  822  401  396  202  759   36  731  729  311  939  527  280  234  462  343  111  100  713  240  956  331  832  262  341  223  558  528  481  800  483  795  826  224  948  136  801  527  805  124  401  369  878  245  935  461  421  715  462  361  535  335  393  397  508  
964  918  363  656  344  823  130  312  750  152  862  604   67  121  628  261  921  742  345  315   87  424   94  430  438  503  450  394    0  192  809  179  684  870  836  187  824  795   93  689   69  864  794  258  919   14  323  799   82  563  808  199  589   13  603  977  962  168  676  192  252  823  358  692  378  268  734  571  909  975  780  320  727  148  595  214   99  827  752  686  334  157  960  128  361  972  266  284  573  253   99  796  105  306  184  850  261  635  253  277  151  480  832  522  176  885  886  797  721  903  208  298  390  642  245   64  652  774  547  107  
336  150  410  699  250  983  599    3  577   41  511  776  527  313  837  110  294  924  315  898  175  549  132  251  218  809  553  704  192    0  609  802  102  817  657  546  437  266  340  805  211  885  122  896  402  242  324  608  494  391  373  656  186  547  319  441   46  941  167  628  363  998  620  418  575  857  120  707  508  846  348  434  474  634  938  991  938  102  556  457  932  723  394  220  629  586  610  367  457  598  360  781  382   10  794  856  780  273  784  920  843  433   16  560  498  738  553  516  661   12  667  442  892  409  205  844  267  441  264  872  
976  126  192  885  380   38  559  119   96  750  232   71  708  316  664  444  819  841  750  392  201  288  732  529  353  566  260  258  809  609    0  667   83  967  845  299  543  280  487  360  983  389  947  516  160  323  737  373  306  995  138  123  669  584  435  633  951   16  546  393   32  237  541  878  283  508  492  299  753  667  604  726  795  439   27  590  172  460  703  570  145  656  916  192  668   45  321  535  605  504  382  961  554  811  339  624  224  189  330  354  634  709  326  983  403  382  945   14   40  324  127  331  474  113  981  610  340  470  870  356  
 22  319  958  286  846  886   77  537  890   99  500  726  852  297  709  658  397   96  418  631  345  262   82  356  482  126  469  115  179  802  667    0  345  263  538  610  971  902  714  296  396  189  309  912  849  676  821  734   85   78  129  429  120  549  957  157  442  425  518  416  801  312   34  375  766  763  109  722  891  801  295  772  220  516  634  553  391  998  656  588   65  800   41  683  360  555  357  338   37  311  493  477  179  423  217  772  326  960  817  908  393  454   11  230  477  427  989  224  330   41  499  791  406  120  421  788  969  270  762   16  
440  739   61  341  698  748  191  377  135  148  583   50   59  978  818  216  297  468  759  790  584  521  849  937  546  543   56  530  684  102   83  345    0  472  186  347  316  611  934  958  459  688  835  955  493  433  200  480  777  944  343  175  117  280  493  330  441  337  740  919  730  686  888  948  932  186  548  256  258  993  329  823  925  354  861  667   47  506   72  729  968  859  759  648   98   90   23  436  242   81  961  175   52  564  338  327  771  607   88  139  553  975  759  240  554  845  902  632  611  786  799  929  727  998  416  594  811   63  736  172  
212  362  838  285  406  571  776   17  960  482  118  187  112  387  228  912  563  175  158  262  653  995   89  813  989  412  896   21  870  817  967  263  472    0  935  122  703  799  882  707  278  807   82  481  445  951  458  952  591  638  818  614  874  898  196  852  862  844  807  598  954  381   66  586  604  950  486  497  818   82  160  589  253  912  220  616  811  753   88  638  784  453  131   77  981   36  854  400  555  337  514  123  345  774  232  383  508  560  186  536  479  477  573  249  103  946  963  906  496  263  142   26  284  702  720  382  342  151  363  744  
 82  557  373  581  232   18  835  846  300   96  308  611  845  974  970  157  522  739  316  337   77  899  901  942  663  397  920  278  836  657  845  538  186  935    0  492  262  472  134  181  163  841  325  172  911  238  172  890  220  246  356  681  782  999  355  319  486  747  385  573  632  558  534  520  935  878  739  984  418  509  823  510  718  953   56  800  247  304  886   85  259  735  702   70  565   65  230   70  889  655  293  863  262  982  108  373  390  694  854   96  535  672  270  440  996  687  214  706  108   53  614  955  367  948  391  295  763  156  408  357  
854   91  770  804  762  491  930  304  170   75  657   14  854  989  568  809  557  517  801  237  806  707  715   29  480  956  142  139  187  546  299  610  347  122  492    0  893  825  740  997  175  310  405  633  770  670  263  583  451  602   48  549  472  897  693  304   79  350  955  568  123  330   49  236  609  898  420   48  829   32  371  749   67  451   89  485  555  412  577  450  448  268  113  684  826  659  425  904  301  134  837  142  365  402  663  899  622  827  706  457  627  951  674   97  738  214  484  208  731  345  562  183  504  356  388  164  120  556  129   75  
385  718  664   45  768  619  315  159  185  751  945   24  119  105  210  676  228  890  748  312  626   19   92  751  779   59  515  538  824  437  543  971  316  703  262  893    0  883  766  454  630  131  312  212  284  372  338  823  418  621  964  795  124   25  663  766  796  421  800  447  543  518  605   82  878  749  848  282    1  529  907  181  963  467  780  259  532  296  428  242  108  794  668  548  165  222  794  305  876  418  523  556  446   29  340  563  310  149  343  162   55  875   48  710  734  744   69  537  206  995  241  382  108   87  566   66  838  672  993   24  
223  649  767  435  871   78  676  685  285  383  247  138  759  664   12  890  805  368  837   47  156  912  978  270  453  640  724  743  795  266  280  902  611  799  472  825  883    0  495  303  732  169  607  528  891   14  550  634  166  849  687  468  842  764  774   25  439  336  557  321  936  150  117   14  125  499  636   28  321  238  258  871  138  230    5  505  300  550  608  764  154  327  646  927  139   55  143  772  539  686  562  266  845  246  203   82  232  980  170  201   51  508  784  508  438  834   37  932  639   56  100  794  344  375  237  967  329    2  532  297  
276  605  760  394  929  967    3  673  463  228   72  185  695  252  976  207  959  278    8   20  964  656  593  205  536   74  140  647   93  340  487  714  934  882  134  740  766  495    0  240  100  419  622  734  815  611  571  193  932  233  522   85  146  758  936  838  414  252  569  753  710  176  312   90  687  260  758  590  534  554  766  843  965  657  111  131  657  563  577  674  290  350  126  669  636  703  849   60  282  366  555  524  883  231  353  984  257  323  876  166  692  672  123  132   13  635  368  129   48  608  180  539  207  546  848  663  179  744  928  343  
558  284   53  243  794  536  577  779  294  943  807  131  955  350  870  494  531  716  503  780   69  923  892  500  877  179  298  176  689  805  360  296  958  707  181  997  454  303  240    0  265  984  769  859  446  401  357  971  240  168  463  285  405  609  667  118  375  945  463  871  135  977  226  817  477  804  850  804  119  742  589  348  471   82  401  867  989  424  692   48  929   47  633  397  455  952  367  948  643  843  107   46   91   97   65  342   50  180  174   49  528  637  304  833  784   92  366   49  168  914  115  865  940  825  394   11  141  563  928  642  
510  571   73  237  332  753   48  373  238  322   37  717  579  816  874   23  433  238  571  855  576  679  258   61  163    2  389  526   69  211  983  396  459  278  163  175  630  732  100  265    0  619  674  387  762  225  251  334  748  529  724   95  532  204   35   41  922  604  612  839  111   63  112  921  355  953  415  207  685  500  286  334  950  324  372  130  237  689   54  512  788   75  191  161  269   82  233  531  244  412  960  651  947  462  670  585  984  161  556  807  516  960  336  398  576  630  839  893   75   17   96  752  121  768   82  627  106  324  637  266  
335  501  731  501  501  777  301  813  192  284  767  915  527  134  612  102  961  228  553  681  252  127  693  663  412  595  343  346  864  885  389  189  688  807  841  310  131  169  419  984  619    0    3  878  962  246  364  616  383  419   54  978  280  793   46  517  408   74  724  555  260  460  393  500  233  392  461  427  667  737  389  673  547  919   82  619  419  393  811  224  966   87  944  723  422  915  455  814  433  587  832  563  972  628  785  609  786  705  400  564  622  888  506  445  483  541  913    7  988   89  869  399  787  914  684  606  266  782  949  648  
517  442  823  905  270  643  161  191  629  533  709  549  557  994  267  427  830  279  560  334  931  944  547  802   16  852  422  391  794  122  947  309  835   82  325  405  312  607  622  769  674    3    0  320  703   36  778  896  646  764  792  821  717  213  359  192  807  709  845  351  147  488  206  652   96  197  353  249  510  410  932  807  394  996  204  962  511  583   16  304   76  482  624  661  185  435  655  198  985   59  676  176  183  871  328   39  989  805  922  520  500  827  403  811  328  552  692  980  119  554  162  844  218  705  958  617  892  553  527  812  
919  227  423  657  579  216  500  856  295  464  954  565   28   91  267  487   61  572   74  672  806  694  719  501  304   41  222  696  258  896  516  912  955  481  172  633  212  528  734  859  387  878  320    0  277  430  807  737  100  374  679  765  811  819  467  947  338   77   45  358  556  384  665   17  541  976  920  977  524  643  174  142  143  573  229    2  927  635  126  113  301   84  484  683  882  437  373  501  326  774  662  951  271  108  386  600  254  736  107  348  493  626  472  578  834  610  565  523  152  991  405  574  125  146  332  336  690  333  574  105  
452  722   91  997  341  795  359   12  611  265  511  278  651  993  959  481  421  392  885  643  846  787  750  481  554  645  589   46  919  402  160  849  493  445  911  770  284  891  815  446  762  962  703  277    0  227  806  499  871  109  111  467  435  726  776  748  871  727  355  878  420  449  265  668  426  652  367  330  840  549   88  639   17  780  314  392  313  228  268  661  399  134  902  397  549  517  934  639  505  998  933  335  812    7  426  451  455  847  330  844  319  271  374  222  497  956  295  924  531   42  458  289  151   43  263  868  332  600  316  804  
 58  968  885  704  873  212  977  684  531  448  531  394  448  180  569  956  601  698  182  833  733  218  880  977  444  245  782  878   14  242  323  676  433  951  238  670  372   14  611  401  225  246   36  430  227    0  397  831  837  797  793  633  475   14  722  813  850  821  421  300  216   13  440  204  434  990  179  919  439  662  704  706  853  615  292  424  745  258  526  487   21  800  423  426  851  500  578    5  672  196  695  895  830  258  704  954  452  326  545  460  738  912  610  671  361  570  244  995  693  702  307  707  317  397   25  765  920  508  462  518  
540  850  941  903  188  611  614  377  489  889  525  350  453  676  456  962  872  877  653  510  436  728  331  870  243  870  241  141  323  324  737  821  200  458  172  263  338  550  571  357  251  364  778  807  806  397    0  705  173   62  760  315  743  954  640  447  121   49  200  148  921  370  484  714  933  700  797  373  791  507  123  841    4   18  618  799  307  974  445  386  520  533  347  801  825  683  998  687  354  239  419  620  219  304  921  593  211   50  758  869  219  332  270  537  778  245  507  737  396  985  929  225  392   19  266  295  104   32  115  654  
 73  590  420  632  532  544  536  882  219  585  271  201  968   69  212  500  167  477  466  614  316  761  508   46  421  390  663   37  799  608  373  734  480  952  890  583  823  634  193  971  334  616  896  737  499  831  705    0  414  962  210  632  948  928  364  977  174  720   81  966  307  675   23  581  651   83  198  454  209  706  621    0  650  845  940  737  903  728  837  458  921  549  980   75  858  392  889  787  840  642  446  698  982  622  256  836  588  664  335  316   78  776  276  346  861  891   73  943  902  584   79  294  304  392  856  295  491  709   85  127  
687  569  318   46  945  683  611  276  282  386  577  142   72  977  408   67   43  799  393  476  674  748  188  932  287  751  896   12   82  494  306   85  777  591  220  451  418  166  932  240  748  383  646  100  871  837  173  414    0  529  763  732  567   80  516  518  723  946   85  180  290  839  511  656   22  127  600  213   83  583  426  264  236  216  111  921  587  112  285  358  973  145  907  946  746  230  476  214  106  852  198  768  971  428  331  795   65  850  204  755  552  889  978  633  393  836   16  587  535  597  157  590  114  662  329  585  810  282  987  616  
766  722  767  782   68  651  695  331  243  118  429  530  904  480  693  404  117  641  177  623  274  277  368  328  321  598  747  260  563  391  995   78  944  638  246  602  621  849  233  168  529  419  764  374  109  797   62  962  529    0  904  414  508  650  713  398  798  230  306  293  557  823  909  968  758   92  946   96  389  734  472  514  714  738  959  708   75  954  502   45  715  349  810  707  968  159  669  551  997  789  309  323   14  370  993  762  816  637  118  255  897  895  712  583   64  109  186  757  419  121  670  134  353  478  951  283    3  684  225   27  
200   35  282   30  782  180  604  348  410   56  499  375  179  560  698    4  938  254   61  987  154   22  832  662  820  647  181  715  808  373  138  129  343  818  356   48  964  687  522  463  724   54  792  679  111  793  760  210  763  904    0   13  775  961  795  165  855  658  273  129  450  535  389  247  849  458  891  737  694  612  185  653  580  429  604  240   30  685  126  958  101  932  520  210  147  386  528  266  643  982  599  287  934  502  455  510  627  101  739  111  329  611  258  628  302  388  110  154  420  510  354  539  577  180  369  501  589  123  823  707  
767  783  471  891  750  802  477  397  518  622  450  899  489  709  859  837  308  578  743  442  507  853   39  300  310  840  629  581  199  656  123  429  175  614  681  549  795  468   85  285   95  978  821  765  467  633  315  632  732  414   13    0   73  275  702  430  893  133  717  169  134  892  321  501  622  789  875   59  869  957  488  574  141  953   99   36   53  321  310  372  195  882  120  547  423  988  377  857  909  756  377  965  409   27  402   79  914  952  204  881  930  530  457  135  306  475  444  890  119  991  142  880  450  648  465  444  904  338  743  669  
896  763  609  279  687   30  429  952  267  179  167  756  933  991  763  584  121  423  329  593  483  365  316  460  599  985  551  539  589  186  669  120  117  874  782  472  124  842  146  405  532  280  717  811  435  475  743  948  567  508  775   73    0  476  325  797  591   34  876  937   21  975  527  557  689  319  197  979  362  581  916  965  354  448  622  421  366   49  574  149  122  364  879  407  204  782  458  932  741  924  790  350  257  677  986  727  311  651  456  650  861  705  402  354  579  407  267  107   38  864  649   18  342  644  244  182   29  867   89  344  
429  897   84   81  645  608  554  657  980   44  317  885  511  557   16    5  906  840   85  275  812  431  930  290  866  563  412  166   13  547  584  549  280  898  999  897   25  764  758  609  204  793  213  819  726   14  954  928   80  650  961  275  476    0  772    9  981  690  137  765  616  831  816  451  914  163  717  544  645  835  563  119  117  353  848  709  269  637  466  674  363  820  318  381  997  705  864  983  591  138  652  336  372  410  212  182  333  403  156  426  308  462  264  480   22  114  158  546  300  323  905  207  881   52  300  931  772  889  182  365  
409  397  806  384  795   92  206  221  985   98  720  542  877  222  717  873  698   75  653   85  553  159  666  564   54  670  506  956  603  319  435  957  493  196  355  693  663  774  936  667   35   46  359  467  776  722  640  364  516  713  795  702  325  772    0  361  517  454  834  213  874  365  249  748  388  383  263  591  373  198  622  376  273  597  228  360  939  223  414  952  324  635  591  958  137  349  484  250  215  525  261  927  578  231   11  596  749   27  227  856   86  886    9  218  380   58  110  719  237  875  767  124    2  284  808  334  318  217  356  545  
 48  163  223  436  325  545  444  397   39  718  953  561  934  416   53  374  426  748  472  869  376  256  585  768  564  606   61  241  977  441  633  157  330  852  319  304  766   25  838  118   41  517  192  947  748  813  447  977  518  398  165  430  797    9  361    0   44  843  891  596  216  816  801  863  802  495  938  163  783  194  169  419   99  154  456  250  680  944  312  297  942  884  796  432  961  701  609  238  375  423  322  894  653   70  862  852  800  711  471  683  933  445  160  648  639  755  821  218  740  149  673   92  115  498  350  901  386  417  997  686  
742    6  526  955   76  114  710  622  577  979  918  345  104  129   86  981  993  266  186  440  604  763  924  641  932  448   67  871  962   46  951  442  441  862  486   79  796  439  414  375  922  408  807  338  871  850  121  174  723  798  855  893  591  981  517   44    0  982  820  485  673  221  180  406  738  580  333  456  496  652    3  409  401  396  820  973  247  466  446  166  790  737  448  460  802  602  776  771  937  370  958  104  308  804  872  342  184  350  331  698  309  851  998  182  990  575  917  569  843  483  583  828  734  760  809  662  239  562  836  838  
902  607  751  937  835  609  178   41  761  735  161  876  201  504  715  625  797  859  858  267  364  872  176  410  538  497  803   16  168  941   16  425  337  844  747  350  421  336  252  945  604   74  709   77  727  821   49  720  946  230  658  133   34  690  454  843  982    0  940  274  166  559   36  433  442  363  600  854   59  257  662  221   84  815  665  874  741  897  550   61  111  302  342  279  210  446  626  386  446  513  864  302  732  359  998  700  895  391  881  707  255  570  744  354  471  716  743  873  115  391  586  125  105  184  568  282  650  678  698  560  
543  527  766  158  997  878  651    7  439  695  276  503  739   75  135  988  682  792  310    5  476   78  982  412  619  679  278  773  676  167  546  518  740  807  385  955  800  557  569  463  612  724  845   45  355  421  200   81   85  306  273  717  876  137  834  891  820  940    0  376  514  800  667  161  430  682  776   17  161  951  100  900   18  408  582  450  501  575  581  196  138  815  804  522  141  790  952   36  225  407   44  864  279  821  254  936  948  869  376  296  307  887  697  622    8  888  410  858  380  165  345   11  774  163  420  741  605  382  915  494  
867  699  636   67  957   62  829  498  437  671  238  605  737   80   17  428  121  304  800  173  818  316   68  531  119  918    7  760  192  628  393  416  919  598  573  568  447  321  753  871  839  555  351  358  878  300  148  966  180  293  129  169  937  765  213  596  485  274  376    0  459  592  279  132  785  520  861  219  171  306  533  224  413  379  683  108  663  946   14  713   34  388  351   18   13  100  776  964  780  427  616  115  417  265  438  682  874  879  931  596  303  792  861    5  361  207  842  533  886  748  672  309  368  161  769   95  475  275  922   17  
356   20  210  793  655   38  518  165  261  199  498  525  647  394  615  285  793  778  202  552   84  225  902  962  254  963  135    0  252  363   32  801  730  954  632  123  543  936  710  135  111  260  147  556  420  216  921  307  290  557  450  134   21  616  874  216  673  166  514  459    0  766  504   70  197  149  393  848  461  265  336  288  490  391   89  984  821   32  425  156  171  860  514  669  885  530  567  630  499  739  747  866  929  646  459  164  725  123  899  496  679  180  757  669   79  601  317  864  998  615  857  538  308  775   38  222  847  688  357  758  
344  356  790  595  134  602  384   17  809  786  502  615  232  628  387  242  480  324  657  718  613  220  782  309  473   14  372  969  823  998  237  312  686  381  558  330  518  150  176  977   63  460  488  384  449   13  370  675  839  823  535  892  975  831  365  816  221  559  800  592  766    0  421  398  958  124  162  348  170  454  360  383  793  900  803   92  383  699   27  182  150   85  403  686  568  727  435  945  523  496  131  554  122  238  883  890   86  585  431   37  356  837  339   87  179  868  831  872  739   70  941  184  520   24  496  358   45  533  649  825  
 95  713  736  345  634  321  236  274  547   55  997  243  528  632  272  160  185  400  258  130  360  452  312   93  483  483  571  443  358  620  541   34  888   66  534   49  605  117  312  226  112  393  206  665  265  440  484   23  511  909  389  321  527  816  249  801  180   36  667  279  504  421    0  339  452  317  141  923  516  798  200  712  977  427  319  832  331  331  447  882  427  693  903  507   61  478  419  137  373  189  393  849  189  331  437  972  349  868  392  654  107  991  713  178   50  480  697  762  734  820  846  601  596  866  989  710  357  226  814  175  
 97    3  860  551  247  117   69  741  966  354  830  458   41    9  484  765  604  988  445  146  292   76  135  436  994  927  997   32  692  418  878  375  948  586  520  236   82   14   90  817  921  500  652   17  668  204  714  581  656  968  247  501  557  451  748  863  406  433  161  132   70  398  339    0  525  752  903  302  539  461  882  845  342  486  818   27  338  940  605  653  332  755  471  642  495  708  639  275  709  429  160  640  865  439   64  448  395  994  723  789  483  189  890  885  701   26  470  428  378  366  573  351  281  310  840  500  832  387   96  328  
803  784  619  362  120   14  868  359  446  706  880    1  449  731  864  905  729  493  573  968  443  721  135  323  291  410  139  320  378  575  283  766  932  604  935  609  878  125  687  477  355  233   96  541  426  434  933  651   22  758  849  622  689  914  388  802  738  442  430  785  197  958  452  525    0  286  896  133  146  964  742    4  330  161  596  723   41  184  748  662   57  669  479  839  920  580  875  122  638   58  900  813   88  141  881  549  823  516  767  740  401  806  143  477  533  379  315  995  429  240  263  914  102  340  890  234  378  159  147  417  
105  632  433  201  393  239  359  139  938  419  706  806   51  171  976  638  219  890  301  788   57  523  406  501  140  255    7  570  268  857  508  763  186  950  878  898  749  499  260  804  953  392  197  976  652  990  700   83  127   92  458  789  319  163  383  495  580  363  682  520  149  124  317  752  286    0   52  655  718  571  343   28  836  540  119   20  570  121  886  685  189  144  194   42  389  386  238  192  866  144  345  943  261   51  464  892  687  929  601  568  968  683  915  467  484  781  465  387  938  343  272  351  780  168  334  696  735  310   17  316  
