50

  0  278  546  957  964  157  970  957  485  800  141  421  915  792  959  655   35  849  933  678  757  743  392  655  171  706   31  276   46   97  823  694  317  950   34  438  381  765  795  186  489  445  646  709  754  276  679  655  162  118  
278    0  340  585  223  751  255  505  699  890  959  547  138  149  257  840  254  814  243  929  349  196  251  616  473  351  830  585  549  917  285  757  753  380  567   75   53  530  779  934  129  568  469   11  337  162  794  311  528  165  
546  340    0  689  748  450   83  228  913  152  825  538  996   78  442  106  961    4  774  817  868   84  399  259  800  431  910  181  263  145  136  869  579  549  144  853  622  350  513  401   75  239  123  183  239  417   49  902  944  490  
957  585  689    0  111  780  389  241  403   96  131  942  956  575   59  234  353  821   15   43  168  649  731  647  450  547  296  744  188  686  183  368  625  780   81  929  775  486  435  446  306  508  510  817  794  644  378  811  532  350  
964  223  748  111    0  207  301  470  230  844  194  225  170  227  435  311  923  430  184  904  979  438  111  258  408  594  262  602  711  221  117  296  318  424  507   85  262  801   29  928  730  488  578  237  458  963  546  521  231  488  
157  751  450  780  207    0  885  913  796   98  261  335  679  136  721  106  653  494  779  715  903  890  334  698  197   30  744  500  479  904  609  617  859  805  576  182  239  886   28  489  167  978  712  500  471   59  681   42   71  521  
970  255   83  389  301  885    0  972  648  800  453  432  825   83  133  173  390  831  803   60  399  526  416  656  627  291  431   15  984  167  106  372  198  489  339  951  920   52  737  269  422  547  942  417  983  301  701  666  539  698  
957  505  228  241  470  913  972    0  669  190  368  460  981  156  855  644  376  190  428  482  120  589  226  384  582  251  290  617  265  824  982  730  343  584  107  906  879  817  260  594   22  425  312  161  178  422   94  598  470  695  
485  699  913  403  230  796  648  669    0  718  968  531  325  105  610  778  423   90  266  153  281  440  527  457  875  518  943  637  957  240  676  289  671  695   67  254  224  667  844  344  780  675    6  602  386  915    1  462  424  460  
800  890  152   96  844   98  800  190  718    0  607  191  738  242  917  269  765  188  287   91  576  683  546  425  644  647  679  635  945  208  709  236  119  607  450  458  661  770  350  662  416  841  832  256  613  582  540  869  264  318  
141  959  825  131  194  261  453  368  968  607    0  218  105  109   63  404  448  365  763  627  771  932  972  192  138  696   93  525  530  861  484  393  671  741  520  347  149  586  262   44  754  242  442  687  359  736  394  683  704  442  
421  547  538  942  225  335  432  460  531  191  218    0  755  377  216  790  949  327  671  438  833  768  167  861  989  514  884  588  154  199  406  748  825  789  318  534   89  111  136  678  495  189  495  147   54  850  560  929  696  582  
915  138  996  956  170  679  825  981  325  738  105  755    0  574  845  738  585  246  666   83  625  660  729  890  982  769  581  928  580   16  120  862  484  844  209  552  629   31  614  362   49  489  192  123  205  146  189   42  635  281  
792  149   78  575  227  136   83  156  105  242  109  377  574    0  205  947   82  105  142  166  620  573   52  931  728  737   63  860  934  984  858  785  513  177  398  133   30  939  301  295  332  467  648   25  842  559  854  347  446   54  
959  257  442   59  435  721  133  855  610  917   63  216  845  205    0  178  359   56  521  335  175  208  905  675  468  912  104  745  736  561  184  597  299  134  212  894   71  242   53  441   13  897  196   93  307  456  101  995  332  297  
655  840  106  234  311  106  173  644  778  269  404  790  738  947  178    0   10   48  667  603  526  729  707  781  287  692  556  396   61  780  337  607  741  104  127  549  485  890  798  734   51   72   88  798  943  683  132  722  110  117  
 35  254  961  353  923  653  390  376  423  765  448  949  585   82  359   10    0  206   86  771  205  388  551  228  641  484  151  781  100  294  237  530   91  405  104  112  784  291  603  964  432  694  758  432  655  109  933  187  266  797  
849  814    4  821  430  494  831  190   90  188  365  327  246  105   56   48  206    0  655  722  531  108  631  126  134   98  142  168  196  317  316  217  251  892  703  555  184  212   77  913  706  557  313  166  622  987  170  257  396   73  
933  243  774   15  184  779  803  428  266  287  763  671  666  142  521  667   86  655    0  422  359  558  742  424  429  124   24  290  317  653  956  935  457  240  763  759  740  743  105  681  463  212   98  823  175  163  665  894  516  702  
678  929  817   43  904  715   60  482  153   91  627  438   83  166  335  603  771  722  422    0  921  794  577  440  257  751  228   64  767  671  715  642  419  390  816  317  814  789  852  505  635  950  443   60  866  631  355  997  224  652  
757  349  868  168  979  903  399  120  281  576  771  833  625  620  175  526  205  531  359  921    0  723  347  660  383  627   21  910  800  745  813  383  617  575  530  275  248  451  227  804  986   29  535   87  802  989   66  939   18  683  
743  196   84  649  438  890  526  589  440  683  932  768  660  573  208  729  388  108  558  794  723    0  295  680  527  411  602  750  583  551  583  511   82  719  996  354  971  346  886  454  413  217  125  308  726  782  693    9  843  922  
392  251  399  731  111  334  416  226  527  546  972  167  729   52  905  707  551  631  742  577  347  295    0  557  772  311  178  338  210  510  906  628  101  390   54  501  431  997  811  485  894  137  390  927  917  713  618  343  936  124  
655  616  259  647  258  698  656  384  457  425  192  861  890  931  675  781  228  126  424  440  660  680  557    0  662  281  230  711  624  590  660   47  348  451  240  715  856  281  731  137  836  138  588  366  806  503  489  877  353  449  
171  473  800  450  408  197  627  582  875  644  138  989  982  728  468  287  641  134  429  257  383  527  772  662    0  930  399   47  342  735  794  544  686  893   54  303   46  195  720  721  877  582   70  922  800  285  543  984  715  838  
706  351  431  547  594   30  291  251  518  647  696  514  769  737  912  692  484   98  124  751  627  411  311  281  930    0  549  728  576   25  446  646  521  372  937  829  849  372  593  872  933  668  206  653   72  406  666  933  810  484  
 31  830  910  296  262  744  431  290  943  679   93  884  581   63  104  556  151  142   24  228   21  602  178  230  399  549    0  283  896  826  390  497  694  834  609  574  326  456  713  884  720   18  674  438  437  117  814  324  246  342  
276  585  181  744  602  500   15  617  637  635  525  588  928  860  745  396  781  168  290   64  910  750  338  711   47  728  283    0  330  430  491   71  887   64  436  826  394  613  818  886  931  190  258  897  593  503  612  819  531  202  
 46  549  263  188  711  479  984  265  957  945  530  154  580  934  736   61  100  196  317  767  800  583  210  624  342  576  896  330    0   50  228  834   15  863   78  669  500  217  571  122  671  599   55   56  152   19  435  832  617  520  
 97  917  145  686  221  904  167  824  240  208  861  199   16  984  561  780  294  317  653  671  745  551  510  590  735   25  826  430   50    0  553  680  367  239  578  866  406  112  443  300  401  833  403  390  360  140  260   86  429  257  
823  285  136  183  117  609  106  982  676  709  484  406  120  858  184  337  237  316  956  715  813  583  906  660  794  446  390  491  228  553    0  961  762    7  680  705  645  552  218  772  228  370  890  856  402  318  608  910  909  591  
694  757  869  368  296  617  372  730  289  236  393  748  862  785  597  607  530  217  935  642  383  511  628   47  544  646  497   71  834  680  961    0  287  501  761  762  576  747  645  123  504  347   92  147  198  672  431  694  256    9  
317  753  579  625  318  859  198  343  671  119  671  825  484  513  299  741   91  251  457  419  617   82  101  348  686  521  694  887   15  367  762  287    0  131  435   91  614   10  573  789  235  448  569   61  496  642  221  837  971  846  
950  380  549  780  424  805  489  584  695  607  741  789  844  177  134  104  405  892  240  390  575  719  390  451  893  372  834   64  863  239    7  501  131    0  269  524  972  710  311  291  850  911  639  255   88  838  584  948   61  584  
 34  567  144   81  507  576  339  107   67  450  520  318  209  398  212  127  104  703  763  816  530  996   54  240   54  937  609  436   78  578  680  761  435  269    0  758  995  186  781  195  992  802  424  728  498  808  356   73  590  910  
438   75  853  929   85  182  951  906  254  458  347  534  552  133  894  549  112  555  759  317  275  354  501  715  303  829  574  826  669  866  705  762   91  524  758    0   16  800  142  478  256  369  661  169  278  198  195  326  880  471  
381   53  622  775  262  239  920  879  224  661  149   89  629   30   71  485  784  184  740  814  248  971  431  856   46  849  326  394  500  406  645  576  614  972  995   16    0  354  780  436  436   49   49   91  594  241  841  857  963  488  
765  530  350  486  801  886   52  817  667  770  586  111   31  939  242  890  291  212  743  789  451  346  997  281  195  372  456  613  217  112  552  747   10  710  186  800  354    0  978  283  133  685  909  610  899  193  754  346  418  155  
795  779  513  435   29   28  737  260  844  350  262  136  614  301   53  798  603   77  105  852  227  886  811  731  720  593  713  818  571  443  218  645  573  311  781  142  780  978    0  740  692  824  827  293  309  523  325  831  810  556  
186  934  401  446  928  489  269  594  344  662   44  678  362  295  441  734  964  913  681  505  804  454  485  137  721  872  884  886  122  300  772  123  789  291  195  478  436  283  740    0   25  414  731  781  367  744  892  242  129  225  
489  129   75  306  730  167  422   22  780  416  754  495   49  332   13   51  432  706  463  635  986  413  894  836  877  933  720  931  671  401  228  504  235  850  992  256  436  133  692   25    0  827  675  248  475  399  599  800  105  821  
445  568  239  508  488  978  547  425  675  841  242  189  489  467  897   72  694  557  212  950   29  217  137  138  582  668   18  190  599  833  370  347  448  911  802  369   49  685  824  414  827    0  860  401  631  985  559  933  720  484  
646  469  123  510  578  712  942  312    6  832  442  495  192  648  196   88  758  313   98  443  535  125  390  588   70  206  674  258   55  403  890   92  569  639  424  661   49  909  827  731  675  860    0   50  466  325  630  230  579  603  
709   11  183  817  237  500  417  161  602  256  687  147  123   25   93  798  432  166  823   60   87  308  927  366  922  653  438  897   56  390  856  147   61  255  728  169   91  610  293  781  248  401   50    0  864   55  816  528  694  212  
754  337  239  794  458  471  983  178  386  613  359   54  205  842  307  943  655  622  175  866  802  726  917  806  800   72  437  593  152  360  402  198  496   88  498  278  594  899  309  367  475  631  466  864    0  145  585   73  822  722  
276  162  417  644  963   59  301  422  915  582  736  850  146  559  456  683  109  987  163  631  989  782  713  503  285  406  117  503   19  140  318  672  642  838  808  198  241  193  523  744  399  985  325   55  145    0  858  698  733  650  
679  794   49  378  546  681  701   94    1  540  394  560  189  854  101  132  933  170  665  355   66  693  618  489  543  666  814  612  435  260  608  431  221  584  356  195  841  754  325  892  599  559  630  816  585  858    0  974  197  111  
655  311  902  811  521   42  666  598  462  869  683  929   42  347  995  722  187  257  894  997  939    9  343  877  984  933  324  819  832   86  910  694  837  948   73  326  857  346  831  242  800  933  230  528   73  698  974    0  820  637  
162  528  944  532  231   71  539  470  424  264  704  696  635  446  332  110  266  396  516  224   18  843  936  353  715  810  246  531  617  429  909  256  971   61  590  880  963  418  810  129  105  720  579  694  822  733  197  820    0  255  
118  165  490  350  488  521  698  695  460  318  442  582  281   54  297  117  797   73  702  652  683  922  124  449  838  484  342  202  520  257  591    9  846  584  910  471  488  155  556  225  821  484  603  212  722  650  111  637  255    0  

  0  567  887  842  898  939  815    1    3   87  260   22  424  341  541  926  298  338  859  340  138  507  856  384  695  627  450  473  949   83  279  447  587  877  469  437  746  467  860  466  498  487  229   85   67  888  233  861  711  872  
567    0  393  980  644  896  482   14  622  231  527  724  607  588  433  244  428   10  608  957   95   35  886  246    8  814  140  879   95  352  593  585  667  648  433  139  751  241  650  857   84  972   31  835  835   49  545  943  321  806  
887  393    0   49  283  653  489  972  748  567  298  256  886  446  815   98  859   27  899  899  524  120  177  706  831   34  757  957  342  638  343  216  786  723  278  582  421   92   24  491  278  339  287  170  399  697  203  666  443  433  
842  980   49    0  559  944  714  679  959  775  607  948   59  268  986  772  475  680  416  380  213  382   29  472  333  975  555  846  408  462  826  991  523  925  739  567  968  824  959  646  379  476  911   14  156  471  542   59  658  889  
898  644  283  559    0  253  132  545  827  837  833  203  544  874  121  856  899  217   76  474  835  469  413  502  125  132  870  602  265  864   58  457  722  338  401  526  894  778   69  278  379  864  419  239  597  479  898  934  817  708  
939  896  653  944  253    0  507  366  226  534  289   68   84   68  409  123  443  898  353  120  569  875  348   41  142   76  740  456  668  699  571  628  877  662  875  467  141   68  714  307  671  652  531  715  504  487  497  935  389  117  
815  482  489  714  132  507    0  402  510  495  651  743  301   89  825  389  775  179  109  905  876  999  864   36  544  997  511  873   70  987  922  564  431  337  720   13  374  922  546  473  496  308  950  981  513  992  455  426  213  193  
  1   14  972  679  545  366  402    0  142   52  683  608  219  406  629  555  127  169    0  418  488  159  666   17  119  952  975   30  493  862  242  834  813  628    2  379  904  680  378  631  243  571  981  849  283  682  358  986   83  250  
  3  622  748  959  827  226  510  142    0  587  145  905  640  162  565  931  783  685  466  260  569  248  319  910  885  794  925  178  517  627  913  663  389  740  817  600   84  922   53  527  118  380  812  244  884  712  378  248  252  767  
 87  231  567  775  837  534  495   52  587    0   90  564  187  531  355  314  726  515  790  204  678   52  801  678  946   91  908  509  614  316   77  850  144  370  622  997  517  990  226  398  696   64  747  420  811  379  319  986  718  413  
260  527  298  607  833  289  651  683  145   90    0  465  560  494   67  897  288  269  594  475  368  655  938  620  282  205  439   27  876  610  203  519   53  862  442  548  566  680  371   78  456   47  738   38  954  742  937  513  240  259  
 22  724  256  948  203   68  743  608  905  564  465    0  132  452  652  826  308  402  884  700  241  759  290  277    6  374  436  304  290  242  936  860  397  479  564  489  269  989  183  861   32  331  748  644  169  952  543  251  578  915  
424  607  886   59  544   84  301  219  640  187  560  132    0  250  488  729  202  216  976  593  304  967  895  190    1  711  867  118   39  598  604  516    7  688  946  873  113  354  241  560  612  300  798  795  781  351   54  708  992  162  
341  588  446  268  874   68   89  406  162  531  494  452  250    0  331  173  625  575  750  153  356  143  850  337  275    6  801  497  537  870  722  668  178  550  959  596  808  984  885  213   34  451   13  473  951  248  386  431  830  824  
541  433  815  986  121  409  825  629  565  355   67  652  488  331    0  207  323  110  375  329  342  817  531  521  774  120  625  346  334  574  863  198  672  901  199  298  496  889  501  276  533  574  412   14  702  506  381   64  358  234  
926  244   98  772  856  123  389  555  931  314  897  826  729  173  207    0  687  141  512  721  928  732  749  407  239  520  219  842  662  816  793  469  309  687  986  769  829  706  595  752  496  865   68  968   98  546  402  107  724  613  
298  428  859  475  899  443  775  127  783  726  288  308  202  625  323  687    0  327  804  538  463  820  951   76  708  234  398  268  832  995  649  703  932  687  568  380  634  363  407  368  468  503  910  206  338  574  486  262  579  878  
338   10   27  680  217  898  179  169  685  515  269  402  216  575  110  141  327    0  741  705  700    6  374  901  318  597  297  125  388  817  981  861   83  337  236  317  984  548  749  841  166  903  105  745  729  717  133  445  508  530  
859  608  899  416   76  353  109    0  466  790  594  884  976  750  375  512  804  741    0  155   89  454  668  831  790  712  472  708  958  505  305  789  236  234  464  619  615  122  123  284  735  411  828  935  399   52  571  747  320  492  
340  957  899  380  474  120  905  418  260  204  475  700  593  153  329  721  538  705  155    0   52  556  712  487  617  213  645  380  103  377  262  241  622  522  413  217  858  861  283  615  779  954  919  384  162  796  113  158  355  847  
138   95  524  213  835  569  876  488  569  678  368  241  304  356  342  928  463  700   89   52    0  859  781  203  993   93  650  215  243  339  197  506  950  394  584  606  714  401  858  920  750  285  796  142  504  610  703  383  728  887  
507   35  120  382  469  875  999  159  248   52  655  759  967  143  817  732  820    6  454  556  859    0  531    1  883  404  301  950  460  287   84  582  153   73  580  287  361  724  858  347  961  953  206  768  615  918  602  702  743  385  
856  886  177   29  413  348  864  666  319  801  938  290  895  850  531  749  951  374  668  712  781  531    0  233  361  633  986  207  757  886  472  158  810  476  116  875  635   97  908   35   39  988  686  376  504  763   48  725  701  458  
384  246  706  472  502   41   36   17  910  678  620  277  190  337  521  407   76  901  831  487  203    1  233    0  121  543  314  382  791  839  680  416  642  214  617  675  601  346  364  171  795  492  354  775  236  844  816  846  370  383  
695    8  831  333  125  142  544  119  885  946  282    6    1  275  774  239  708  318  790  617  993  883  361  121    0  548  165  493  535  198  623   26  318  532  326  602  361  134  913  640  658  675  744  842  516  151  380  821  171  329  
627  814   34  975  132   76  997  952  794   91  205  374  711    6  120  520  234  597  712  213   93  404  633  543  548    0  926  593  883  424  607   70  924  642  104  700  395   84  214  248  226  703  754  547  553  630  985  634  600  909  
450  140  757  555  870  740  511  975  925  908  439  436  867  801  625  219  398  297  472  645  650  301  986  314  165  926    0  729  937  517  903  218  873   82  465   21  808  179  165  181  691  213  298  768  501  909   57  436  572  565  
473  879  957  846  602  456  873   30  178  509   27  304  118  497  346  842  268  125  708  380  215  950  207  382  493  593  729    0  227  709  148  658  633  229  182  166  149  202  954   15  957   25  971  297  525  862  896  189  660  941  
949   95  342  408  265  668   70  493  517  614  876  290   39  537  334  662  832  388  958  103  243  460  757  791  535  883  937  227    0  709  944  174  244  640  808  853  398  115   80  360  828  214  791  654   26  785  922  492  834  131  
 83  352  638  462  864  699  987  862  627  316  610  242  598  870  574  816  995  817  505  377  339  287  886  839  198  424  517  709  709    0  377  167  540  101   39  933  971  360  644   67  207   39  469  150  991  427  955  724  580  540  
279  593  343  826   58  571  922  242  913   77  203  936  604  722  863  793  649  981  305  262  197   84  472  680  623  607  903  148  944  377    0  145  489   12  186  485  838  141  732  691   34  488  971  112  743  638  594  498  567  426  
447  585  216  991  457  628  564  834  663  850  519  860  516  668  198  469  703  861  789  241  506  582  158  416   26   70  218  658  174  167  145    0  628  132  618  383  991  286  706  535  193  689   50  184   45  885  839  118  410  120  
587  667  786  523  722  877  431  813  389  144   53  397    7  178  672  309  932   83  236  622  950  153  810  642  318  924  873  633  244  540  489  628    0  611   51  575  842  499  439  149   28  756  796  293  115  375  828  841  665  960  
877  648  723  925  338  662  337  628  740  370  862  479  688  550  901  687  687  337  234  522  394   73  476  214  532  642   82  229  640  101   12  132  611    0  601  649  342  493  701  887   55   98  649  764  987  125  364  676  375  863  
469  433  278  739  401  875  720    2  817  622  442  564  946  959  199  986  568  236  464  413  584  580  116  617  326  104  465  182  808   39  186  618   51  601    0  784  486  464  131  886  674  835  656  983  979  250  624  728  498  849  
437  139  582  567  526  467   13  379  600  997  548  489  873  596  298  769  380  317  619  217  606  287  875  675  602  700   21  166  853  933  485  383  575  649  784    0  166  947  811  710  970  998  987  150  958  530   74  311  895  834  
746  751  421  968  894  141  374  904   84  517  566  269  113  808  496  829  634  984  615  858  714  361  635  601  361  395  808  149  398  971  838  991  842  342  486  166    0  873   54  500  432  904  630  983  585  840  468  545  179  634  
467  241   92  824  778   68  922  680  922  990  680  989  354  984  889  706  363  548  122  861  401  724   97  346  134   84  179  202  115  360  141  286  499  493  464  947  873    0  193   90  368    7  602  478  308  744  839  262  514  446  
860  650   24  959   69  714  546  378   53  226  371  183  241  885  501  595  407  749  123  283  858  858  908  364  913  214  165  954   80  644  732  706  439  701  131  811   54  193    0  377  664  792  333  692  203  958  711  166  442  632  
466  857  491  646  278  307  473  631  527  398   78  861  560  213  276  752  368  841  284  615  920  347   35  171  640  248  181   15  360   67  691  535  149  887  886  710  500   90  377    0   33  406  716  921  984  983  896  865  800  554  
498   84  278  379  379  671  496  243  118  696  456   32  612   34  533  496  468  166  735  779  750  961   39  795  658  226  691  957  828  207   34  193   28   55  674  970  432  368  664   33    0  856  498   48  313  641  786  289  497  818  
487  972  339  476  864  652  308  571  380   64   47  331  300  451  574  865  503  903  411  954  285  953  988  492  675  703  213   25  214   39  488  689  756   98  835  998  904    7  792  406  856    0  678  253  843  293   26   93  797  711  
229   31  287  911  419  531  950  981  812  747  738  748  798   13  412   68  910  105  828  919  796  206  686  354  744  754  298  971  791  469  971   50  796  649  656  987  630  602  333  716  498  678    0  247  447  532  354  773  881  734  
 85  835  170   14  239  715  981  849  244  420   38  644  795  473   14  968  206  745  935  384  142  768  376  775  842  547  768  297  654  150  112  184  293  764  983  150  983  478  692  921   48  253  247    0  429   37  975  522  909  383  
 67  835  399  156  597  504  513  283  884  811  954  169  781  951  702   98  338  729  399  162  504  615  504  236  516  553  501  525   26  991  743   45  115  987  979  958  585  308  203  984  313  843  447  429    0  783  677  149  696  129  
888   49  697  471  479  487  992  682  712  379  742  952  351  248  506  546  574  717   52  796  610  918  763  844  151  630  909  862  785  427  638  885  375  125  250  530  840  744  958  983  641  293  532   37  783    0  651  169  531  633  
233  545  203  542  898  497  455  358  378  319  937  543   54  386  381  402  486  133  571  113  703  602   48  816  380  985   57  896  922  955  594  839  828  364  624   74  468  839  711  896  786   26  354  975  677  651    0  180  522  296  
861  943  666   59  934  935  426  986  248  986  513  251  708  431   64  107  262  445  747  158  383  702  725  846  821  634  436  189  492  724  498  118  841  676  728  311  545  262  166  865  289   93  773  522  149  169  180    0   92  953  
711  321  443  658  817  389  213   83  252  718  240  578  992  830  358  724  579  508  320  355  728  743  701  370  171  600  572  660  834  580  567  410  665  375  498  895  179  514  442  800  497  797  881  909  696  531  522   92    0  731  
872  806  433  889  708  117  193  250  767  413  259  915  162  824  234  613  878  530  492  847  887  385  458  383  329  909  565  941  131  540  426  120  960  863  849  834  634  446  632  554  818  711  734  383  129  633  296  953  731    0  
