125

  0  457  224  437  165  935  488  612  679    9   87  838  603  958  834  749   17  594  867  419  205  965  967  446  321  523  143  333  798  988  927  737   97   60  166  891  926   81   36  117  455  125  830  878  980  383  570  321   78  593  517  668  884  738  472  552   30  522  111  310  304  962  584  314  406  535  964  462  761  667   17  264  363  124  908  356  711  242  321  766   62  681  344  785  617  631   40  782  702  760   24  488  418  211  171  170  603  124  219  968  805  691  299  697   15  584  569  656  404  232  623  610   22  391  259  919  780   78  420  121  684  990  998  596  970  
457    0  399  513   66  517  454  213  199  813  209  256  481  342  271  801  285  285  120   36  940  410  905  958  700  441  456  639  573  187  740  386    9  949  411  161  916  386  298  886  548  616  474  719  138  778  186  751  380  460  191  776  230  746  306  165  369  259  549  106  874  105  454  129  451  758   89  233  943  167  405  721  847  284  678  103  998   25  486  156  138  343   52  443  591  250  622  498  864  750  188  160  543  450  713  569  132  239  236  610  184  789  191  265  618  798  121  529  191  844  613  877  981  830  358  180    4  624  561  961  559  185   84  857  146  
224  399    0  437   36  515  117    9  332  785  992  853   73  236  542  601  764  780  314   68  659  926  467  517  904   35  794  648  507  873   62  780  685   62  956   24  490  945  992   84   44  112  584   84  939   42  548  224  417  325  586  169   30  492  600  316  765  718  381  579  322  146  575  523  505  420  502  823  883  490  571  568  383  520    7    9  621  576  864  885  789  608  787  261  984  789  138  715  535  377  526  758  729  147  584  166  471   38  742  527  812  125  111  235  132  311  290  500  793    9  861  890  429  332  812  931  866  610  725  968  875  229  929  882  119  
437  513  437    0  842    2  883  241  483  332  613   12   91  430  459  320  213  667  364  291  855  482  850  623  533  812  964   18  163  332  245  883  817  594  637  328  569  503  746  120  811  598   44  952  699    3  522   58  307  766  959  411  633  322  997  401  236  588  257  496  630  975  893   60  306  193  565   64  860   82  884  207  609  424  248  895  778  320  954  480  791   53  991  620  951  915  522   23    4  931  475  448  596  332  515  125  928  483  398  470  220  554  146  267  803  766  324  118   27  943  108  857  332   88  419  255  625  602  435  481  883  870  874  654  239  
165   66   36  842    0  625  332  797  606  854    2  870  725  575  100  508  690  931   29  582  444  998  162  789  380  464  964  207  412  120  763  774  869  195  515  175  439  779  196  114  238  704  346  510  179  896  804  179  400  910  267  444   36   24  884  698  205  649  148  924  502  209  324  577  707  503  734  884  358  199  794   15  587  298  683  696  731  197  437   81  633  419  603  259  854  303  324  360  830   24  169  526   57  338  361  786  358  300  145  646  281  349  137  461  801  188  126  984  912  393  931   52  579  800  336  278  383  890  422  342  577  582  229  130  955  
935  517  515    2  625    0  273  155   36  738  481  696  864    3   19  142  780  894  895  108  914  384  330  670    2  664  978  485  399  568  844  273  504  549  970  645   49  560  572  508  788  236  629  240  565  169   87  649   20  871  284  979  175  992  251   35  211  582   26  446  455   22  879  486  355  750  437  890   66  634  638  123  503   40  223  276  166  448  150   82  748   70  638  980  438  586  227  524  935    1  151  913  241  373  141  923  149  707  267  686  291  573  275  773  668  316  712  719   76  249  719  363  395  314  707  710  319  781  563  450   97  425  395  572   90  
488  454  117  883  332  273    0  581  629  548  905  935  580  297   49  319  946  291  255  762  939  143  753  472  434  624  143  286  843  820  461  372  823   18  621  634  274  118  404  474  979  367  823  959   10  591  621  953  245  116  536  949  626  278  139  330  384  455  633  988  208  467  964  931  525  608  426  331  895  142  710  484  735  380  435  537  505  249  407  991  799  951  327  639  516  383  539  571   16  597  215  211  743  898   95   71  889  292  240   23  881  727  602  119  765  365  111  737  240  567  487  420  318  262  361   62   52  683   12  783  835  248  117  259  246  
612  213    9  241  797  155  581    0  229  605  440  362  343  640  763  600  259   24  529  925  965  993  509  660  798  475  155  368  414  829  665  180  792  466  981   76  493  126  283  886  490  714  690  642  480  880  207  229   36  380  552  468  319  673  780  180    2  225  586  588  625  312  383  439  321  284   21  210  661  437  953  499  731  353  589  127  330  531  169  433  160  217  598    3   17   33  957   59  960  105  292  885  471  208  623  712  784  604  344  246  670  494  552  953  773  708  429  208  917  772  225  917   87  605  466  710  896  556  109  226  698  204  866  755  275  
679  199  332  483  606   36  629  229    0  663  677  918  670  367  419  952  729  877  780  266  281  111   85  157  586  895  253   41  915  259  150  131  363  949  716  860  494  174  489  462  484  225  319  855  374  127  745  193  673  856  788  130  498    4  601  556  360  377  438  150   85  627  105  404   33  613  722   51  809    3  976  391  543  537  603  726   48  446  146  991   61  394  631  329  473  763  161  558  857  311  961  957  898  732  448  105  742  919  536  372  985  421   21  502  213  318  535  969  217  701  856  735  816  163  667  510  270  328  544  622  560  843  302  717   99  
  9  813  785  332  854  738  548  605  663    0  638  487   96   69    0  837  217  462  109  482  601  701  854   38  302  340  590  171  882  986   70  943  458  135  475  560  367  208  852  418  479  113  345  771  588  942   76  319  797  799  382  129  688  941  883  923  628  313  349  590  440  451  361  605  208   62  171  761  669  549  949  646  951  951  254  749  730  113  121  851  689  261  295  986  283  268  308  408  239  179  960  597  377  881  423  549  356  698  878  572  824   98  917  419   46  980   25  656  354  394  834  523  181  144  799  584  650  701  165  183  433  653   69  195  268  
 87  209  992  613    2  481  905  440  677  638    0  475  343  226  531  862  978  579  316  825  176  556  222  671  294  857  462   23  599  539  331  960  833  622  988  279  877  836  601  607  870   43  703  417  380  381  187  850  764  539  559  491   25  394  463  144  159  759  730  665  470  297  125  659  193  387  601  620  493  593  754  484  459  834  430  727  296  800  671  947  645  722  869  647  370  808  242  488  762  122  814  914  440  970   92  809  758  725    2  244  328  548  913  694  638  267   12  799  308   80  617  161  733   10  385  701  229  481  144  195  420  128  918  395  875  
838  256  853   12  870  696  935  362  918  487  475    0  642  239  671  816  883  541  740  172  144  907  653  671  100  357  430   26  862  995  816  489  776   41  339   67  860   41  611  950  581  128   38  371  447  313    6  718  229  477   32  708  491  957  368  465  355  865  249  158  960  245  716  976  182  225  213  759  195  754  364  112   81  905   66  318  233  422  467  435  250  406  337  171  241   52  380  752  851  214  773  403  799  846  142  150  998  750  174  150  364  437  904  131  833  226  274  940  858  525  904  640  693  882  421  531  495  434  514  924  231   88  423   57  897  
603  481   73   91  725  864  580  343  670   96  343  642    0  589  592   72  695  175  794  759  512  131  351  581  459  433  797  387  607  610  180  322  163  524  754  510  748  710   94  908   66  339   83  328  995  189  684  195  419  330  777  947  653  433  491  186  582   83  755  977  555  148   56  399  896  262  775  754  683  674  673  178  100  352  639   16  759  923  128  765  193  606  332  630  422  550  630  796   89  799  560  461  997  662  259  665  309  479  661  719  514  762  367   82  859  848  987    8  323  857  423  479  952  415  506  953  979  833  499  588  716  913  987  785  137  
958  342  236  430  575    3  297  640  367   69  226  239  589    0  601  951  848  883  991  512  778  284  575  489  756  446    8  572  763  856  786  153  749  765  873  485  460  953  659  261  779    9  957  742  964  333  257  993  484  471  453  620  310  146    4  191  346  342    9  381  984  831  113  831  540  687  252  625  903   17  105  218  615    8  827  684  763   25   22  944  516  756  322  131   80  773  195  934  651  348  706  398  439  312  510  677  880  654  285   92  765  346  936  699  886  682  754  940  482  702  211  531  818  796  959  855  546  537  731  852  724  664  143   31  725  
834  271  542  459  100   19   49  763  419    0  531  671  592  601    0  290  630  345  373  555  202  919  510  140  410  938  171  307  989  519  728  184  113  215  757  377  511  644  361  940  891  936  662  172  350  411  344  343   37  640  336  790  658  382  384  907  757  559  872  808  637  925   40   14  880  890  168  765  830  759  986   40  355  328  636  751  594  241  827  893  370  358  794  974  669   19  531  229  855   64  472  710  412  210   42   78  877  612  847  976  146   24  449  991   52  967  128  288  678   19  444  238  766  596  530  557  942  252  533  970  417  259  520   73   67  
749  801  601  320  508  142  319  600  952  837  862  816   72  951  290    0  369  722  779  733   58  123  828  650  281  202  771  117  520  171   21  772   77  120  829  881  534  642  331  339  405  983   30  331  693  601  248  489  876  546   26  828  290  685  701  222  367   48  710  174  689  360  747  281  745  775  757  369  911  968  107  726  980  308  888  979  990  720  382  696  271  324  362  628  703  982  549  694  860  818  184  166  927  365  309  498  894  226  231  860   12  522   91  864  250  851  453  218  268  783  179  678  358  521  888  928  615  407  475  452  687  716  633    2  261  
 17  285  764  213  690  780  946  259  729  217  978  883  695  848  630  369    0  985  321   15  833  955  138  873   83  961  596  805  559  276  310  351  951  635  592  905  628  957  237  520  831  973  349   31   13  498  738  398  139  398  212  521  540  602  406  819  162  340  322  164  839  703  551  836  618  350  140  934  876   89  851  600    9  961  356  455  411  889   15  554  210  483  328  888  941  870  304  726  699   56  426  251  451  445   32   44  123  470  157  541  205  689  561  877  644  105  295  953  351  517  967  733  799  618  834  277  163  982  388  750  971  809   68  962  842  
594  285  780  667  931  894  291   24  877  462  579  541  175  883  345  722  985    0  584  278  226  512  723  246   70   62  158  731  628  468  419  830  922  963  967  225  730  248  401  549  866   92   32  877  169  620  121  296  289   71  455    5  578  953   27  569  805  930  876  849  842  839  634   72   42  378  209  261  777   23  194  848   35  670  132  296  636  710  196  882  619   51  543  277  299   90  809  521  602   78  744  865  235  451  581  973  125  786  605  470  823  881  359  104  360  675  188  468  576  868  874  436  456  844  762  713  348  839  523  680  598   40  539  553  122  
867  120  314  364   29  895  255  529  780  109  316  740  794  991  373  779  321  584    0  408  966  677  672  120   77  200  920  697  502  717  912  208   51  818   31   93  471  470  502  501  770  779  436  987  703  278  328  878  921  128  826  843  238  725   85  500  231  384  665  965  524  250  186  134  807  341  945  131  591  986  404  187  804  772  699  872  497  138  603  493  979  625  931  543  254  118  827  933  269    8  275  953  681    9  478  182   70  197  767  970   79  207  970  784  425  517  754  126  871  649  504   47  491  168  184  117  113   39  245  137  756  376  552  842  891  
419   36   68  291  582  108  762  925  266  482  825  172  759  512  555  733   15  278  408    0  170  572  830  859  103  768  524  621  285  454  608  392  913  964  159  535  645   14  595  711  784  352  544   97  628  736  967  960  778  450  688  801   88  963  644  871  489  940  577  644  290  649  158   63  814  887  216  331  152  277  702  764  736  827  644  106  456  192  978  248  954  513  890  977  896  425   42  178  578  984  316  178  551  456  138   30  715  967  642  703   31  850   71  347  993  237  288   73   20  667  867  856  403  361  888  971  534  959  435  409   37  189  379  327   63  
205  940  659  855  444  914  939  965  281  601  176  144  512  778  202   58  833  226  966  170    0  982  339  477  790   57   69  171  424  163  381  314  310  556  462  325  810  925  914  756  748  695  761  938  962  312  648  101  471  410    7  274  955  918  410  510  458  764  607  613  759   98  589  208  145  662  291  428  397  707  139  668  247  860  899  600  441  834  718  625  719   50  486  875  958  498  443   98   11  375  410  824  460  430  622  719  327    2  354  432  879  415  853  420  629  827  657  632  865  364  411  615  395  541  439  855  394  441  329  939  610  510  493  939  488  
965  410  926  482  998  384  143  993  111  701  556  907  131  284  919  123  955  512  677  572  982    0  323  184  942  558  507  431  604   94  788  773  116  665  444   13  539  829  370  389  328  489  572  132  999  305  368    1  999  373  804  986  653  278  394    4  210  308  117  500  418  685  854  489  565  294  659  835  793  571  775  110  390  584   29  708  870   94  551  424   83   69  245  469  864  512  730  681  239  983  914  487  900  471  595  454  260   70  921  802    0  191  145  737  136  853  128  628  970  128  600  814  746  223   85  392  348  213  960  341  764  713  954  480  453  
967  905  467  850  162  330  753  509   85  854  222  653  351  575  510  828  138  723  672  830  339  323    0  525  356  264  500  316  362  771  115  942  952  854  293  523  814  790  428  131  579  259  721  121  637  614  799  820  343  510  688  185  720  981  799  982  833  621  167   86  579   25  152   67  576  271  835  685  395  492  754  601  663  248  911  992  270  508  355  518  830  316  780  660  987  121  558  893  534  615  464  560   99  589  433  632  995  282  259   54  664  784  555  322  357  914  307  455  203  427  242   54  661  892   50  780  487  520  642  796  813  880  740  942  311  
446  958  517  623  789  670  472  660  157   38  671  671  581  489  140  650  873  246  120  859  477  184  525    0  568  769  309  955  229  941  465  426  959  730  692  695  548  495  612  424  344  762   98  386  100  159  843  152  223  885  408  214  420  256  687  378  720   89  880  106  242  154  513  264  566  214  893  265  783  723  878  731  802  951  789  949  531   34  169  926  104  591  875   63  815  448  466  778  635  925  221  539  706  657  376  365  536  592  132  294  639  790  167  314  551   12  807  505  590  371  446  330  980  255  404  901  665  874  581  161  719  279   93  666  116  
321  700  904  533  380    2  434  798  586  302  294  100  459  756  410  281   83   70   77  103  790  942  356  568    0  695   77  246   52  957  420  210  323  636  809  215  257  829  294  728  134  312   89  678  250  749  652  713  590  339   28   50  830  713  455  386  482  116  199  589  549  601   83  384  406  969  529  246  280   82  822  689  852  870  904  829  591  492  396  319  666  906  754  873  202  698  619  703  436   89  866  156   99  856  877  512  167  184  605  927  519  536  528   69  495  762  678  434  620  150  677  685  876  294  694  979  270  438  672  365  455  660  755  183  821  
523  441   35  812  464  664  624  475  895  340  857  357  433  446  938  202  961   62  200  768   57  558  264  769  695    0  838  330   69  137   44  869   45   71  311   64  380   17  488  421  928  108  618  821  612   26  327   77  815  728  515  193  548  912   36  135  255  166   96  735  942  955  429  304  333  437  353  676  817  988  559   97  593  659  274  911  360  220  333  726  179  868  991  962  342  113  205  156  903  370  554   88  768  527  189  360  204  116   20  344  356  513  319   95  439  867  634  545  814  503  391  542   87  700  577  217  307  738  445  754  489  112   31  983  333  
143  456  794  964  964  978  143  155  253  590  462  430  797    8  171  771  596  158  920  524   69  507  500  309   77  838    0  366  332  618  353  830   62   99  272  952  644  843   86   21  885  528  526  725   10   37  650  509  335  189   81   52  846  285  473   48  268  716   50  797  869  674  832   76  480  136  576  547  398  134  845  667  497  753  247  881  220  882  172  180  563  233   63  266  366   33  589  318  761  725  239   68  742  404  759  635  806   71  206  930  312  281  767   84  166  651  798  452  669   70  817  181  508  216  939  742   86  859  781  983  874  976  357  772   89  
333  639  648   18  207  485  286  368   41  171   23   26  387  572  307  117  805  731  697  621  171  431  316  955  246  330  366    0  486  206  770  850  489  697  268  929  346  880  200  283  554  589   30  996  907  122   63  982  253  274  656  722  824  901  940  738   80  546  598  600  885  740  166   57  747  563  934  314  858  311  640  128  982  608  797  182  102  281  424  681  788   57  731  451  803  888  570  954   30  299  251  270  541  103  616  659  424  118  967  648  543  674  518  662  783   58  125  899  534  102  663  177  904  262  508  861  325   91  775  908  923  288  830  831  760  
798  573  507  163  412  399  843  414  915  882  599  862  607  763  989  520  559  628  502  285  424  604  362  229   52   69  332  486    0   71   74  311  845  121  198  969  954  589  257  547    8   31  740  426   70  384  112  201  857  164   51  682  448   58  369  756  187  459  617   52  437  574  418  295  769  264  205   48  188  339  514  115  935  208  887  313  773  438  739  103  604  207  761  564  550  652  451   46  468  222  364  428  591  187  416   43  645  820  944  767  145  560  303  617   54  800  440  393   66  717  989  764   29  833  991  956  503  168  989  256  776  657  578  895  802  
988  187  873  332  120  568  820  829  259  986  539  995  610  856  519  171  276  468  717  454  163   94  771  941  957  137  618  206   71    0  354  870  822  873  498  434  572  317  595   65  543  638  959   63  371  643  130  544  400  767   75    7  793  924  433  529  462   70  660  497  478  844   93  151  508  728   17  242   10  917   59  557  919  288  823  241  415  545  354   84  778  760  735  887   74  988  159  137  962  867  532  738  868  804  436  451  941  789  729  582  595  290  192  923   54   35  210  768  908  651  457  562  996  801  916  971   80  401  934  869  379  631  998  313   94  
927  740   62  245  763  844  461  665  150   70  331  816  180  786  728   21  310  419  912  608  381  788  115  465  420   44  353  770   74  354    0  938  248  795  206  232  296  941  625  276   66  577  757   64  569  188  471  486  544  639  129  346   96  424  882  249  256  460  650  331  299   13  160  843  528  540  387   36   87  712  626  340  713  956  577  694   88    5  699  924  673  168  275  826  548  674  318  621  273   53  536  650  702  721  600  364   27  644   22  346  864   54  616  395  866  207  836  531  154  220  681  617  748  660  169  926  177  929  902  826  938  767   29  465  722  
737  386  780  883  774  273  372  180  131  943  960  489  322  153  184  772  351  830  208  392  314  773  942  426  210  869  830  850  311  870  938    0  921  924  564  872  175  599  497  504  369  174    2   93  377  415  549  869  367  956  882  664  156  676  594  199   18  481  359  584  142  753   92  335  726  744  753  577  927  646  764   19  333  275  764  753  494  980  752  679  954  163  529  867  950  203  129  962  306  538  773  534  721  864  195  952  293  839  291  483  924   56  844   44  639  778  437  309  167  738  892  874  323  747   31  453   90  384  139  520  575  165  722  987  798  
 97    9  685  817  869  504  823  792  363  458  833  776  163  749  113   77  951  922   51  913  310  116  952  959  323   45   62  489  845  822  248  921    0  355  195  942  672  232  358  942  755  965  444  602  506  223  692  659  261  862  247  283  276    2  439  275  442  983   37  852    6  626  735  650  978  141  902  416  126  680  313  732  860  965  910  160  403  364   85   91  749  482  930  542  568  160  776  544  782  754  771  206  540  144  718  220  799  325  467  598  977  993   79   23  832  234  909  942  789  272  633  301   76  673  742  736  689  366  531  969  643  796  159  449  408  
 60  949   62  594  195  549   18  466  949  135  622   41  524  765  215  120  635  963  818  964  556  665  854  730  636   71   99  697  121  873  795  924  355    0  952  565  857  517  320  421  309   57  749  827  894  893  568  601  669  422  878  967  844  684  390  389  816  109  552  984  823  831  451  303  300  453   10  193  767  512  400  808  800  565   33  894  695  328  961  748  776  314  894  731   63  475  467   59  116    5  558  311  375   55  299  146  704  150  571  578  620  950  533  146  363  708   57  792  809  160  217  836  384  111  892  973  560  297  432  595  996  456  324  761  327  
166  411  956  637  515  970  621  981  716  475  988  339  754  873  757  829  592  967   31  159  462  444  293  692  809  311  272  268  198  498  206  564  195  952    0  542  296  696  142  466  564  595  301   92  264   39  150  337  337  226  739  820  198   54  713  642  539  686  163  258  483  491  984  608  154  476   13  124  852  667  368  138  225  983  438  991  514  465  727  292  915  586  818   53  835  627  279   87  873  297  710  769  778  125  163  385   40  430  797  874  383  855  171  827  591  236  699  348   52  520  641  381  842  996  923   72  918  777  455  349  226  467  249  625  923  
891  161   24  328  175  645  634   76  860  560  279   67  510  485  377  881  905  225   93  535  325   13  523  695  215   64  952  929  969  434  232  872  942  565  542    0  204   35  882  633  833  618  237   24  359   88  225   74  748    6  371  409  314  148  523  342  495  567  594  906  486    1  855  997   53  427  193  476  651  943  943  103  107  646  201  552  224  742  371  647  494   95   48  169   20  341  514   31  155  863  183  164  928  404  373  185  432  931  205  761  638  238   97  623  415  154  612  536  580  939  982  137  406  674  597  623  600   32  494  492   74  806  101  319   87  
926  916  490  569  439   49  274  493  494  367  877  860  748  460  511  534  628  730  471  645  810  539  814  548  257  380  644  346  954  572  296  175  672  857  296  204    0   35  241  667  907  851  796  131  967  742   49  913  228  193  449  241  398   10  475  987  582  300  420  319  615  729  196  326  446  485  574  469  158  679  285  681  383  957   72   27   95  516  743  733  739  914  331  236  190  270   87  128   71  991  341  579  263   88  480   19  983  533  942  834  510  733  378  186  221  766  733  482   31  999  627  753    5  401   12  396  224  378  609  885   16  712  463  863  178  
 81  386  945  503  779  560  118  126  174  208  836   41  710  953  644  642  957  248  470   14  925  829  790  495  829   17  843  880  589  317  941  599  232  517  696   35   35    0  714  885  441  966  408  963  690  854  390  994  340  248  637  420  418  745  810  253  739   58  888  939  420  871   73  790  685  821  597  387  452  889  582  906  687  740  566  701  570  971  347  365  875  286  141  413  787  111  787  497  434  631  603  180  155  345   23  458  386  243  393  782  888  137  143  263  279  531  904  374  114  787  298  747  321  483  773  272  748  675  522  316  869  574  612  396  659  
 36  298  992  746  196  572  404  283  489  852  601  611   94  659  361  331  237  401  502  595  914  370  428  612  294  488   86  200  257  595  625  497  358  320  142  882  241  714    0  868  453  992  465  328  889  552   90  568  411  997  620  620  490  469  803  216  699   93  649  506  275  816  562  781  324  911  687  603  436  232   97  687  518  355  879  671   11  445  360  710  661   81  164  707    2   67  137  217  939  180  857  778  747  236  574  744  292  332  191  168  576  601  466  895  427  902  801  222   83  381  361   68   78  178  123   29  469  241  578  403  696  113  811  449  615  
117  886   84  120  114  508  474  886  462  418  607  950  908  261  940  339  520  549  501  711  756  389  131  424  728  421   21  283  547   65  276  504  942  421  466  633  667  885  868    0  390  438  489  447  195  187  889  135  387  642  861  226  290  594  458  474  260  814   62  908  298  258  978  726  681  552  919   48  306  461   70  770  674  127  531  923  455  809  242  627  554  959   43  311   21   69  513  585   14  142  159  460  177  205  438  804  223   21  245  386  870  754  148  238  342  781  561  445  648  593   96  106  539   39  576   65   81  594   28  626  591  869  173  383   32  
455  548   44  811  238  788  979  490  484  479  870  581   66  779  891  405  831  866  770  784  748  328  579  344  134  928  885  554    8  543   66  369  755  309  564  833  907  441  453  390    0  891  379  233    2  576  841  194  461  879   22  476  282  435  857  998  884  809  915  703  855  489  305  387   26  191  682  251  224  209  838  787  396  714  222  356  739  353  189   74  621  152  762  268  495  437  586  491  554  872  630  188  651  623  321  581  442   18   29   66  635   73  221  515  988  302  378  276  260  226  788   79  112  929  956  419  253   91  633  421   68  175  937  492  455  
125  616  112  598  704  236  367  714  225  113   43  128  339    9  936  983  973   92  779  352  695  489  259  762  312  108  528  589   31  638  577  174  965   57  595  618  851  966  992  438  891    0   70  734  766  106  814  497   84  898  559  590  233  490   10  112  422  405  162  796  898  238  283  962  171  894  844  842  458  688  521  788  874  826  515   93  678  849   14  987  552  481  736  998  296  473  488  795  488  688  187  111  875  331  270  588  788  918  785  416  503  773  869  642  836  564  486  318  731  772  652  568   23  864  360  616  619  502  327  358  330  679  316  673  915  
830  474  584   44  346  629  823  690  319  345  703   38   83  957  662   30  349   32  436  544  761  572  721   98   89  618  526   30  740  959  757    2  444  749  301  237  796  408  465  489  379   70    0  716  889  754  143  523  103  429  625  923    6  992  229  809  272  165  568  728  641  970  860  139  885  585  921  399  368  809   30  413  805  891  356  994    8  184  926  348  522  187  138  532  859  248  739  957  514  237  891  266   34  812  303  801  730  245  771  745  924  441  236  566  352    2  808  924  563  616  222  943  545  474  766  271  742   63  554  659   73  618  789  897  290  
878  719   84  952  510  240  959  642  855  771  417  371  328  742  172  331   31  877  987   97  938  132  121  386  678  821  725  996  426   63   64   93  602  827   92   24  131  963  328  447  233  734  716    0  391  621  428  656  693  497  263  974  302  129  557  121  173  647  136  852  764  193  609  742  746  633  742  986  790  429  328   36   28  344  467  283  150  935  325  974  801   93  896  681  585  401  770  130   57  974   70  106  346  636  495  482  412  234  918  405  202  710  549  175  370  654  210   38  707  863  293  597  732  347  352  348  169  973  728   91  624  451  896  401  884  
980  138  939  699  179  565   10  480  374  588  380  447  995  964  350  693   13  169  703  628  962  999  637  100  250  612   10  907   70  371  569  377  506  894  264  359  967  690  889  195    2  766  889  391    0  814  104  152  824  811  716  873  896  519  199  524  455  128  146  220  825  182  213  866  809  576  101  936   29  166  320  691  191  861   72  893  613  483    1  942  158  613  637  888  775  744  420  451  663  497  385  957  126  596  949  646  479  660  501  313  594  804  442  487   48  407  625  260  630  163  530  515  196  566  404  595  769  299  556  965  953  430  968  933  270  
383  778   42    3  896  169  591  880  127  942  381  313  189  333  411  601  498  620  278  736  312  305  614  159  749   26   37  122  384  643  188  415  223  893   39   88  742  854  552  187  576  106  754  621  814    0  909  847  831  412  364  167  942   16  422  558  239  624  132  460  235  922  192  956  771  848  135  250  159  860  158  522  707  291  711  566  242  187  829  683  516  704  663  475  502  608  790  218  808  325  414   54  147  812  585  127  719  615  695  456  875  472  574  584  540  885  877  688  624  383  510   29   34  547  536  146  587  601  372  474  333  177  761   75  878  
570  186  548  522  804   87  621  207  745   76  187    6  684  257  344  248  738  121  328  967  648  368  799  843  652  327  650   63  112  130  471  549  692  568  150  225   49  390   90  889  841  814  143  428  104  909    0  759   25  853  778  630  485  843  435  325  134  792  326  355  328  613  255  630  308  202  359  513  238  781  700   59  723   56  108  616  854  617  148  105  563  780  328  219  293  596  511  192  510  915  380  113  283  926  238  590   65  351  364  308  429  936  796  329   23  236  632  214  177  435  581  751  852  629  778   59   16  833  470  178  159  227  943  744  139  
321  751  224   58  179  649  953  229  193  319  850  718  195  993  343  489  398  296  878  960  101    1  820  152  713   77  509  982  201  544  486  869  659  601  337   74  913  994  568  135  194  497  523  656  152  847  759    0  902  995  599  711  538  673  813  302  967   97  565  200  834   85  542  605  208  689   94   26    6  356  419  942  308  418  701  577  713  350  895  307   63  962  829   17  675  418  252  842  562  385  482  654  498  435  383  273   51  510   25  451  992  968  844   11  267  112  780  418  691  219  359  549  801  279  382  168  430  640  386  959   75  743  429  562  198  
 78  380  417  307  400   20  245   36  673  797  764  229  419  484   37  876  139  289  921  778  471  999  343  223  590  815  335  253  857  400  544  367  261  669  337  748  228  340  411  387  461   84  103  693  824  831   25  902    0   20  795  244  643  969   25  170  153  159  923  933  980  431  642  537  930  181  278  563  304  669  111  827  200  949   95  904  226  702  675  358  153  924  859  405  955  601  420  193  931  263  477  632  560  191  214  610  385  683  778  810  695  178  815  254  174  253  713  118  854  594  322  505  983  205  974  639  650  238  107  232  852  901  546  494  306  
593  460  325  766  910  871  116  380  856  799  539  477  330  471  640  546  398   71  128  450  410  373  510  885  339  728  189  274  164  767  639  956  862  422  226    6  193  248  997  642  879  898  429  497  811  412  853  995   20    0  259   35  596  972  448  883  747  683  963  434  195  531  153   16  814  639  256  915  590  574  229  626  310  517  677  836  394  766  268  963  984  298  477  611  254  822    2  918  409  422   69  689  804  309  477  504  370  427   19  890  241  617   40  992  161  297  897  559  134  305  898  318  522  826  165  565  736  985  435  849  215  123  988  313  789  
517  191  586  959  267  284  536  552  788  382  559   32  777  453  336   26  212  455  826  688    7  804  688  408   28  515   81  656   51   75  129  882  247  878  739  371  449  637  620  861   22  559  625  263  716  364  778  599  795  259    0  242  480  583  329   25  678  730  430  600  701  120  826  867  865  619  928  554  291   90  935  445  520   94  607  648  129  673  396  601  415  653  742  325  803  538  867  190  226   63  211  841   82  432  393  918  197  286  541  612  704  343  504   69  233  831   92  649  822  664  523  702  725  695  367  560  662  680  958  237  168  313  671  236  473  
668  776  169  411  444  979  949  468  130  129  491  708  947  620  790  828  521    5  843  801  274  986  185  214   50  193   52  722  682    7  346  664  283  967  820  409  241  420  620  226  476  590  923  974  873  167  630  711  244   35  242    0  105   17  777  696  333  528  516  806   28  539  238  336  736  906  918  246   61  279  178  612  485  262  241   64  705  489  130  174  233  946  638  216  363  112  226  421  144   91  936  132  166  613  883  634  779  208  630  469  315  627  433  835  153  394  817  515  134  287  536  662  120  923  302  247  109  254  360  781  320  332  926  851  989  
884  230   30  633   36  175  626  319  498  688   25  491  653  310  658  290  540  578  238   88  955  653  720  420  830  548  846  824  448  793   96  156  276  844  198  314  398  418  490  290  282  233    6  302  896  942  485  538  643  596  480  105    0  426  102   31  567  309  149  893  987  739  611  511  824  270    4  434  299  663  142  124  273  863  172  394  695  869  892  315  456  905  548  956  166  275  350   97  105  811  796  348  598  728  415  158  147  341  822   94  854  736  430  432   58  485  136  425  497  621  348  715  623  147  801  506  784  146  736  273  175  852  231  535  491  
738  746  492  322   24  992  278  673    4  941  394  957  433  146  382  685  602  953  725  963  918  278  981  256  713  912  285  901   58  924  424  676    2  684   54  148   10  745  469  594  435  490  992  129  519   16  843  673  969  972  583   17  426    0  906  925  232  330  998  630  198   70  133  590  274  338  150  822  226  991  759   26  176  163  743  839  398  255  256  430  917  450  897  204  687  313   21  756  726  584  177    1  523  867  310  566  476    8  702  996  542  636  598  713  450  560  156  795  485  191  906  269  666  178  982  367  948  967  765  294  445  435  687  172  362  
472  306  600  997  884  251  139  780  601  883  463  368  491    4  384  701  406   27   85  644  410  394  799  687  455   36  473  940  369  433  882  594  439  390  713  523  475  810  803  458  857   10  229  557  199  422  435  813   25  448  329  777  102  906    0  956  325  122   43  930  773   54  654  574  514  806  629  738  627   38  360  382  323  790  325  456   67  736  882  793  727  402  158  989  152  504  492  422  110  350   73  762  610  309  862  696  875  615  617  411  555  559  786  530   83  648  497  952  309  265  839  510  390  257  797   36  462  712  407  235  938  678  904  145  127  
552  165  316  401  698   35  330  180  556  923  144  465  186  191  907  222  819  569  500  871  510    4  982  378  386  135   48  738  756  529  249  199  275  389  642  342  987  253  216  474  998  112  809  121  524  558  325  302  170  883   25  696   31  925  956    0  801  873  569  436  256   51  766  438  782  309  600  347  678  625  782  131  656  125  801  314   44  803  609  301  437  122  987  617  137  421  855   92   17  237  577  836  935  982    4  329  130  764  365  600  487   75  698  289  415  659  638  770  623  750  239  834  192  505   89  309  133  888  647  504  472  223  979  281   47  
 30  369  765  236  205  211  384    2  360  628  159  355  582  346  757  367  162  805  231  489  458  210  833  720  482  255  268   80  187  462  256   18  442  816  539  495  582  739  699  260  884  422  272  173  455  239  134  967  153  747  678  333  567  232  325  801    0  666  980  412  121  982   69   40  957  619  365  330  763  202  711  594  865  359  550  198  326   21  489  868  582  171  663  452  357    2  362  847  309  528  169  618  290  957  750   35  201  126  219  616  470  986  543  347  501  961  551  124  345  740  638  892  872  429  270  841  724   22  374  338  870  470  633  217  916  
522  259  718  588  649  582  455  225  377  313  759  865   83  342  559   48  340  930  384  940  764  308  621   89  116  166  716  546  459   70  460  481  983  109  686  567  300   58   93  814  809  405  165  647  128  624  792   97  159  683  730  528  309  330  122  873  666    0  813  594   61  348  434  794  338  643  619  949  641  443  742  593  155  635  268  329  918  740  423  771  674  840  296  846  299  445  669  462   54  949  419  227  843  585  330  729  582  598   25  601  716  331  777  846  475  664  698  566  587  775  235  249  805  621  345  782   41  491  864  300  638  620  771  513   50  
111  549  381  257  148   26  633  586  438  349  730  249  755    9  872  710  322  876  665  577  607  117  167  880  199   96   50  598  617  660  650  359   37  552  163  594  420  888  649   62  915  162  568  136  146  132  326  565  923  963  430  516  149  998   43  569  980  813    0  262  504  561  884  366  926  946  999  938  572  886   85  928  619  218  628  821  755   36  270  807  331  694  988  422  199  368  309  312  775  668  944  687  802  723  114   11  826   86  284  189  412  311  544  737  662  773  534  796   32  122  466  375  573   95  713  126  121  693  677  450  560  316  115  356  941  
310  106  579  496  924  446  988  588  150  590  665  158  977  381  808  174  164  849  965  644  613  500   86  106  589  735  797  600   52  497  331  584  852  984  258  906  319  939  506  908  703  796  728  852  220  460  355  200  933  434  600  806  893  630  930  436  412  594  262    0  444  293  629  510  855  206  760   37   27  479  575   74  641  358  632  647  478  958  208  988   29  117  936  468  475  239  189  551  476  504    0  109  137  217  423  532   67  429  710  319  847  936  351  708  715  533  449  792  833  211  893  750  193  867  207  118  548  920  205  585  818  119  639  302   64  
304  874  322  630  502  455  208  625   85  440  470  960  555  984  637  689  839  842  524  290  759  418  579  242  549  942  869  885  437  478  299  142    6  823  483  486  615  420  275  298  855  898  641  764  825  235  328  834  980  195  701   28  987  198  773  256  121   61  504  444    0  571  915  186  744  625  388  214  636   83    8  333  643  645  994  771  478  601  813  267  246  295  715  682  655  621  995  930  505  195   32  980  147  941  969  865  178  443   72  660  829  362  511  623  460   58   49  351  634  827  738  871  651  489  249   66  207  824  761  213  353  152   23  770  578  
962  105  146  975  209   22  467  312  627  451  297  245  148  831  925  360  703  839  250  649   98  685   25  154  601  955  674  740  574  844   13  753  626  831  491    1  729  871  816  258  489  238  970  193  182  922  613   85  431  531  120  539  739   70   54   51  982  348  561  293  571    0  810  933  656  772  380  323   15  222  272    2  152  223  192  557  887   38  112  359  993   70  141  317  994  173  879  900  157  218  218  298  696  620  358  492  209  601  314  591  674  776  875  512  145  652  138   28  208  131  989  195  269  145  791  411  608  235  310   55  474  264  282  143  764  
584  454  575  893  324  879  964  383  105  361  125  716   56  113   40  747  551  634  186  158  589  854  152  513   83  429  832  166  418   93  160   92  735  451  984  855  196   73  562  978  305  283  860  609  213  192  255  542  642  153  826  238  611  133  654  766   69  434  884  629  915  810    0  953  783  882  616  249  388   17  680  936  349  661  949  298  136  960  170  709  660  407  947  940  550  953  478  578   79  227  854  830   81  255  558  678  835  768  684  953  485   11  369  761  942  500  955  823  921  278  378  460  571  365  104  137  149  161  886  723  327  676  172  515  117  
