100

  0  107   29  768   72  933   47  537  542  564  114  266  322  489  179   32  686  310  285  265  544  442  696   63  458  964  786  188  734  349  618  494  511  640  532  645  837  993    8  159  486  537  863  745  697  634  486  512  981  998  783  757  237  364  433  594  218  777  870   37  238  319  427  826  445   20  873  918  909  480  833  882  173  830  129   55  371  240  924  710  840  554  630  850  212  553  243  743  698  298  940  111  692  987  621  484   49  485  822  407  
107    0  490  725  326  142  954  954  528  959  475  574  859  411  840  620  557  682  164  652  774  758  469  897  309  472  148  274  758   27  839  766  625  514  317  189  198  586  114  457  684  717  457  444   59  362   78  769  778  703  323  857  852  608  296  949  504   89  665  758  123  135  495  786  909  944  724  967  880   20  103  673  697  496  996  470  196  762  581  772  654  524  102  153   94  213  602  540  529  269  303  945  667  782  169  738   29  585  365  447  
 29  490    0  202  257  918  777  618  921  682  963  272  809  321  369  977  893   71  227  376  894  158   24  873  528  669  181  868  158  656  703  824   21  600  446  439  630  123  120  670  649  550  574  727  964  185  480  534  156   35  243  435  555  248  552   94   21  116  137   37  419  270  251  852  178  384  794  604  680  599  567  828  401  681  269  948  702  661  103  133  260  833  426  499  186  234   77  871  890  958  862  324  746  340  710  202  278  572  120  716  
768  725  202    0  383    0  321   60  558  631  423   25  871  610  861  603   10  122  528  430  531  408  845  514  796   36  580  169  605  304  605  948   68  500  366  335  209  955  105  664  413  333  339   49  865  974  493   88  413  777   61    2  230  390  148  714  617   65  142  870  398  955  779  732  803  246  774  952  968  732  169   84  729  260   98  916  532  554  690   41  964  687  717  361   56  931  829  904   59  257  795   14   96   94  555  513  124  415  487  101  
 72  326  257  383    0  801  621   62  514  696  546  532  545  950  589  412  385  920  204  240  141   48  396  155  835  869  120  614  995  332  536  342  152  477  410  296   74  966  184  574   15  866  555  671  970  880  101  948  383  268  960  638  520  978  825  226  471  122  487  522  919  357   77  631  860  925  497  735  528  517  872  633  361  575  542  574  310  619  202   89  808  328  897  892  597  769   51  723  705    2  404  202  887  458  932  194  372  907  501  161  
933  142  918    0  801    0  533  580  451  440  340  771  989  611  523  447  881  963  170  686   64  904  814  436  277  495  921   53  216  228  772  886  772  985  874  278  280  855  518  239  442   59  382  877  983  571  116  386  620  118  935  513  583  910  658  737  534  254  895  423  503  674  964  982  919  231  721  973  447  951  284  672  735  986  755  493  357  703  155  961  158  238  524  482  839  797  925  388  641  598  534  765  138   62  504  260  683  659  935  457  
 47  954  777  321  621  533    0  911  277  556   28  826   84  498  748  830   80  977  110  839  831  240  644  361  407  706  394  333  195  144  183   87  324  122  865   18  260  941  510  745   53  372  723  653  167   85  801  387   89  988  447  128  147  423  237  411  447  898  365   38  822  593   67  129  541  697  201  397  715  971  445  338  111  767  258  750  616  861  269  794  272  891  408   85  324  307  110  973  194  428  542  364  585  968  643  442  918  424  777   29  
537  954  618   60   62  580  911    0  447  164  320  250  832  944  297  612  659    5  370  298  923  924  425  120  656  197  820   15  597  615  306  399  855  366  120  515  144  611   45  394  413  594  661  269  816  416    3   85  675  349  233  582  269  382  320  914  362  858  540  522   34  431  724  565  825  154  752  694  179  311  885  764  506  300  860  200  436  988  904  578  770  763  559  700  485  476  740  746  202   80  705  447  348  547  929  386  761   54  871  718  
542  528  921  558  514  451  277  447    0  125   12  368  793  607  928  927  589   22  522  455  328   92  523  909  868  514  239  307  396  116  222   84  990  586  632  199  170  449  402  108  171  611  495  270  302    5    1  518  242   89  632  813    1  787  395  697   82  308  258  193  827  326   28  222  840  836  677  338   12  689  286  616  638  960  927  259  424  982  191  733   18   38  592  117  167  762  810  301  381  609  709  464  363  995  333  412  516  306  637  705  
564  959  682  631  696  440  556  164  125    0  614  971  699   99  746  272  405  320  305  355  361  886  622  200  670   56  828  925  908  655  277  849  234  912  399  237  192  270  913  699  898  380  121  480  134  387  426  997  102   47  965  210   36  473  251  184   46  611  287   48  135  598  458  779  740  781  140  656  951  611  572  968  621  254  432  987  915  873  105  323  948   53  966  449  727  595  273  460   68  210  796  574  269  795  335   23    5  146  730  190  
114  475  963  423  546  340   28  320   12  614    0  313  670  690    1  871  439  466  433  953  585  672  646  690  665  209  517  575  779  634  972  478  251  770  328  336  890   28  693  403  488  348  507  903  647  343  923  888   11  865  363  921  580  741  993  493   76  223  745   41  633  880  157  746  745  892  670  686   60  258  602   62  601  254  890  184  251  458  208  474  838   70  117  591  328  209  125  820  982  725  449  653   46  169  309  716  705    6  762  819  
266  574  272   25  532  771  826  250  368  971  313    0  480  401  731  588  664  596  716  897  290  512  857  516  998  830  644  535  981  764  447  273   79  855  112  159  771  339  647  974  760  289  522  396  460  837  658  400  370  532  788  413  963  947  228  180   46  516  113  425  226  812  389  168  253  420  745  244  837  831  453  217  871  501  163  777  729   11  619   75  604  139  365  133  945  297  396   16  566  515  898  925  536  702  840   84  466  857  417  280  
322  859  809  871  545  989   84  832  793  699  670  480    0  314  742  925  333  407  340  310  838   48  494   43  385  982  632  463  782  346  548  163  316  863   28  190  640  603  273  850  557  200  460  240  713  722  529  985  357  614   31  736  848  630  314  663  835  290  484  781  454  537  709  461  856   58  321  426  600  796  828  984  668  267  106  730  656  452  151  963  800  436  512   10  138  690  149  715  507   99  558  248  764  826  213  409  387  743  483  293  
489  411  321  610  950  611  498  944  607   99  690  401  314    0  490  350  812  401   23  806   45  116  147  107  228  381  649  109  165   76  809  439  176  642  123  789  692  776  278  386   26  487  423  560  408  584  343  416  302  916  945  877  314  947  495  318  775  748   18  826  753  295   49  716  798  958  782  104  495  705  771  354  747  878  492  138   22  417  517  366  718   64  671  534  437  502  177   25  456  184  588  777  285  842  579  286  605  569   45  475  
179  840  369  861  589  523  748  297  928  746    1  731  742  490    0  144  245  142  790  255  380  185  175  760  522  247  396  259  152   62  499  287  251  344  952  429  161  710   17   60  865  198  224  114  814  980  218  898  172  820  258  726  133  426  513  178  130  492  488  691  922  339  484  849  307  919  772   27  199  812  139   72  113  993  749  552  271  104  777  646  505  869  643  436  625  316   27  377  601  391  159   84    9  699  772  382  423  646  965  712  
 32  620  977  603  412  447  830  612  927  272  871  588  925  350  144    0  207  621   53  426  346   32  453  760  546  342  865   92  432  643   84  492  398  974  531  159  970  479  571  829  501  806  198  969  715  913  863   67  336  730  106  931   49  340  201  518   64  399  889  820  727  891  507  210  252  499  726  278  146  876  580  521  417  379  955  954  363  697  459  537  482  851  986  671  248  657  534  472  192  729  206  642  521  887  870    6  846  863  332  553  
686  557  893   10  385  881   80  659  589  405  439  664  333  812  245  207    0  939  219  864  279  307    6  508  498  901   10  726   48  487  782  870  382  750  125  546  781  638  918  586  884   35  378  828    3  966  843  445  281  260  411  309  832  168   45  990  130  783  896  481  501  191  289  651  764  437  628  841  787  963  286  343  317  176  191  149  850  699  697   25  627  915  407  110  242  183  223  554  943  977   27  139  420   79   86  704  717   50  979  732  
310  682   71  122  920  963  977    5   22  320  466  596  407  401  142  621  939    0  668  536   66  187  411  690  187  774  255  361  864  949  238  821  512  462  386  710  199  617  776  409  135  581  578  378  315  218  864   91  648  185  745  503   24   98  799  342  315  660  390  543  380  571  735  233  127   60  885  470  975   56  434  563  186  885  716  337  103  444  645  892  597  253  961  175  712  242  469  791  982  666  831  585  255  453  486  866   31  502  500   86  
285  164  227  528  204  170  110  370  522  305  433  716  340   23  790   53  219  668    0  300  270  999  574  565  960  674  178  415  644  711    1  755  502  865   57  678   76  221  375  543  101  587  810  669  724  263  828  442  177  635  243  473  606  188  908  315  945  902  361  253   11  271  519   19    0  309  163  429  949  675  242  957  593  707  512  602  243  348  397  710  293  610  626  290   30  985  928  221  743  848   97  931  146  368  837  946  989  787  817  626  
265  652  376  430  240  686  839  298  455  355  953  897  310  806  255  426  864  536  300    0  449  565  166  391  405  361   30  769  939  951  599  311  940  656  799  317  601  125  469  869   35  271  686  335  878   68  401  143  793  437  332  258  170  313  391  293  835  817  783  773  324  563  536  290  323  405  356    3  868  520  495  417  711  470  471  671  474  550  683  323  730  445  622  763  610  497  408  758  279  338  965  159   17  851  723  851  716  126  301   77  
544  774  894  531  141   64  831  923  328  361  585  290  838   45  380  346  279   66  270  449    0  940  799  706  391  479  530  257  609  936  606  888  789  486  234  468  521  248   33  589  521  865  457   93  303  525  835  234  666  673  272  675  619  214    0  515  739  816  952  769  275  461  423  919  762    2  241  658  538   59  414  121  694   29  643   94   27  334  310  735   32  344  111  794  804  994  134  310  369  987  824  732  970  587  679  878  715  964  794  858  
442  758  158  408   48  904  240  924   92  886  672  512   48  116  185   32  307  187  999  565  940    0  842  158  923  715  487   21  928  236  505  381  458  305  919  800  667  258  957  408  514  199  685  816  870  643  153  685  980  586  976  174  725  650  412  281  721  115  975  393  479  667  859  972  532  830  871  885  870  169  686  678  382  758  573  219  232  685  966  625  713  165  704  345  483  701  293  849  107  545  221  174  640  205   27   92  238    7  317  965  
696  469   24  845  396  814  644  425  523  622  646  857  494  147  175  453    6  411  574  166  799  842    0  968  863  812  325  442  766  663  549  868  189  993  809  291  712  292  833  262   53  531  154  180  370  456   83  589  318   47  635  237  181  457   24   38   42  995  147  106  928  183  322  623  280  950  175   27  662   99  788  871  636  988  748  217  362  729  252  656  750  448  269  372  594  543  104  244  722  817  131  758  831  140  140  488  829  428  469  768  
 63  897  873  514  155  436  361  120  909  200  690  516   43  107  760  760  508  690  565  391  706  158  968    0  182  232   71  448  307  434  343  436  910  867  940  474  395  367  226  987  154  294  580  733  338  414  377  282  547  223  681   80  321  686  238  910  152  390  487  101  504  510  530  154  234  619  308  213  282  543  719   39  647  799  891  418  615  852  637  459  193  304  547  208  351  706  941  815  548  928  827  638  757  791  838  232  473  846  124  787  
458  309  528  796  835  277  407  656  868  670  665  998  385  228  522  546  498  187  960  405  391  923  863  182    0  415  941  309    5  505  507  373  624  787  265  381  456  241  822  873  635  884  669  437  406  532  615  600  289   72  123  472  558  220  387  887  696  414  238  950  459  571  632  286  838  168  520  930  698  988  284  705  237  576  751  196  654  157  840  877  549  722  522  835  283  862  666  452  528  879  237  901  399   27   30  610  341  110  820  795  
964  472  669   36  869  495  706  197  514   56  209  830  982  381  247  342  901  774  674  361  479  715  812  232  415    0  867  227  531  842  163   16  644  444  409  561  136  193  227  808  395  443  792  410  614  616  955  315   34  844  294  405   37  613  798  389   11  610  697  774  492  128  179  218  704  869  107  321  876  102  597  298  499  288  510  772  247  995  681  538  387  797  839  905   52  303  775  464  251  671  493  170  424  886  409  187  673  633  301  885  
786  148  181  580  120  921  394  820  239  828  517  644  632  649  396  865   10  255  178   30  530  487  325   71  941  867    0  476   78  734  958  541  252  944  256  163  607  950  402  117  835  671  328  811  510  275  767  921   39  356  652  159   90  235  720  259  942  958  186  167   90  687  967  684  970  326  584  197  909  492   40  206  131  487   74  149  232  642  194  727  557  321  621  748  743   63  652  704  726  896  777  537  514  980  316  765  362  774  837  933  
188  274  868  169  614   53  333   15  307  925  575  535  463  109  259   92  726  361  415  769  257   21  442  448  309  227  476    0  311    1  769  720  918  789  321  860  998  392  587  894  137  163  697  774  178  662  464  458  586  765  699  640  333  864  317  829  358   96  734  217  547  223  817  616  544  464  307  945  459  152  608  460  498  435  269  629  853   84  749  763  854  747  800  756  121  527  672  996  827  722  177  999  708  204   25  120  967    2  789  428  
734  758  158  605  995  216  195  597  396  908  779  981  782  165  152  432   48  864  644  939  609  928  766  307    5  531   78  311    0  438  824  275  291  356  246  187  277   47  756  588   79  483  689  307  501  610  501  767  974  739  267  251  783  839  767  366  515  447   48    0  927  267  368  610  975  577  544  469  568  796  261  685  299  699  233  961  703  183  975  940  886  156  455  347  300   44  466  177  524  714  359  304  921    4  706  528   46  271   15  109  
349   27  656  304  332  228  144  615  116  655  634  764  346   76   62  643  487  949  711  951  936  236  663  434  505  842  734    1  438    0   49  350  190  360  162  237  334  535  553   66  664  388  267  841  771  860   58  457  433  870  266  294  248  442  342  535  417  662  206   60  952  144  627  803   82  191  860  739  222  154   11  689  312  705  498  523  778  839  486  989  698  190  853  166  623  941  704  431  217  169  705  596  539   32  702  752  734   36  840  847  
618  839  703  605  536  772  183  306  222  277  972  447  548  809  499   84  782  238    1  599  606  505  549  343  507  163  958  769  824   49    0  930   50  614  297  330  957   16  650  462  301  245   64  312  401  134  798  884  989   22  655  853  974  788  603   53  870  469  577  128  356   76  107  942  231  696  965  432  902  831  849  459  664  667  112  564  178  686  344  586   67  748   25  531  665  908   79  161  809   34  652  227   16  708  460  772  294  700  768  579  
494  766  824  948  342  886   87  399   84  849  478  273  163  439  287  492  870  821  755  311  888  381  868  436  373   16  541  720  275  350  930    0  121  412  925  619  942  488  348  379  631  531  968  366  696  541  213  479  924  815  648  998  878  673  685  389  472  473   75  414  246    4   85  271  265    7  769  585  418  672  578  650  330  701  786  846  527  841  978  663  299  929  380  842  205  655  983  926  877  854  422  439  484   15  876  702  219  639  887  595  
511  625   21   68  152  772  324  855  990  234  251   79  316  176  251  398  382  512  502  940  789  458  189  910  624  644  252  918  291  190   50  121    0  348  466  743  345  443  567  866  985  871  547  853   40  253  955  302  821  565   66  364  611  128  260  636  606  167  553  551  559  685  280  809   96  112  241  508  815  726  610   18  316  504  403  462  603  224  515  938  713  405  951  766  473  545  175  140  776  725  930  898  802   25  320  962  480  990   34  721  
640  514  600  500  477  985  122  366  586  912  770  855  863  642  344  974  750  462  865  656  486  305  993  867  787  444  944  789  356  360  614  412  348    0  462  749  579  533  504  859  347  444  675  158  537  852   41  737  989  481   48  957  658  826  683  112  385  478  576  124  361  874  785   65  988  287  192  325  325  115  572  927  969  498  513  651  453  227  791   19  317  157  748  251  695  222  562   30  923  905  537   73   54  484  113  415  139  943  180  827  
532  317  446  366  410  874  865  120  632  399  328  112   28  123  952  531  125  386   57  799  234  919  809  940  265  409  256  321  246  162  297  925  466  462    0  137  740  328  745  642  380    5  289   52  121  549  657  528  183  555  239  587  981  387  238  486  647  321  699  560  638  653  133  725   70  351  272  263  338  638  148  723  476   84  559   75  598   60  425  216  278  660  731  705  413  530  884  782  811  438  816  240  797  610  580  553  354  726  894  931  
645  189  439  335  296  278   18  515  199  237  336  159  190  789  429  159  546  710  678  317  468  800  291  474  381  561  163  860  187  237  330  619  743  749  137    0  574  449  430  260  959  904  134   44   42  428  171  440  512  774  653  326  273  467  826  146  338  404  471  801  921  313  922  956  917  823  529  240   59  870  580  352    3  910  909  100  466  470  222  940  606  357  608   32  484   52  727  517  601  546  693  701  356  287  924  513  622  196  437  824  
837  198  630  209   74  280  260  144  170  192  890  771  640  692  161  970  781  199   76  601  521  667  712  395  456  136  607  998  277  334  957  942  345  579  740  574    0  316  700  652  142  925  735  859    5    7  347   71  369  420  343  257  966  234  561   98  154  296  814  532  439   20  752  413  993  532  336  437  788  131  993  505  557  743  871  983  272   20  468  983  241  763   63  547  358  491  679  369  219  552  510  395  207  229  559  649   78  756  453  991  
993  586  123  955  966  855  941  611  449  270   28  339  603  776  710  479  638  617  221  125  248  258  292  367  241  193  950  392   47  535   16  488  443  533  328  449  316    0  821   23  447  505  356  127  777  669  529  488  848   27  404  575  118  250   68  179  545  602  635  489  595  530  717  169   10  207  265  211  527  135  151  539  647  439  861  448   66  183  175  784  969  709  384  584  173   82  948  279   97  744  576   68  144  390  896  847  193  709  708  309  
  8  114  120  105  184  518  510   45  402  913  693  647  273  278   17  571  918  776  375  469   33  957  833  226  822  227  402  587  756  553  650  348  567  504  745  430  700  821    0  127   92  265  686   10  902  310  645  328  218  715  353  445  819  208   20  671  832  555  407  487  879  407  659  530  133   10  408  912   17  446  151  425  256  522  115  797   48  402  338  672  289  861    0  595  835  683  266  621  671  106   54  527  549  177  228  231  825  497   12  827  
159  457  670  664  574  239  745  394  108  699  403  974  850  386   60  829  586  409  543  869  589  408  262  987  873  808  117  894  588   66  462  379  866  859  642  260  652   23  127    0  162  577  302  647  662  648  596  296  848  469  864  979  833   62  619  234  628  941  202   30  570  188  868   67  498    0  386  852  731  737  752  444  801  771  778  105  215   85  722  798  166  549  478  879  359   24  925  982  480  342  193   71   49  726  226  906   15  898  500  224  
486  684  649  413   15  442   53  413  171  898  488  760  557   26  865  501  884  135  101   35  521  514   53  154  635  395  835  137   79  664  301  631  985  347  380  959  142  447   92  162    0  973  758   74  928  738  560  909  150  148  277  434  503  967  479  840  950  212  694  401  194   84  978  856  782  282   69  704  666  829  903  906  542  156  935  477  108  276  397  602  764  971  748  394  908  921   20  378  786  402  872  613  433  678  936  913  146  834  850  984  
537  717  550  333  866   59  372  594  611  380  348  289  200  487  198  806   35  581  587  271  865  199  531  294  884  443  671  163  483  388  245  531  871  444    5  904  925  505  265  577  973    0  547  451  428  388  805   42  638  812  624  513  853  865  203  903  295  150   10   66  706  603  411  647  934  154  436  711  216  389  952  284  445  309  363  378  458  815  204  863  523  840  691  485  154  874  898  856  734  601  233  349   29  586   32  425  984  787  527  414  
863  457  574  339  555  382  723  661  495  121  507  522  460  423  224  198  378  578  810  686  457  685  154  580  669  792  328  697  689  267   64  968  547  675  289  134  735  356  686  302  758  547    0  807  536  428  266   89  713  348  280  211   23  519  497  671  719  631  696  866  993  706  315  236   35  748  868  697   73  336    1  558  519  193  849  279  608  217   33  168  777  810  560  140  443  143  737  365  199  356  859   46  722   92  975  625  748  524  642  857  
745  444  727   49  671  877  653  269  270  480  903  396  240  560  114  969  828  378  669  335   93  816  180  733  437  410  811  774  307  841  312  366  853  158   52   44  859  127   10  647   74  451  807    0  139  721  292  918  793  148  543  145  395  109  764  654  976  574  495  613  127  366  675  152  808  924  286  486  246  365  684  890  776  434  661  570  350  319  875  935  971  531  878  248  530  933  437   18  856  480  574  376  473   97  253  770  227  375   24  251  
697   59  964  865  970  983  167  816  302  134  647  460  713  408  814  715    3  315  724  878  303  870  370  338  406  614  510  178  501  771  401  696   40  537  121   42    5  777  902  662  928  428  536  139    0  458  616  422  228  828  801  580  363  520  116   36  429  664  859  137  495  116  793  553  378  272  739   64  969  317  541  894  131  439  927   56  167  161  127  966  338  676  574  612  317  359  801  513  715  596  809  700  125  454  123  970  749  691  178  505  
634  362  185  974  880  571   85  416    5  387  343  837  722  584  980  913  966  218  263   68  525  643  456  414  532  616  275  662  610  860  134  541  253  852  549  428    7  669  310  648  738  388  428  721  458    0  629  254  963  420  922  413  428  939  656  677  139  711  122  286   51  356  728  730  684  872  234  715  662   55  458  383  434  692  820  274  641  351  344  359  255  193  812  434  797  878  342  908  134  707  567  971   29  623  429  466  434  425  437  603  
486   78  480  493  101  116  801    3    1  426  923  658  529  343  218  863  843  864  828  401  835  153   83  377  615  955  767  464  501   58  798  213  955   41  657  171  347  529  645  596  560  805  266  292  616  629    0  338  881  959  161  830  590  860   18  579  616  391  587  638  142  214  841  895  456   43  647  850  959  574  226  741  219  562  543  705  648  414    8  715  693  939  646   48  235  573  359  238  224  519  265  910  654  161  834  315  328  865  584  255  
512  769  534   88  948  386  387   85  518  997  888  400  985  416  898   67  445   91  442  143  234  685  589  282  600  315  921  458  767  457  884  479  302  737  528  440   71  488  328  296  909   42   89  918  422  254  338    0  490  491  380   82  675  988  467  555  304  978  379  782  193  956  436  486  835  338  198  703  205  898  472  120  315  195  732  542  796   82  996  992  573   62  606  828  856  822  453  943  897  250  242  624   40  149   76  940  844  393  452  494  
981  778  156  413  383  620   89  675  242  102   11  370  357  302  172  336  281  648  177  793  666  980  318  547  289   34   39  586  974  433  989  924  821  989  183  512  369  848  218  848  150  638  713  793  228  963  881  490    0  397  477  315  804  907  563  920  657  606  406  933  899  986  584  685  745  158  953  192  883  732  360  699  719   38  428  267  611  832  414  398  374  411  478  155  806  806  366  691  282   40   94  432  177  461  107  750  560  645  988    8  
998  703   35  777  268  118  988  349   89   47  865  532  614  916  820  730  260  185  635  437  673  586   47  223   72  844  356  765  739  870   22  815  565  481  555  774  420   27  715  469  148  812  348  148  828  420  959  491  397    0  689   86  670  927  235  812  295  836  974  603  428  154  206  337  840  775  926   81  930  464  991  528  840  245  276  998  464  455  201  801  452  915  817  690  553  400  601  372  299  182  548  962  308   96  432  715  273   27  916  500  
783  323  243   61  960  935  447  233  632  965  363  788   31  945  258  106  411  745  243  332  272  976  635  681  123  294  652  699  267  266  655  648   66   48  239  653  343  404  353  864  277  624  280  543  801  922  161  380  477  689    0  648  830  248   69   99   48  561  483  599  967   34  388   10  688  938  467  268  212   13  727   88   41  721  786  676  432  897  925  186   34   72  191  222  341  311  957   69  206  325  988  594  639  147  745  826  189  926  295  662  
757  857  435    2  638  513  128  582  813  210  921  413  736  877  726  931  309  503  473  258  675  174  237   80  472  405  159  640  251  294  853  998  364  957  587  326  257  575  445  979  434  513  211  145  580  413  830   82  315   86  648    0  730  782  808  977  771  457   68  626  334  403  547  325  776  783  906  568  888  821  821  779  124  346  532   34  895  716  677  807  349  394  804  320  934  463  523  263  152  368  793  320  333  918  391  502  898  456  992  749  
237  852  555  230  520  583  147  269    1   36  580  963  848  314  133   49  832   24  606  170  619  725  181  321  558   37   90  333  783  248  974  878  611  658  981  273  966  118  819  833  503  853   23  395  363  428  590  675  804  670  830  730    0  555  915  323  629  575   23  532  556  980  411  993  461  254  645  458  893  973  110  100  330  451  287  963  343  242   49  116  331  237  380  947  724  329  129  362  996  334  937  778   64  896  768  950  226  544  606  545  
364  608  248  390  978  910  423  382  787  473  741  947  630  947  426  340  168   98  188  313  214  650  457  686  220  613  235  864  839  442  788  673  128  826  387  467  234  250  208   62  967  865  519  109  520  939  860  988  907  927  248  782  555    0  856   13  482   74  143  635  648  526  858  708  464  420  515  875  890    1  501  830  557  462  435  671  439  232  419  908  386  786  503  359  275  159  341  133  322  867  545   52  913  849  751  753  309  563  594  602  
433  296  552  148  825  658  237  320  395  251  993  228  314  495  513  201   45  799  908  391    0  412   24  238  387  798  720  317  767  342  603  685  260  683  238  826  561   68   20  619  479  203  497  764  116  656   18  467  563  235   69  808  915  856    0  669  235  953   46  249  121  695  609  493  303  129  385  487  928  561   30  751  621  442  883  982   57  145  745  571  573  726  947  313  562  818  931   23  665  982  753  235  919  824   28  953  227  224  227  980  
594  949   94  714  226  737  411  914  697  184  493  180  663  318  178  518  990  342  315  293  515  281   38  910  887  389  259  829  366  535   53  389  636  112  486  146   98  179  671  234  840  903  671  654   36  677  579  555  920  812   99  977  323   13  669    0  914  935   44  714  879  721  411  236  330  619  996  646  399  737  497  693  517  264  111  829  963  969  455  560  308  580  416  916  460  547  508  553  262  618  176   65  266  160  111   20  563  287  946  848  
218  504   21  617  471  534  447  362   82   46   76   46  835  775  130   64  130  315  945  835  739  721   42  152  696   11  942  358  515  417  870  472  606  385  647  338  154  545  832  628  950  295  719  976  429  139  616  304  657  295   48  771  629  482  235  914    0  707  548  656  521  261  965  103  339  611  237  484  645  963  238  979  552  269  808  250  121  454    6  672  715  331  408  722  522   72  326  919  836   13  929  892  344  157   26  827  706  879  365  390  
777   89  116   65  122  254  898  858  308  611  223  516  290  748  492  399  783  660  902  817  816  115  995  390  414  610  958   96  447  662  469  473  167  478  321  404  296  602  555  941  212  150  631  574  664  711  391  978  606  836  561  457  575   74  953  935  707    0  772  693  861  885  258  410  545  422    0  145  921  495  334  997  699  329  278   18   78  798  861  939  844  914  589  195  643  936  310  334  564  676  784  853  113  238  788  314  470  972  372  680  
870  665  137  142  487  895  365  540  258  287  745  113  484   18  488  889  896  390  361  783  952  975  147  487  238  697  186  734   48  206  577   75  553  576  699  471  814  635  407  202  694   10  696  495  859  122  587  379  406  974  483   68   23  143   46   44  548  772    0  258  391  452  891  565  901  368   68  396  180  568  735  284  602  244  763  761  330  951  927   38   64  518  973  788  497  767   76  391   88  423  785  296  151  655  114  784  310  633   61  168  
 37  758   37  870  522  423   38  522  193   48   41  425  781  826  691  820  481  543  253  773  769  393  106  101  950  774  167  217    0   60  128  414  551  124  560  801  532  489  487   30  401   66  866  613  137  286  638  782  933  603  599  626  532  635  249  714  656  693  258    0  873  997  997  749  983  967  726   45  957   42  984  633  404  211  969   56  638  129  890  456  968  703  606  144   85  144  439   21  952  721  433  599  836  804  663  379  135  190  379  252  
238  123  419  398  919  503  822   34  827  135  633  226  454  753  922  727  501  380   11  324  275  479  928  504  459  492   90  547  927  952  356  246  559  361  638  921  439  595  879  570  194  706  993  127  495   51  142  193  899  428  967  334  556  648  121  879  521  861  391  873    0  569  981  124  740  910  702  107  847  707  297  255  629  605  159  635  992  635  616  311  286  515  673  896  530  567  230  652  134  470  354  194  631  201    2  845  971  146  832  185  
319  135  270  955  357  674  593  431  326  598  880  812  537  295  339  891  191  571  271  563  461  667  183  510  571  128  687  223  267  144   76    4  685  874  653  313   20  530  407  188   84  603  706  366  116  356  214  956  986  154   34  403  980  526  695  721  261  885  452  997  569    0  524  866  408  188  563  765  923  827  663  820  759  324  781  869  656  576  728   86  109  469  918   42  231  702  419  418  411  920   94  525  161  681  739  853  448  455  503  268  
427  495  251  779   77  964   67  724   28  458  157  389  709   49  484  507  289  735  519  536  423  859  322  530  632  179  967  817  368  627  107   85  280  785  133  922  752  717  659  868  978  411  315  675  793  728  841  436  584  206  388  547  411  858  609  411  965  258  891  997  981  524    0  863    0  515  599  608  377  223  454  714  464  257   58  437    8   46  285  627  868  953  461  687   19  748  841  822  417  544  202  709  645  924  885   24   60  202  634  468  
826  786  852  732  631  982  129  565  222  779  746  168  461  716  849  210  651  233   19  290  919  972  623  154  286  218  684  616  610  803  942  271  809   65  725  956  413  169  530   67  856  647  236  152  553  730  895  486  685  337   10  325  993  708  493  236  103  410  565  749  124  866  863    0  884  809  785  445  656  212  653  646  173  331  653  678  123  810   35  907  522  701  181  171  385  793  322  195  755  612  942  286   83  831  462  255  185  730  966  931  
445  909  178  803  860  919  541  825  840  740  745  253  856  798  307  252  764  127    0  323  762  532  280  234  838  704  970  544  975   82  231  265   96  988   70  917  993   10  133  498  782  934   35  808  378  684  456  835  745  840  688  776  461  464  303  330  339  545  901  983  740  408    0  884    0   32  725   57  333  353   53  451  629  507  826   69  909  746  744  204  742  246   48  650  366  372  249  440  888  152  384  609  126  941  185  113   92  777  473  237  
 20  944  384  246  925  231  697  154  836  781  892  420   58  958  919  499  437   60  309  405    2  830  950  619  168  869  326  464  577  191  696    7  112  287  351  823  532  207   10    0  282  154  748  924  272  872   43  338  158  775  938  783  254  420  129  619  611  422  368  967  910  188  515  809   32    0  133   96  900   81  257  369  165  760  367  395   90  662  647  313  421  622  406  631  743  154  104  747  526  769  125  555  127  134  379   67  360   31  825  113  
873  724  794  774  497  721  201  752  677  140  670  745  321  782  772  726  628  885  163  356  241  871  175  308  520  107  584  307  544  860  965  769  241  192  272  529  336  265  408  386   69  436  868  286  739  234  647  198  953  926  467  906  645  515  385  996  237    0   68  726  702  563  599  785  725  133    0  329  553  799  711  855  713  839  973  602  130  101  813  959  231  449  608  808  293  444  548  432  988  965  329  203  615  256  132   23  179  478  210   80  
918  967  604  952  735  973  397  694  338  656  686  244  426  104   27  278  841  470  429    3  658  885   27  213  930  321  197  945  469  739  432  585  508  325  263  240  437  211  912  852  704  711  697  486   64  715  850  703  192   81  268  568  458  875  487  646  484  145  396   45  107  765  608  445   57   96  329    0   18  642  353  820  772  781  382  721  377  932  175  235  806  694  917  586  506   27  237  560  542  208  691  322  500  706  973  851   42  764  143  953  
909  880  680  968  528  447  715  179   12  951   60  837  600  495  199  146  787  975  949  868  538  870  662  282  698  876  909  459  568  222  902  418  815  325  338   59  788  527   17  731  666  216   73  246  969  662  959  205  883  930  212  888  893  890  928  399  645  921  180  957  847  923  377  656  333  900  553   18    0  408  255  607  546  612  744  107  977  697    5  863  677    4  434  227  411  149  246  161   83  735  324  841  186   25  919  430  910   48  940  844  
480   20  599  732  517  951  971  311  689  611  258  831  796  705  812  876  963   56  675  520   59  169   99  543  988  102  492  152  796  154  831  672  726  115  638  870  131  135  446  737  829  389  336  365  317   55  574  898  732  464   13  821  973    1  561  737  963  495  568   42  707  827  223  212  353   81  799  642  408    0  205  234  985  969  734  972  169  368  419    5   88  767  672  102  387  822  203  880  418   83  965  619  862  923   99  964  708  517  235  414  
833  103  567  169  872  284  445  885  286  572  602  453  828  771  139  580  286  434  242  495  414  686  788  719  284  597   40  608  261   11  849  578  610  572  148  580  993  151  151  752  903  952    1  684  541  458  226  472  360  991  727  821  110  501   30  497  238  334  735  984  297  663  454  653   53  257  711  353  255  205    0  255  730   70  775  558  874  687  878  980  471  953  695  506   64  907  996  157   10  953  765  509  525  624  741  887  792  647  625  953  
882  673  828   84  633  672  338  764  616  968   62  217  984  354   72  521  343  563  957  417  121  678  871   39  705  298  206  460  685  689  459  650   18  927  723  352  505  539  425  444  906  284  558  890  894  383  741  120  699  528   88  779  100  830  751  693  979  997  284  633  255  820  714  646  451  369  855  820  607  234  255    0   33  888  223  462  184   49  766  167  106    2  258  784   66  992  577  671  584  986  323  560   44  529  291  572  559   22  463  845  
173  697  401  729  361  735  111  506  638  621  601  871  668  747  113  417  317  186  593  711  694  382  636  647  237  499  131  498  299  312  664  330  316  969  476    3  557  647  256  801  542  445  519  776  131  434  219  315  719  840   41  124  330  557  621  517  552  699  602  404  629  759  464  173  629  165  713  772  546  985  730   33    0  892  741  687  422  263  378  229  446  942  851   34  646  933  564  302   85  595  453  309  190  506  272  544  632   76   12  188  
830  496  681  260  575  986  767  300  960  254  254  501  267  878  993  379  176  885  707  470   29  758  988  799  576  288  487  435  699  705  667  701  504  498   84  910  743  439  522  771  156  309  193  434  439  692  562  195   38  245  721  346  451  462  442  264  269  329  244  211  605  324  257  331  507  760  839  781  612  969   70  888  892    0  138  235  628  216  206   65  797   98  132  529  525  174  499  536  643  907  673  336  582  584  348  692  422  615  940   70  
129  996  269   98  542  755  258  860  927  432  890  163  106  492  749  955  191  716  512  471  643  573  748  891  751  510   74  269  233  498  112  786  403  513  559  909  871  861  115  778  935  363  849  661  927  820  543  732  428  276  786  532  287  435  883  111  808  278  763  969  159  781   58  653  826  367  973  382  744  734  775  223  741  138    0  948  558  424  704  852  706  178  305  738  834  536  847  732  848  480   43  373  495  472  959  438  784  432  731  997  
 55  470  948  916  574  493  750  200  259  987  184  777  730  138  552  954  149  337  602  671   94  219  217  418  196  772  149  629  961  523  564  846  462  651   75  100  983  448  797  105  477  378  279  570   56  274  705  542  267  998  676   34  963  671  982  829  250   18  761   56  635  869  437  678   69  395  602  721  107  972  558  462  687  235  948    0  804  647  768  532  788  981  249  593  337  906  892  879  434  700  646  930  369  279    0  429  703  637  926  815  
371  196  702  532  310  357  616  436  424  915  251  729  656   22  271  363  850  103  243  474   27  232  362  615  654  247  232  853  703  778  178  527  603  453  598  466  272   66   48  215  108  458  608  350  167  641  648  796  611  464  432  895  343  439   57  963  121   78  330  638  992  656    8  123  909   90  130  377  977  169  874  184  422  628  558  804    0  716  731   70  962  607  529  894   35  285  273  472  995  722   65  593  545  466  791  353  608  494  844  896  
240  762  661  554  619  703  861  988  982  873  458   11  452  417  104  697  699  444  348  550  334  685  729  852  157  995  642   84  183  839  686  841  224  227   60  470   20  183  402   85  276  815  217  319  161  351  414   82  832  455  897  716  242  232  145  969  454  798  951  129  635  576   46  810  746  662  101  932  697  368  687   49  263  216  424  647  716    0  703  546  134  222  545  812  640  147  236  283  920  114  641  266  695  700  427  536  806  874  727  106  
924  581  103  690  202  155  269  904  191  105  208  619  151  517  777  459  697  645  397  683  310  966  252  637  840  681  194  749  975  486  344  978  515  791  425  222  468  175  338  722  397  204   33  875  127  344    8  996  414  201  925  677   49  419  745  455    6  861  927  890  616  728  285   35  744  647  813  175    5  419  878  766  378  206  704  768  731  703    0  657  270  207  670  545  978  180  692  962  280  977   35  831  591  182  485  669  212  584  607  758  
