80

    0     14     39     26     38     18     41     46     14     50    911    906    928    896    927    933    872    890    881    907    905    900    880    907    909    884    812    744    785    747    792    767    825    772    759   1167   1156   1117   1136   1112   1102   1106   1099   1137   1164    724   1257   1219   1191   1219   1237   1246   1210   1182   1225   1247   1577   1579   1584   1610   1591   1621   1582   1586   1599   1549   1562   1559   1244   1228   1225   1218   1185   1235   1171   1232   1267   1229   1198   1209  
   14      0     32     13     26      6     33     34     27     47    898    892    915    883    914    920    859    876    868    893    892    887    867    894    895    871    802    734    774    737    782    756    814    762    748   1159   1148   1109   1128   1104   1094   1098   1091   1129   1156    713   1248   1209   1181   1209   1228   1236   1200   1172   1215   1237   1564   1566   1571   1596   1578   1608   1569   1573   1586   1536   1549   1546   1232   1216   1212   1206   1173   1223   1167   1228   1262   1224   1194   1205  
   39     32      0     34     20     29      8     55     45     16    890    884    908    874    905    913    851    870    860    885    884    879    860    886    889    861    775    707    749    711    756    730    788    735    722   1129   1118   1079   1098   1074   1064   1068   1061   1099   1126    688   1220   1182   1153   1182   1200   1209   1173   1145   1188   1210   1551   1553   1557   1584   1565   1595   1557   1560   1573   1524   1538   1533   1211   1196   1192   1186   1153   1203   1135   1196   1230   1192   1162   1173  
   26     13     34      0     20     10     31     24     39     49    886    880    903    870    902    907    846    864    855    881    880    875    854    882    883    858    794    727    766    729    774    748    806    754    741   1153   1142   1103   1122   1098   1089   1092   1085   1124   1150    705   1241   1202   1173   1202   1221   1229   1193   1165   1208   1229   1552   1554   1559   1584   1566   1596   1557   1561   1574   1524   1537   1534   1221   1206   1202   1196   1163   1212   1165   1226   1260   1223   1192   1204  
   38     26     20     20      0     21     14     38     49     34    878    872    895    862    893    900    838    857    847    873    872    867    847    874    876    850    776    709    748    711    756    730    789    736    723   1134   1123   1084   1103   1079   1069   1073   1066   1104   1131    688   1222   1184   1155   1184   1202   1211   1175   1147   1190   1211   1541   1543   1548   1574   1556   1585   1547   1551   1564   1514   1527   1523   1206   1191   1187   1181   1148   1198   1145   1207   1241   1203   1173   1184  
   18      6     29     10     21      0     28     33     31     43    894    888    911    878    910    916    854    872    863    889    888    883    863    890    891    866    796    729    769    732    776    751    809    757    743   1154   1143   1104   1123   1099   1089   1093   1086   1124   1151    708   1243   1204   1176   1204   1223   1231   1195   1167   1210   1231   1559   1561   1566   1592   1573   1603   1564   1568   1581   1531   1545   1541   1226   1211   1207   1201   1168   1217   1162   1224   1258   1220   1190   1201  
   41     33      8     31     14     28      0     51     50     21    883    877    900    867    898    906    843    862    852    878    876    872    852    879    881    854    771    704    745    707    752    726    784    731    718   1127   1116   1077   1096   1072   1062   1066   1059   1097   1124    684   1217   1179   1150   1179   1197   1205   1170   1141   1184   1206   1544   1546   1550   1577   1558   1588   1550   1553   1566   1517   1530   1526   1205   1190   1186   1180   1147   1197   1135   1196   1230   1193   1162   1174  
   46     34     55     24     38     33     51      0     58     71    872    866    888    856    889    892    833    849    841    867    865    861    840    868    868    845    796    730    766    731    775    749    809    757    743   1160   1150   1111   1129   1105   1096   1100   1091   1131   1157    705   1244   1204   1177   1205   1225   1233   1196   1169   1211   1231   1540   1543   1549   1573   1555   1585   1546   1550   1563   1512   1525   1523   1217   1201   1197   1190   1158   1207   1178   1240   1274   1237   1206   1218  
   14     27     45     39     49     31     50     58      0     54    924    918    941    909    940    946    885    903    894    919    918    913    893    920    922    897    819    752    794    755    800    775    833    780    767   1172   1161   1122   1142   1118   1108   1111   1105   1142   1170    733   1265   1227   1198   1227   1244   1253   1218   1189   1232   1254   1589   1591   1596   1622   1603   1633   1595   1599   1611   1561   1575   1571   1254   1239   1235   1229   1196   1246   1173   1234   1268   1230   1199   1210  
   50     47     16     49     34     43     21     71     54      0    894    888    912    878    908    918    854    874    864    890    888    883    864    890    893    864    768    700    743    704    749    724    781    728    715   1119   1108   1068   1088   1064   1054   1057   1051   1089   1117    683   1212   1175   1145   1175   1191   1200   1165   1137   1180   1202   1553   1554   1558   1586   1567   1596   1558   1562   1575   1526   1539   1534   1208   1193   1189   1183   1150   1200   1121   1183   1217   1179   1148   1159  
  911    898    890    886    878    894    883    872    924    894      0      6     26     17     36     52     40     44     31     11      7     12     42      4     35     48    615    616    546    588    582    571    602    609    599    958    955    941    929    919    911    933    895    958    936    535    876    819    822    828    888    879    830    829    839    830    687    691    706    714    700    735    689    699    709    653    665    671    566    545    544    527    521    535   1218   1274   1295   1273   1266   1294  
  906    892    884    880    872    888    877    866    918    888      6      0     29     12     40     53     35     40     25      8      2      6     37      3     33     46    614    614    545    587    580    569    601    607    597    959    955    941    930    920    912    933    895    958    937    533    878    820    824    830    889    881    832    830    841    832    693    697    712    720    706    741    695    705    715    659    671    677    570    549    547    531    524    540   1218   1274   1294   1272   1265   1293  
  928    915    908    903    895    911    900    888    941    912     26     29      0     41     52     29     62     44     52     24     29     33     50     29     25     74    640    641    571    614    607    596    627    634    624    981    978    964    952    943    935    956    918    981    959    560    896    838    843    848    908    899    850    850    859    849    678    682    699    704    691    726    679    690    699    642    654    662    578    557    556    538    534    546   1243   1299   1319   1298   1290   1319  
  896    883    874    870    862    878    867    856    909    878     17     12     41      0     41     64     24     43     16     18     13     10     37     13     41     36    603    603    534    576    570    558    590    596    586    950    947    932    921    911    903    924    886    949    928    521    871    814    817    823    882    874    825    823    834    825    700    704    718    728    713    748    702    712    722    666    678    684    567    546    545    529    521    538   1207   1264   1285   1262   1255   1283  
  927    914    905    902    893    910    898    889    940    908     36     40     52     41      0     80     61     79     55     46     42     44     76     38     69     45    596    600    528    572    563    554    582    591    582    931    928    915    902    893    885    907    868    932    909    520    845    787    792    797    857    848    799    799    808    798    663    666    680    691    676    710    665    674    684    630    642    646    531    509    508    492    486    500   1197   1252   1272   1251   1244   1273  
  933    920    913    907    900    916    906    892    946    918     52     53     29     64     80      0     81     45     72     46     52     54     56     54     28     99    666    666    597    639    633    622    653    660    649   1009   1006    992    980    971    962    984    946   1009    987    585    924    866    871    876    936    927    879    878    887    877    685    690    708    710    697    734    686    698    706    648    659    670    603    582    581    564    560    571   1270   1326   1346   1325   1317   1345  
  872    859    851    846    838    854    843    833    885    854     40     35     62     24     61     81      0     48     11     38     35     31     36     37     55     33    590    588    521    561    556    544    578    582    571    944    940    924    914    903    895    916    878    941    922    506    870    812    814    822    880    872    823    820    832    825    722    726    740    750    735    770    725    734    744    689    701    706    576    555    553    537    528    547   1196   1252   1274   1251   1243   1271  
  890    876    870    864    857    872    862    849    903    874     44     40     44     43     79     45     48      0     41     33     38     36     14     42     20     76    637    634    568    607    603    591    625    629    618    990    986    971    960    950    942    963    925    988    968    552    913    856    858    865    924    916    867    865    876    868    721    725    742    747    733    770    722    733    742    685    697    705    609    588    586    570    563    579   1243   1300   1321   1298   1290   1318  
  881    868    860    855    847    863    852    841    894    864     31     25     52     16     55     72     11     41      0     28     25     21     30     27     46     36    598    597    529    569    564    553    586    591    580    950    946    931    920    910    901    922    885    948    928    515    874    816    819    826    884    876    827    825    836    829    715    719    733    743    728    763    717    727    737    681    693    699    576    555    553    537    529    547   1204   1260   1281   1259   1251   1278  
  907    893    885    881    873    889    878    867    919    890     11      8     24     18     46     46     38     33     28      0      7      9     33     10     25     53    621    620    552    593    587    576    608    614    603    966    963    949    937    927    919    940    902    965    944    539    885    828    831    837    897    888    839    838    848    839    695    699    714    722    708    743    697    707    716    660    672    679    576    555    554    537    531    546   1225   1281   1302   1279   1272   1300  
  905    892    884    880    872    888    876    865    918    888      7      2     29     13     42     52     35     38     25      7      0      5     36      5     31     47    615    615    546    588    581    570    602    608    598    960    957    943    931    921    913    934    896    959    938    534    879    822    825    832    891    882    833    832    842    833    694    698    713    721    707    742    696    706    715    660    671    678    571    550    549    532    526    541   1219   1275   1296   1274   1266   1294  
  900    887    879    875    867    883    872    861    913    883     12      6     33     10     44     54     31     36     21      9      5      0     32      8     32     45    613    612    544    585    579    568    600    606    595    959    956    941    930    920    912    933    895    958    937    531    880    822    825    832    891    882    833    832    842    833    698    703    717    726    712    747    701    710    720    664    676    683    573    552    551    534    528    543   1217   1273   1294   1272   1264   1292  
  880    867    860    854    847    863    852    840    893    864     42     37     50     37     76     56     36     14     30     33     36     32      0     39     30     66    624    621    555    594    590    578    612    616    605    979    975    959    949    938    930    951    914    977    957    539    904    846    848    856    914    906    857    854    866    858    726    731    746    752    739    774    728    738    747    691    703    710    603    582    581    565    557    574   1230   1287   1309   1286   1277   1305  
  907    894    886    882    874    890    879    868    920    890      4      3     29     13     38     54     37     42     27     10      5      8     39      0     35     46    613    613    544    586    579    569    600    607    596    957    954    940    928    918    910    932    894    957    935    532    876    818    822    828    888    879    830    829    839    830    691    695    710    718    704    739    693    703    712    656    668    675    567    546    545    528    522    537   1217   1273   1293   1271   1264   1292  
  909    895    889    883    876    891    881    868    922    893     35     33     25     41     69     28     55     20     46     25     31     32     30     35      0     77    643    642    574    615    609    598    630    636    625    991    987    973    961    952    943    965    927    990    969    560    910    853    856    862    922    913    864    863    873    864    702    706    723    727    714    751    703    714    723    666    677    686    598    577    576    559    554    568   1248   1304   1325   1303   1295   1323  
  884    871    861    858    850    866    854    845    897    864     48     46     74     36     45     99     33     76     36     53     47     45     66     46     77      0    568    568    499    541    534    524    555    561    551    915    911    897    886    875    867    888    851    914    893    487    838    781    783    790    849    841    792    789    801    793    703    707    718    732    716    750    706    714    725    671    684    686    543    522    521    504    495    514   1172   1228   1249   1227   1219   1247  
  812    802    775    794    776    796    771    796    819    768    615    614    640    603    596    666    590    637    598    621    615    613    624    613    643    568      0     69     71     67     37     59     21     40     54    409    401    373    376    357    347    362    336    393    396    114    449    408    381    409    433    439    401    374    415    436   1003    999    983   1045   1018   1031   1015   1005   1023    995   1011    982    520    513    508    511    470    528    607    666    689    664    654    681  
  744    734    707    727    709    729    704    730    752    700    616    614    641    603    600    666    588    634    597    620    615    612    621    613    642    568     69      0     85     28     63     53     85     30     24    459    451    419    426    406    396    408    386    439    449     83    515    476    447    476    497    504    467    440    482    503   1048   1045   1031   1089   1063   1078   1060   1051   1069   1038   1054   1027    578    570    565    567    527    584    624    684    710    683    669    694  
  785    774    749    766    748    769    745    766    794    743    546    545    571    534    528    597    521    568    529    552    546    544    555    544    574    499     71     85      0     60     36     33     64     66     62    472    464    438    439    422    412    428    399    458    457     62    491    445    423    447    479    483    441    418    455    470    964    961    948   1005    979    995    976    967    985    954    970    943    502    492    488    489    449    506    678    736    760    735    724    751  
  747    737    711    729    711    732    707    731    755    704    588    587    614    576    572    639    561    607    569    593    588    585    594    586    615    541     67     28     60      0     47     28     78     31     15    472    463    433    438    419    409    422    398    453    460     59    515    474    447    475    500    506    467    441    481    501   1023   1020   1007   1064   1038   1054   1035   1026   1044   1013   1029   1003    559    550    545    546    506    564    648    708    733    706    693    719  
  792    782    756    774    756    776    752    775    800    749    582    580    607    570    563    633    556    603    564    587    581    579    590    579    609    534     37     63     36     47      0     27     36     37     40    443    435    408    410    392    382    397    370    428    430     81    474    431    406    432    460    465    425    400    439    457    987    985    970   1029   1002   1017   1000    990   1008    979    995    967    515    507    503    504    464    521    643    701    725    699    689    716  
  767    756    730    748    730    751    726    749    775    724    571    569    596    558    554    622    544    591    553    576    570    568    578    569    598    524     59     53     33     28     27      0     63     38     30    468    460    431    435    416    406    421    395    451    455     55    501    457    433    459    487    492    451    427    466    484    996    993    980   1037   1011   1027   1008    999   1017    986   1002    976    532    523    518    519    479    536    658    718    742    716    704    731  
  825    814    788    806    789    809    784    809    833    781    602    601    627    590    582    653    578    625    586    608    602    600    612    600    630    555     21     85     64     78     36     63      0     56     67    409    401    375    376    358    348    364    336    394    395    116    439    397    371    398    425    430    390    365    404    423    982    979    963   1024    997   1010    995    984   1003    975    991    962    499    492    488    490    450    507    619    676    699    675    665    693  
  772    762    735    754    736    757    731    757    780    728    609    607    634    596    591    660    582    629    591    614    608    606    616    607    636    561     40     30     66     31     37     38     56      0     16    441    433    403    408    389    379    392    368    423    430     86    489    448    421    449    472    478    440    414    455    475   1024   1021   1007   1066   1039   1054   1036   1027   1045   1015   1031   1004    550    542    538    540    499    557    622    681    706    679    667    694  
  759    748    722    741    723    743    718    743    767    715    599    597    624    586    582    649    571    618    580    603    598    595    605    596    625    551     54     24     62     15     40     30     67     16      0    457    449    418    424    404    394    407    384    439    445     72    503    462    435    463    487    493    454    428    469    489   1024   1021   1008   1065   1039   1054   1036   1027   1045   1014   1030   1004    555    546    542    544    503    561    635    695    720    693    680    706  
 1167   1159   1129   1153   1134   1154   1127   1160   1172   1119    958    959    981    950    931   1009    944    990    950    966    960    959    979    957    991    915    409    459    472    472    443    468    409    441    457      0     13     54     34     56     65     64     74     39     27    522    212    236    200    224    172    194    211    182    217    255   1120   1112   1081   1163   1133   1131   1136   1115   1136   1130   1146   1100    596    604    601    616    582    626    349    380    386    381    394    425  
 1156   1148   1118   1142   1123   1143   1116   1150   1161   1108    955    955    978    947    928   1006    940    986    946    963    957    956    975    954    987    911    401    451    464    463    435    460    401    433    449     13      0     42     27     45     55     52     66     27     33    514    221    243    205    230    180    202    217    188    224    262   1124   1117   1086   1167   1137   1135   1140   1120   1140   1134   1149   1105    600    607    604    618    584    629    343    376    383    376    388    420  
 1117   1109   1079   1103   1084   1104   1077   1111   1122   1068    941    941    964    932    915    992    924    971    931    949    943    941    959    940    973    897    373    419    438    433    408    431    375    403    418     54     42      0     37     25     31     12     49     21     66    486    250    265    225    254    211    232    240    207    249    287   1137   1130   1100   1180   1150   1150   1153   1133   1154   1145   1161   1117    611    617    613    627    591    639    327    366    377    366    374    406  
 1136   1128   1098   1122   1103   1123   1096   1129   1142   1088    929    930    952    921    902    980    914    960    920    937    931    930    949    928    961    886    376    426    439    438    410    435    376    408    424     34     27     37      0     25     34     42     40     37     32    489    214    230    191    219    174    195    205    173    213    252   1106   1099   1069   1150   1120   1119   1123   1102   1123   1115   1131   1087    581    588    585    599    564    610    358    394    402    394    405    436  
 1112   1104   1074   1098   1079   1099   1072   1105   1118   1064    919    920    943    911    893    971    903    950    910    927    921    920    938    918    952    875    357    406    422    419    392    416    358    389    404     56     45     25     25      0     11     23     25     39     57    471    232    244    204    233    193    214    219    186    228    267   1113   1106   1077   1156   1126   1126   1129   1109   1130   1121   1137   1093    587    593    589    603    567    614    351    390    401    390    398    430  
 1102   1094   1064   1089   1069   1089   1062   1096   1108   1054    911    912    935    903    885    962    895    942    901    919    913    912    930    910    943    867    347    396    412    409    382    406    348    379    394     65     55     31     34     11      0     25     19     48     65    461    236    245    204    234    197    217    220    186    230    269   1110   1103   1074   1153   1124   1124   1126   1107   1127   1117   1133   1090    583    589    586    599    563    611    354    395    406    395    402    433  
 1106   1098   1068   1092   1073   1093   1066   1100   1111   1057    933    933    956    924    907    984    916    963    922    940    934    933    951    932    965    888    362    408    428    422    397    421    364    392    407     64     52     12     42     23     25      0     44     33     73    475    254    267    226    256    215    236    242    208    251    290   1135   1128   1099   1178   1148   1148   1151   1131   1152   1142   1158   1115    608    614    611    624    588    636    330    370    381    370    377    409  
 1099   1091   1061   1085   1066   1086   1059   1091   1105   1051    895    895    918    886    868    946    878    925    885    902    896    895    914    894    927    851    336    386    399    398    370    395    336    368    384     74     66     49     40     25     19     44      0     64     66    449    224    230    189    219    186    205    205    171    216    254   1092   1085   1056   1135   1106   1106   1108   1089   1109   1099   1115   1072    565    571    568    581    545    593    373    413    425    413    420    452  
 1137   1129   1099   1124   1104   1124   1097   1131   1142   1089    958    958    981    949    932   1009    941    988    948    965    959    958    977    957    990    914    393    439    458    453    428    451    394    423    439     39     27     21     37     39     48     33     64      0     58    506    246    265    226    253    206    227    240    209    247    286   1142   1135   1105   1186   1156   1155   1159   1139   1159   1151   1167   1123    617    624    621    634    600    646    322    358    367    358    368    400  
 1164   1156   1126   1150   1131   1151   1124   1157   1170   1117    936    937    959    928    909    987    922    968    928    944    938    937    957    935    969    893    396    449    457    460    430    455    395    430    445     27     33     66     32     57     65     73     66     58      0    509    188    210    173    198    148    170    185    156    191    230   1093   1085   1054   1136   1106   1104   1109   1088   1109   1103   1119   1074    569    577    574    589    555    599    375    407    413    408    420    452  
  724    713    688    705    688    708    684    705    733    683    535    533    560    521    520    585    506    552    515    539    534    531    539    532    560    487    114     83     62     59     81     55    116     86     72    522    514    486    489    471    461    475    449    506    509      0    551    506    483    508    539    543    501    478    516    532    996    994    983   1036   1011   1029   1007   1000   1018    983    999    976    551    540    536    535    496    552    706    766    791    764    751    777  
 1257   1248   1220   1241   1222   1243   1217   1244   1265   1212    876    878    896    871    845    924    870    913    874    885    879    880    904    876    910    838    449    515    491    515    474    501    439    489    503    212    221    250    214    232    236    254    224    246    188    551      0     58     69     49     41     19     51     76     39     55    930    921    887    972    942    936    947    924    945    944    959    911    421    433    431    448    422    455    557    582    583    583    600    631  
 1219   1209   1182   1202   1184   1204   1179   1204   1227   1175    819    820    838    814    787    866    812    856    816    828    822    822    846    818    853    781    408    476    445    474    431    457    397    448    462    236    243    265    230    244    245    267    230    265    210    506     58      0     42     14     80     64     26     60     24     29    889    881    848    932    901    898    906    883    904    901    917    870    372    384    381    397    369    405    585    615    618    615    629    661  
 1191   1181   1153   1173   1155   1176   1150   1177   1198   1145    822    824    843    817    792    871    814    858    819    831    825    825    848    822    856    783    381    447    423    447    406    433    371    421    435    200    205    225    191    204    204    226    189    226    173    483     69     42      0     34     66     62     21     19     36     69    921    914    882    964    934    932    938    917    937    932    948    902    401    410    407    423    392    432    547    579    584    580    593    624  
 1219   1209   1182   1202   1184   1204   1179   1205   1227   1175    828    830    848    823    797    876    822    865    826    837    832    832    856    828    862    790    409    476    447    475    432    459    398    449    463    224    230    254    219    233    234    256    219    253    198    508     49     14     34      0     67     52     15     51     11     36    902    894    861    945    914    911    919    897    917    914    930    883    385    397    394    410    382    418    572    602    605    603    617    648  
 1237   1228   1200   1221   1202   1223   1197   1225   1244   1191    888    889    908    882    857    936    880    924    884    897    891    891    914    888    922    849    433    497    479    500    460    487    425    472    487    172    180    211    174    193    197    215    186    206    148    539     41     80     66     67      0     22     60     63     57     89    965    957    923   1008    977    972    982    959    980    978    994    946    451    463    460    476    448    484    517    543    545    544    561    592  
 1246   1236   1209   1229   1211   1231   1205   1233   1253   1200    879    881    899    874    848    927    872    916    876    888    882    882    906    879    913    841    439    504    483    506    465    492    430    478    493    194    202    232    195    214    217    236    205    227    170    543     19     64     62     52     22      0     49     65     41     69    945    937    903    987    957    952    962    939    960    959    974    926    433    445    442    459    432    467    539    565    566    566    582    614  
 1210   1200   1173   1193   1175   1195   1170   1196   1218   1165    830    832    850    825    799    879    823    867    827    839    833    833    857    830    864    792    401    467    441    467    425    451    390    440    454    211    217    240    205    219    220    242    205    240    185    501     51     26     21     15     60     49      0     37     15     50    913    905    873    956    926    922    930    908    929    925    941    894    395    406    403    419    390    428    559    589    593    590    604    636  
 1182   1172   1145   1165   1147   1167   1141   1169   1189   1137    829    830    850    823    799    878    820    865    825    838    832    832    854    829    863    789    374    440    418    441    400    427    365    414    428    182    188    207    173    186    186    208    171    209    156    478     76     60     19     51     63     65     37      0     50     86    938    931    899    981    951    949    955    934    954    949    965    919    416    426    423    438    407    447    530    562    567    563    575    607  
 1225   1215   1188   1208   1190   1210   1184   1211   1232   1180    839    841    859    834    808    887    832    876    836    848    842    842    866    839    873    801    415    482    455    481    439    466    404    455    469    217    224    249    213    228    230    251    216    247    191    516     39     24     36     11     57     41     15     50      0     39    910    903    870    953    923    919    927    905    926    923    939    892    395    407    404    420    392    428    565    594    597    595    610    641  
 1247   1237   1210   1229   1211   1231   1206   1231   1254   1202    830    832    849    825    798    877    825    868    829    839    833    833    858    830    864    793    436    503    470    501    457    484    423    475    489    255    262    287    252    267    269    290    254    286    230    532     55     29     69     36     89     69     50     86     39      0    877    869    835    919    889    884    894    871    892    890    906    858    366    379    376    393    367    400    603    631    633    632    647    679  
 1577   1564   1551   1552   1541   1559   1544   1540   1589   1553    687    693    678    700    663    685    722    721    715    695    694    698    726    691    702    703   1003   1048    964   1023    987    996    982   1024   1024   1120   1124   1137   1106   1113   1110   1135   1092   1142   1093    996    930    889    921    902    965    945    913    938    910    877      0     13     60     44     16     52     19     18     23     48     51     21    527    523    527    516    555    502   1463   1499   1505   1500   1510   1542  
 1579   1566   1553   1554   1543   1561   1546   1543   1591   1554    691    697    682    704    666    690    726    725    719    699    698    703    731    695    706    707    999   1045    961   1020    985    993    979   1021   1021   1112   1117   1130   1099   1106   1103   1128   1085   1135   1085    994    921    881    914    894    957    937    905    931    903    869     13      0     48     51     21     45     30      8     25     59     63     21    521    517    521    510    550    496   1457   1492   1497   1492   1503   1535  
 1584   1571   1557   1559   1548   1566   1550   1549   1596   1558    706    712    699    718    680    708    740    742    733    714    713    717    746    710    723    718    983   1031    948   1007    970    980    963   1007   1008   1081   1086   1100   1069   1077   1074   1099   1056   1105   1054    983    887    848    882    861    923    903    873    899    870    835     60     48      0     92     65     50     77     45     63    103    109     55    494    492    496    486    527    472   1427   1461   1465   1461   1473   1505  
 1610   1596   1584   1584   1574   1592   1577   1573   1622   1586    714    720    704    728    691    710    750    747    743    722    721    726    752    718    727    732   1045   1089   1005   1064   1029   1037   1024   1066   1065   1163   1167   1180   1150   1156   1153   1178   1135   1186   1136   1036    972    932    964    945   1008    987    956    981    953    919     44     51     92      0     31     57     30     50     29     62     52     64    571    567    570    559    599    546   1507   1542   1548   1543   1554   1585  
 1591   1578   1565   1566   1556   1573   1558   1555   1603   1567    700    706    691    713    676    697    735    733    728    708    707    712    739    704    714    716   1018   1063    979   1038   1002   1011    997   1039   1039   1133   1137   1150   1120   1126   1124   1148   1106   1156   1106   1011    942    901    934    914    977    957    926    951    923    889     16     21     65     31      0     44     16     21      9     55     53     36    541    537    541    530    570    516   1477   1513   1518   1513   1524   1555  
 1621   1608   1595   1596   1585   1603   1588   1585   1633   1596    735    741    726    748    710    734    770    770    763    743    742    747    774    739    751    750   1031   1078    995   1054   1017   1027   1010   1054   1054   1131   1135   1150   1119   1126   1124   1148   1106   1155   1104   1029    936    898    932    911    972    952    922    949    919    884     52     45     50     57     44      0     59     37     36     98     95     65    544    541    545    536    576    521   1476   1510   1515   1511   1523   1554  
 1582   1569   1557   1557   1547   1564   1550   1546   1595   1558    689    695    679    702    665    686    725    722    717    697    696    701    728    693    703    706   1015   1060    976   1035   1000   1008    995   1036   1036   1136   1140   1153   1123   1129   1126   1151   1108   1159   1109   1007    947    906    938    919    982    962    930    955    927    894     19     30     77     30     16     59      0     33     24     40     37     36    543    539    543    531    570    518   1480   1516   1521   1516   1527   1558  
 1586   1573   1560   1561   1551   1568   1553   1550   1599   1562    699    705    690    712    674    698    734    733    727    707    706    710    738    703    714    714   1005   1051    967   1026    990    999    984   1027   1027   1115   1120   1133   1102   1109   1107   1131   1089   1139   1088   1000    924    883    917    897    959    939    908    934    905    871     18      8     45     50     21     37     33      0     21     65     68     28    525    521    525    515    554    500   1460   1495   1500   1496   1506   1538  
 1599   1586   1573   1574   1564   1581   1566   1563   1611   1575    709    715    699    722    684    706    744    742    737    716    715    720    747    712    723    725   1023   1069    985   1044   1008   1017   1003   1045   1045   1136   1140   1154   1123   1130   1127   1152   1109   1159   1109   1018    945    904    937    917    980    960    929    954    926    892     23     25     63     29      9     36     24     21      0     63     60     42    545    541    545    535    574    521   1480   1516   1521   1516   1527   1559  
 1549   1536   1524   1524   1514   1531   1517   1512   1561   1526    653    659    642    666    630    648    689    685    681    660    660    664    691    656    666    671    995   1038    954   1013    979    986    975   1015   1014   1130   1134   1145   1115   1121   1117   1142   1099   1151   1103    983    944    901    932    914    978    959    925    949    923    890     48     59    103     62     55     98     40     65     63      0     17     49    535    529    532    520    558    507   1471   1509   1515   1509   1518   1550  
 1562   1549   1538   1537   1527   1545   1530   1525   1575   1539    665    671    654    678    642    659    701    697    693    672    671    676    703    668    677    684   1011   1054    970   1029    995   1002    991   1031   1030   1146   1149   1161   1131   1137   1133   1158   1115   1167   1119    999    959    917    948    930    994    974    941    965    939    906     51     63    109     52     53     95     37     68     60     17      0     58    551    545    548    536    574    523   1487   1525   1531   1525   1534   1566  
 1559   1546   1533   1534   1523   1541   1526   1523   1571   1534    671    677    662    684    646    670    706    705    699    679    678    683    710    675    686    686    982   1027    943   1003    967    976    962   1004   1004   1100   1105   1117   1087   1093   1090   1115   1072   1123   1074    976    911    870    902    883    946    926    894    919    892    858     21     21     55     64     36     65     36     28     42     49     58      0    508    503    507    496    535    482   1444   1480   1486   1480   1491   1522  
 1244   1232   1211   1221   1206   1226   1205   1217   1254   1208    566    570    578    567    531    603    576    609    576    576    571    573    603    567    598    543    520    578    502    559    515    532    499    550    555    596    600    611    581    587    583    608    565    617    569    551    421    372    401    385    451    433    395    416    395    366    527    521    494    571    541    544    543    525    545    535    551    508      0     22     23     40     59     37    937    975    982    975    984   1016  
 1228   1216   1196   1206   1191   1211   1190   1201   1239   1193    545    549    557    546    509    582    555    588    555    555    550    552    582    546    577    522    513    570    492    550    507    523    492    542    546    604    607    617    588    593    589    614    571    624    577    540    433    384    410    397    463    445    406    426    407    379    523    517    492    567    537    541    539    521    541    529    545    503     22      0      5     19     45     22    943    982    990    982    991   1022  
 1225   1212   1192   1202   1187   1207   1186   1197   1235   1189    544    547    556    545    508    581    553    586    553    554    549    551    581    545    576    521    508    565    488    545    503    518    488    538    542    601    604    613    585    589    586    611    568    621    574    536    431    381    407    394    460    442    403    423    404    376    527    521    496    570    541    545    543    525    545    532    548    507     23      5      0     19     41     26    940    978    986    979    987   1019  
