75

    0     60     46     24     61     69     82     67     85     85     85     58     24    785    835    801    856    831    806    764    876    831    776    842    820    325    425    319    347    334   1254   1224    809    826    846    845    831    855    846    833    824    867    851    858    896    862   1483   1465   1511   1559   1474   1552   1503   1512   1568   1526   1432   1371   1430   1389   1381   1371   1371   1375   1426   1330   1333   1351   1308   1370   1249   1261   1257   1264   1252  
   60      0     55     83     63    122    137     74     72    129     72     32     53    842    892    856    913    888    863    821    932    889    833    899    877    379    480    375    404    388   1310   1279    867    884    904    904    890    913    904    892    883    925    909    917    954    920   1530   1509   1556   1604   1519   1597   1547   1557   1613   1573   1490   1429   1488   1448   1439   1429   1428   1433   1485   1388   1391   1409   1367   1428   1307   1318   1316   1321   1310  
   46     55      0     65     94    112    123     23    114    130    114     76     62    818    866    837    887    865    840    797    911    862    810    875    854    330    432    328    358    339   1260   1230    840    858    876    874    859    884    875    862    850    898    880    886    927    892   1525   1507   1554   1601   1517   1595   1546   1555   1610   1568   1462   1400   1459   1417   1410   1401   1402   1405   1456   1359   1363   1381   1337   1399   1261   1273   1272   1276   1267  
   24     83     65      0     69     48     59     83     94     68     95     76     36    761    811    778    832    808    783    741    853    808    753    819    797    308    407    301    328    317   1236   1205    786    803    823    822    808    831    822    810    801    844    828    835    873    839   1461   1443   1490   1537   1453   1531   1481   1491   1546   1505   1409   1347   1406   1366   1357   1348   1347   1352   1403   1306   1310   1328   1285   1347   1229   1241   1237   1244   1231  
   61     63     94     69      0     83    100    117     26     79     27     33     38    798    849    808    870    843    816    777    885    847    788    854    832    374    472    366    392    384   1300   1269    825    840    863    865    853    874    864    852    847    884    870    878    913    880   1471   1449   1497   1544   1460   1538   1488   1498   1554   1515   1448   1388   1448   1409   1398   1388   1385   1392   1444   1347   1350   1368   1326   1388   1290   1301   1295   1304   1288  
   69    122    112     48     83      0     17    129    105     28    107    106     69    721    771    735    793    767    741    700    811    769    712    778    756    299    394    289    313    308   1220   1189    747    763    784    785    772    794    784    772    766    805    790    798    834    801   1414   1396   1443   1490   1406   1484   1435   1444   1499   1458   1370   1309   1369   1329   1319   1310   1308   1314   1365   1268   1271   1289   1247   1309   1208   1218   1213   1222   1205  
   82    137    123     59    100     17      0    138    122     37    123    122     85    705    756    720    777    752    726    685    796    753    696    762    741    285    379    274    297    294   1204   1173    731    747    768    769    756    778    768    756    749    789    774    782    818    785   1403   1386   1432   1479   1395   1473   1424   1433   1488   1446   1354   1293   1353   1313   1303   1294   1292   1298   1349   1252   1255   1273   1231   1293   1191   1202   1196   1205   1189  
   67     74     23     83    117    129    138      0    136    150    136     98     84    824    872    846    893    872    848    804    919    867    817    882    861    323    425    322    354    332   1252   1222    846    865    881    878    862    888    880    867    853    903    884    890    932    897   1539   1523   1569   1616   1531   1609   1561   1570   1625   1582   1467   1405   1463   1421   1415   1405   1408   1409   1460   1364   1367   1385   1342   1404   1255   1268   1268   1270   1263  
   85     72    114     94     26    105    122    136      0     96      2     42     62    813    864    821    886    858    830    792    898    864    802    869    847    399    496    391    416    408   1324   1293    841    856    879    882    871    891    880    869    866    900    887    896    929    896   1477   1453   1502   1548   1465   1542   1492   1502   1558   1521   1464   1404   1464   1425   1414   1404   1400   1408   1460   1363   1366   1384   1342   1404   1313   1323   1317   1327   1310  
   85    129    130     68     79     28     37    150     96      0     98    107     78    719    770    730    792    765    738    699    807    769    709    776    754    320    413    308    331    329   1236   1204    747    762    785    787    775    796    785    774    770    806    792    800    834    801   1401   1381   1429   1476   1392   1470   1420   1430   1485   1445   1370   1309   1369   1330   1319   1310   1306   1314   1365   1268   1272   1289   1248   1309   1220   1231   1224   1234   1216  
   85     72    114     95     27    107    123    136      2     98      0     41     63    814    866    822    888    859    832    794    900    865    804    871    848    400    498    392    417    409   1325   1294    843    857    881    883    873    892    882    870    867    902    889    897    930    898   1478   1454   1503   1550   1466   1544   1493   1503   1559   1522   1465   1405   1466   1427   1415   1406   1401   1410   1461   1364   1368   1385   1344   1405   1314   1325   1319   1328   1312  
   58     32     76     76     33    106    122     98     42    107     41      0     41    825    876    837    897    871    844    805    914    874    815    882    860    382    482    376    404    392   1312   1281    852    867    889    890    877    899    889    877    871    910    895    903    939    905   1504   1482   1530   1577   1493   1571   1521   1530   1586   1548   1475   1414   1474   1434   1424   1414   1412   1419   1470   1373   1376   1394   1352   1414   1305   1316   1312   1319   1306  
   24     53     62     36     38     69     85     84     62     78     63     41      0    789    840    803    861    835    810    769    879    837    780    846    825    343    442    337    364    353   1272   1241    815    831    852    852    839    862    852    840    832    873    858    865    902    868   1478   1459   1506   1553   1469   1547   1497   1507   1562   1522   1438   1377   1436   1396   1387   1378   1376   1382   1433   1336   1339   1357   1315   1377   1265   1276   1272   1279   1266  
  785    842    818    761    798    721    705    824    813    719    814    825    789      0     55     84     78     49     43     21    108     71     20     58     39    586    528    568    537    582    803    769     51     45     87    117    138    116     96     97    158    101    114    133    124    105    811    833    862    910    825    901    864    871    913    852    652    594    655    619    603    594    588    598    649    552    556    573    533    594    705    706    668    711    649  
  835    892    866    811    849    771    756    872    864    770    866    876    840     55      0    113     23     40     68     74     94     31     72     32     43    624    560    607    575    620    769    735     34     11     40     79    110     74     53     63    134     49     73     93     69     57    794    822    848    895    812    885    851    858    897    833    600    541    602    565    550    541    537    545    596    499    503    520    480    541    664    664    624    669    604  
  801    856    837    778    808    735    720    846    821    730    822    837    803     84    113      0    129     76     47     90     81    141     68     89     71    632    584    612    583    629    881    847    129    105    153    190    217    186    165    172    239    159    185    205    170    169    748    764    796    844    758    835    795    803    848    790    659    605    668    637    614    606    589    610    659    564    567    583    548    607    777    777    736    782    715  
  856    913    887    832    870    793    777    893    886    792    888    897    861     78     23    129      0     54     86     96     95     34     94     41     60    642    575    625    593    637    757    723     49     33     33     73    107     64     46     61    132     31     64     83     47     43    786    817    841    888    805    878    845    852    890    825    578    519    580    543    529    519    516    523    574    477    481    498    458    519    649    649    607    653    587  
  831    888    865    808    843    767    752    872    858    765    859    871    835     49     40     76     54      0     34     69     63     70     56     15     11    635    576    617    586    631    808    775     66     34     80    119    150    113     93    103    173     84    112    133     96     95    767    792    820    867    783    858    822    829    870    807    610    552    614    580    562    553    543    557    608    511    514    531    493    553    702    702    660    707    640  
  806    863    840    783    816    741    726    848    830    738    832    844    810     43     68     47     86     34      0     57     73     95     36     48     26    619    565    601    570    616    834    801     83     59    107    144    171    140    119    126    193    115    139    159    129    124    771    792    822    869    784    860    822    830    872    812    639    583    645    612    592    583    572    587    638    542    545    561    524    584    731    732    691    736    671  
  764    821    797    741    777    700    685    804    792    699    794    805    769     21     74     90     96     69     57      0    127     84     23     79     59    566    510    548    517    563    807    773     63     65    101    126    144    128    109    107    161    118    125    143    142    120    827    848    878    925    840    916    878    886    928    868    673    614    675    639    623    614    608    618    669    572    576    593    553    614    713    714    678    719    659  
  876    932    911    853    885    811    796    919    898    807    900    914    879    108     94     81     95     63     73    127      0    124    108     63     70    692    636    673    643    688    846    813    125     92    127    167    201    158    141    154    226    122    159    178    119    136    705    731    758    805    721    796    760    767    807    745    579    524    588    557    534    525    508    529    579    484    487    503    468    527    732    730    685    735    663  
  831    889    862    808    847    769    753    867    864    769    865    874    837     71     31    141     34     70     95     84    124      0     90     62     71    611    543    595    562    606    740    706     24     37     17     50     80     46     26     33    104     37     45     65     66     36    819    850    875    921    838    912    878    885    923    859    602    541    601    563    551    541    541    545    597    500    503    521    479    541    638    639    599    643    580  
  776    833    810    753    788    712    696    817    802    709    804    815    780     20     72     68     94     56     36     23    108     90      0     68     45    585    530    566    535    581    823    788     71     62    106    136    158    135    115    117    177    119    133    153    140    124    806    826    856    904    819    894    856    864    907    847    664    606    668    633    616    607    598    611    662    565    568    585    547    607    725    726    688    731    669  
  842    899    875    819    854    778    762    882    869    776    871    882    846     58     32     89     41     15     48     79     63     62     68      0     24    642    581    624    593    638    797    764     62     29     70    110    142    103     83     94    166     72    102    122     82     83    766    793    820    867    783    857    822    829    869    806    597    539    601    567    549    540    531    544    595    498    501    518    480    540    690    690    647    694    627  
  820    877    854    797    832    756    741    861    847    754    848    860    825     39     43     71     60     11     26     59     70     71     45     24      0    625    567    607    576    621    811    777     63     35     83    121    150    116     95    104    173     90    115    135    104     99    775    799    827    874    790    865    828    836    877    815    620    563    625    591    572    564    554    568    618    522    525    542    503    564    707    707    666    711    646  
  325    379    330    308    374    299    285    323    399    320    400    382    343    586    624    632    642    635    619    566    692    611    585    642    625      0    103     25     50     10    931    901    593    619    622    609    586    621    618    602    572    644    617    618    674    634   1373   1377   1415   1463   1377   1455   1411   1420   1469   1415   1193   1128   1183   1138   1139   1129   1142   1133   1183   1089   1092   1111   1065   1126    933    946    947    948    944  
  425    480    432    407    472    394    379    425    496    413    498    482    442    528    560    584    575    576    565    510    636    543    530    581    567    103      0    106     83     93    830    800    527    556    553    535    509    547    547    531    492    574    544    542    603    563   1331   1342   1376   1425   1339   1416   1375   1383   1429   1372   1111   1045   1098   1052   1056   1046   1063   1050   1100   1007   1010   1029    982   1043    831    844    846    847    843  
  319    375    328    301    366    289    274    322    391    308    392    376    337    568    607    612    625    617    601    548    673    595    566    624    607     25    106      0     34     29    936    905    576    601    607    594    572    606    603    587    559    628    602    604    658    619   1351   1354   1393   1441   1355   1433   1389   1398   1447   1394   1180   1116   1171   1126   1126   1116   1128   1120   1171   1076   1080   1098   1052   1114    934    946    946    949    942  
  347    404    358    328    392    313    297    354    416    331    417    404    364    537    575    583    593    586    570    517    643    562    535    593    576     50     83     34      0     47    909    878    544    570    574    561    539    573    570    554    525    596    569    571    625    586   1324   1329   1367   1415   1329   1407   1364   1372   1421   1367   1147   1082   1137   1093   1093   1083   1094   1087   1137   1043   1046   1065   1019   1080    903    915    915    918    910  
  334    388    339    317    384    308    294    332    408    329    409    392    353    582    620    629    637    631    616    563    688    606    581    638    621     10     93     29     47      0    922    891    588    614    617    604    580    615    613    597    566    639    612    612    669    629   1371   1375   1413   1462   1375   1453   1410   1419   1467   1413   1187   1122   1176   1131   1133   1122   1136   1126   1177   1083   1086   1105   1059   1120    924    937    939    939    935  
 1254   1310   1260   1236   1300   1220   1204   1252   1324   1236   1325   1312   1272    803    769    881    757    808    834    807    846    740    823    797    811    931    830    936    909    922      0     35    754    777    729    691    665    696    716    709    647    727    697    676    728    715   1391   1458   1460   1499   1431   1488   1473   1477   1493   1418    806    758    764    718    765    757    824    758    782    745    748    760    723    748    159    174    238    171    263  
 1224   1279   1230   1205   1269   1189   1173   1222   1293   1204   1294   1281   1241    769    735    847    723    775    801    773    813    706    788    764    777    901    800    905    878    891     35      0    720    743    695    657    631    662    682    675    612    694    663    643    695    681   1365   1431   1434   1473   1405   1462   1446   1450   1468   1393    789    738    747    701    746    737    804    739    764    724    727    740    701    729    144    161    222    158    246  
  809    867    840    786    825    747    731    846    841    747    843    852    815     51     34    129     49     66     83     63    125     24     71     62     63    593    527    576    544    588    754    720      0     34     40     66     89     66     47     47    111     60     63     82     88     59    827    855    881    928    845    919    884    891    930    867    624    563    623    586    573    564    562    568    619    522    525    543    502    563    654    655    617    660    598  
  826    884    858    803    840    763    747    865    856    762    857    867    831     45     11    105     33     34     59     65     92     37     62     29     35    619    556    601    570    614    777    743     34      0     49     86    116     82     61     69    139     59     81    101     79     66    795    822    848    895    812    886    851    858    897    834    609    550    611    575    559    550    545    554    605    508    512    529    489    550    673    673    633    678    613  
  846    904    876    823    863    784    768    881    879    785    881    889    852     87     40    153     33     80    107    101    127     17    106     70     83    622    553    607    574    617    729    695     40     49      0     41     74     34     14     28    100     22     33     53     52     20    816    849    873    919    836    909    876    883    920    855    587    525    585    547    536    526    527    530    581    484    488    506    464    525    624    625    585    629    565  
  845    904    874    822    865    785    769    878    882    787    883    890    852    117     79    190     73    119    144    126    167     50    136    110    121    609    535    594    561    604    691    657     66     86     41      0     36     13     27     20     61     50     10     17     73     35    850    885    907    954    872    944    911    918    954    888    590    527    585    545    538    528    534    532    583    487    490    508    464    526    589    590    552    595    533  
  831    890    859    808    853    772    756    862    871    775    873    877    839    138    110    217    107    150    171    144    201     80    158    142    150    586    509    572    539    580    665    631     89    116     74     36      0     48     61     48     26     85     46     35    107     70    885    920    943    989    907    979    947    954    990    923    609    545    602    560    556    545    556    549    600    505    508    527    482    543    569    571    536    576    518  
  855    913    884    831    874    794    778    888    891    796    892    899    862    116     74    186     64    113    140    128    158     46    135    103    116    621    547    606    573    615    696    662     66     82     34     13     48      0     21     23     73     39      4     20     61     24    838    873    895    942    860    932    900    906    942    876    580    517    576    535    527    518    523    522    573    476    480    498    454    516    592    593    553    597    534  
  846    904    875    822    864    784    768    880    880    785    882    889    852     96     53    165     46     93    119    109    141     26    115     83     95    618    547    603    570    613    716    682     47     61     14     27     61     21      0     18     87     28     20     40     56     17    827    860    884    930    848    920    888    895    931    866    587    525    585    545    536    526    529    530    581    484    488    506    463    525    613    613    574    618    554  
  833    892    862    810    852    772    756    867    869    774    870    877    840     97     63    172     61    103    126    107    154     33    117     94    104    602    531    587    554    597    709    675     47     69     28     20     48     23     18      0     72     45     20     36     73     33    844    877    900    947    864    937    904    911    948    883    600    538    597    557    548    539    543    543    594    497    501    519    476    537    608    609    571    614    553  
  824    883    850    801    847    766    749    853    866    770    867    871    832    158    134    239    132    173    193    161    226    104    177    166    173    572    492    559    525    566    647    612    111    139    100     61     26     73     87     72      0    111     71     58    132     96    910    945    968   1014    932   1004    972    979   1015    948    622    558    613    570    568    558    571    562    613    518    521    540    494    556    555    557    524    562    507  
  867    925    898    844    884    805    789    903    900    806    902    910    873    101     49    159     31     84    115    118    122     37    119     72     90    644    574    628    596    639    727    694     60     59     22     50     85     39     28     45    111      0     40     57     30     15    801    835    858    904    822    894    862    869    905    839    565    504    564    526    514    505    505    509    560    463    467    484    442    504    619    619    577    623    557  
  851    909    880    828    870    790    774    884    887    792    889    895    858    114     73    185     64    112    139    125    159     45    133    102    115    617    544    602    569    612    697    663     63     81     33     10     46      4     20     20     71     40      0     21     63     25    840    875    897    944    862    934    902    908    944    878    583    521    579    539    531    521    527    525    576    480    483    502    458    520    593    594    555    599    536  
  858    917    886    835    878    798    782    890    896    800    897    903    865    133     93    205     83    133    159    143    178     65    153    122    135    618    542    604    571    612    676    643     82    101     53     17     35     20     40     36     58     57     21      0     75     42    853    889    911    957    875    947    915    922    957    891    579    516    573    532    526    516    524    520    571    475    479    497    453    514    573    574    536    579    517  
  896    954    927    873    913    834    818    932    929    834    930    939    902    124     69    170     47     96    129    142    119     66    140     82    104    674    603    658    625    669    728    695     88     79     52     73    107     61     56     73    132     30     63     75      0     41    779    815    837    883    801    873    841    848    883    817    536    476    536    499    486    476    476    480    532    435    438    456    414    476    614    613    569    618    548  
  862    920    892    839    880    801    785    897    896    801    898    905    868    105     57    169     43     95    124    120    136     36    124     83     99    634    563    619    586    629    715    681     59     66     20     35     70     24     17     33     96     15     25     42     41      0    816    850    873    919    837    909    877    884    920    854    571    509    569    530    519    510    512    514    565    468    472    490    447    509    608    608    567    613    548  
 1483   1530   1525   1461   1471   1414   1403   1539   1477   1401   1478   1504   1478    811    794    748    786    767    771    827    705    819    806    766    775   1373   1331   1351   1324   1371   1391   1365    827    795    816    850    885    838    827    844    910    801    840    853    779    816      0    103     73    109     60     98     92     92    106     44    665    681    711    735    678    682    607    682    689    674    673    668    690    691   1240   1229   1166   1233   1140  
 1465   1509   1507   1443   1449   1396   1386   1523   1453   1381   1454   1482   1459    833    822    764    817    792    792    848    731    850    826    793    799   1377   1342   1354   1329   1375   1458   1431    855    822    849    885    920    873    860    877    945    835    875    889    815    850    103      0     59     98     43     95     41     51    111    120    755    766    801    821    765    768    694    769    779    757    756    753    771    777   1309   1300   1238   1304   1212  
 1511   1556   1554   1490   1497   1443   1432   1569   1502   1429   1503   1530   1506    862    848    796    841    820    822    878    758    875    856    820    827   1415   1376   1393   1367   1413   1460   1434    881    848    873    907    943    895    884    900    968    858    897    911    837    873     73     59      0     49     38     41     26     21     57     70    737    753    783    807    751    754    680    755    761    747    745    741    762    763   1310   1299   1237   1304   1210  
 1559   1604   1601   1537   1544   1490   1479   1616   1548   1476   1550   1577   1553    910    895    844    888    867    869    925    805    921    904    867    874   1463   1425   1441   1415   1462   1499   1473    928    895    919    954    989    942    930    947   1014    904    944    957    883    919    109     98     49      0     87     11     58     48     18     86    764    783    811    836    780    784    710    785    788    779    777    772    795    793   1347   1336   1273   1341   1247  
 1474   1519   1517   1453   1460   1406   1395   1531   1465   1392   1466   1493   1469    825    812    758    805    783    784    840    721    838    819    783    790   1377   1339   1355   1329   1375   1431   1405    845    812    836    872    907    860    848    864    932    822    862    875    801    837     60     43     38     87      0     79     42     47     94     80    718    732    764    786    730    733    659    734    742    724    722    718    738    742   1282   1272   1210   1276   1183  
 1552   1597   1595   1531   1538   1484   1473   1609   1542   1470   1544   1571   1547    901    885    835    878    858    860    916    796    912    894    857    865   1455   1416   1433   1407   1453   1488   1462    919    886    909    944    979    932    920    937   1004    894    934    947    873    909     98     95     41     11     79      0     55     45     17     75    753    772    800    826    769    774    699    774    778    768    766    761    784    783   1336   1325   1262   1330   1236  
 1503   1547   1546   1481   1488   1435   1424   1561   1492   1420   1493   1521   1497    864    851    795    845    822    822    878    760    878    856    822    828   1411   1375   1389   1364   1410   1473   1446    884    851    876    911    947    900    888    904    972    862    902    915    841    877     92     41     26     58     42     55      0     11     71     95    756    771    802    825    769    772    697    773    780    763    762    758    778    781   1323   1313   1251   1317   1224  
 1512   1557   1555   1491   1498   1444   1433   1570   1502   1430   1503   1530   1507    871    858    803    852    829    830    886    767    885    864    829    836   1420   1383   1398   1372   1419   1477   1450    891    858    883    918    954    906    895    911    979    869    908    922    848    884     92     51     21     48     47     45     11      0     61     90    756    772    803    826    770    773    699    774    780    765    764    759    780    782   1326   1316   1254   1321   1227  
 1568   1613   1610   1546   1554   1499   1488   1625   1558   1485   1559   1586   1562    913    897    848    890    870    872    928    807    923    907    869    877   1469   1429   1447   1421   1467   1493   1468    930    897    920    954    990    942    931    948   1015    905    944    957    883    920    106    111     57     18     94     17     71     61      0     77    754    774    801    827    771    776    701    776    778    771    769    763    788    785   1341   1330   1267   1335   1241  
 1526   1573   1568   1505   1515   1458   1446   1582   1521   1445   1522   1548   1522    852    833    790    825    807    812    868    745    859    847    806    815   1415   1372   1394   1367   1413   1418   1393    867    834    855    888    923    876    866    883    948    839    878    891    817    854     44    120     70     86     80     75     95     90     77      0    679    698    726    752    695    700    625    700    703    694    693    687    711    709   1265   1254   1191   1259   1165  
 1432   1490   1462   1409   1448   1370   1354   1467   1464   1370   1465   1475   1438    652    600    659    578    610    639    673    579    602    664    597    620   1193   1111   1180   1147   1187    806    789    624    609    587    590    609    580    587    600    622    565    583    579    536    571    665    755    737    764    718    753    756    756    754    679      0     66     48     89     56     66     81     62     26    104    101     82    129     71    648    633    569    636    544  
 1371   1429   1400   1347   1388   1309   1293   1405   1404   1309   1405   1414   1377    594    541    605    519    552    583    614    524    541    606    539    563   1128   1045   1116   1082   1122    758    738    563    550    525    527    545    517    525    538    558    504    521    516    476    509    681    766    753    783    732    772    771    772    774    698     66      0     64     56     11      2     74      5     56     42     38     23     64     11    599    585    521    589    495  
 1430   1488   1459   1406   1448   1369   1353   1463   1464   1369   1466   1474   1436    655    602    668    580    614    645    675    588    601    668    601    625   1183   1098   1171   1137   1176    764    747    623    611    585    585    602    576    585    597    613    564    579    573    536    569    711    801    783    811    764    800    802    803    801    726     48     64      0     51     56     63    115     59     23    104    101     86    122     61    605    590    526    593    502  
 1389   1448   1417   1366   1409   1329   1313   1421   1425   1330   1427   1434   1396    619    565    637    543    580    612    639    557    563    633    567    591   1138   1052   1126   1093   1131    718    701    586    575    547    545    560    535    545    557    570    526    539    532    499    530    735    821    807    836    786    826    825    826    827    752     89     56     51      0     57     55    128     53     64     82     81     74     91     47    560    545    481    548    456  
 1381   1439   1410   1357   1398   1319   1303   1415   1414   1319   1415   1424   1387    603    550    614    529    562    592    623    534    551    616    549    572   1139   1056   1126   1093   1133    765    746    573    559    536    538    556    527    536    548    568    514    531    526    486    519    678    765    751    780    730    769    769    770    771    695     56     11     56     57      0     11     72      8     46     52     48     31     75     18    606    592    528    596    502  
 1371   1429   1401   1348   1388   1310   1294   1405   1404   1310   1406   1414   1378    594    541    606    519    553    583    614    525    541    607    540    564   1129   1046   1116   1083   1122    757    737    564    550    526    528    545    518    526    539    558    505    521    516    476    510    682    768    754    784    733    774    772    773    776    700     66      2     63     55     11      0     75      5     56     42     39     24     64     10    598    584    520    588    494  
 1371   1428   1402   1347   1385   1308   1292   1408   1400   1306   1401   1412   1376    588    537    589    516    543    572    608    508    541    598    531    554   1142   1063   1128   1094   1136    824    804    562    545    527    534    556    523    529    543    571    505    527    524    476    512    607    694    680    710    659    699    697    699    701    625     81     74    115    128     72     75      0     76     95     80     77     65    105     84    666    653    588    656    562  
 1375   1433   1405   1352   1392   1314   1298   1409   1408   1314   1410   1419   1382    598    545    610    523    557    587    618    529    545    611    544    568   1133   1050   1120   1087   1126    758    739    568    554    530    532    549    522    530    543    562    509    525    520    480    514    682    769    755    785    734    774    773    774    776    700     62      5     59     53      8      5     76      0     52     46     43     28     68     11    600    586    521    589    496  
 1426   1485   1456   1403   1444   1365   1349   1460   1460   1365   1461   1470   1433    649    596    659    574    608    638    669    579    597    662    595    618   1183   1100   1171   1137   1177    782    764    619    605    581    583    600    573    581    594    613    560    576    571    532    565    689    779    761    788    742    778    780    780    778    703     26     56     23     64     46     56     95     52      0     97     94     77    119     58    623    608    544    611    519  
 1330   1388   1359   1306   1347   1268   1252   1364   1363   1268   1364   1373   1336    552    499    564    477    511    542    572    484    500    565    498    522   1089   1007   1076   1043   1083    745    724    522    508    484    487    505    476    484    497    518    463    480    475    435    468    674    757    747    779    724    768    763    765    771    694    104     42    104     82     52     42     80     46     97      0      4     23     27     43    588    574    510    578    484  
 1333   1391   1363   1310   1350   1271   1255   1367   1366   1272   1368   1376   1339    556    503    567    481    514    545    576    487    503    568    501    525   1092   1010   1080   1046   1086    748    727    525    512    488    490    508    480    488    501    521    467    483    479    438    472    673    756    745    777    722    766    762    764    769    693    101     38    101     81     48     39     77     43     94      4      0     19     31     41    590    577    512    581    486  
 1351   1409   1381   1328   1368   1289   1273   1385   1384   1289   1385   1394   1357    573    520    583    498    531    561    593    503    521    585    518    542   1111   1029   1098   1065   1105    760    740    543    529    506    508    527    498    506    519    540    484    502    497    456    490    668    753    741    772    718    761    758    759    763    687     82     23     86     74     31     24     65     28     77     23     19      0     49     29    602    588    524    592    498  
 1308   1367   1337   1285   1326   1247   1231   1342   1342   1248   1344   1352   1315    533    480    548    458    493    524    553    468    479    547    480    503   1065    982   1052   1019   1059    723    701    502    489    464    464    482    454    463    476    494    442    458    453    414    447    690    771    762    795    738    784    778    780    788    711    129     64    122     91     75     64    105     68    119     27     31     49      0     62    565    552    488    556    462  
 1370   1428   1399   1347   1388   1309   1293   1404   1404   1309   1405   1414   1377    594    541    607    519    553    584    614    527    541    607    540    564   1126   1043   1114   1080   1120    748    729    563    550    525    526    543    516    525    537    556    504    520    514    476    509    691    777    763    793    742    783    781    782    785    709     71     11     61     47     18     10     84     11     58     43     41     29     62      0    589    575    511    579    485  
 1249   1307   1261   1229   1290   1208   1191   1255   1313   1220   1314   1305   1265    705    664    777    649    702    731    713    732    638    725    690    707    933    831    934    903    924    159    144    654    673    624    589    569    592    613    608    555    619    593    573    614    608   1240   1309   1310   1347   1282   1336   1323   1326   1341   1265    648    599    605    560    606    598    666    600    623    588    590    602    565    589      0     19     79     19    105  
 1261   1318   1273   1241   1301   1218   1202   1268   1323   1231   1325   1316   1276    706    664    777    649    702    732    714    730    639    726    690    707    946    844    946    915    937    174    161    655    673    625    590    571    593    613    609    557    619    594    574    613    608   1229   1300   1299   1336   1272   1325   1313   1316   1330   1254    633    585    590    545    592    584    653    586    608    574    577    588    552    575     19      0     65      5     91  
 1257   1316   1272   1237   1295   1213   1196   1268   1317   1224   1319   1312   1272    668    624    736    607    660    691    678    685    599    688    647    666    947    846    946    915    939    238    222    617    633    585    552    536    553    574    571    524    577    555    536    569    567   1166   1238   1237   1273   1210   1262   1251   1254   1267   1191    569    521    526    481    528    520    588    521    544    510    512    524    488    511     79     65      0     69     27  
 1264   1321   1276   1244   1304   1222   1205   1270   1327   1234   1328   1319   1279    711    669    782    653    707    736    719    735    643    731    694    711    948    847    949    918    939    171    158    660    678    629    595    576    597    618    614    562    623    599    579    618    613   1233   1304   1304   1341   1276   1330   1317   1321   1335   1259    636    589    593    548    596    588    656    589    611    578    581    592    556    579     19      5     69      0     95  
 1252   1310   1267   1231   1288   1205   1189   1263   1310   1216   1312   1306   1266    649    604    715    587    640    671    659    663    580    669    627    646    944    843    942    910    935    263    246    598    613    565    533    518    534    554    553    507    557    536    517    548    548   1140   1212   1210   1247   1183   1236   1224   1227   1241   1165    544    495    502    456    502    494    562    496    519    484    486    498    462    485    105     91     27     95      0  

    0      0      0      0  30036   5037   3149      0    192  18909     92    764   1652      0      0      0  11652      0      0      0   9410      0      1     61      0      0      0      0      0      0      0  75093      0      0      0      0      0      0      0  23669      0   4400      4      0      0      0      0      2      0   4261      0     79     58      0      0      0     95      0      0      0      0   4693      2      0  30822      0      0    794      0      0      0      0      0    329      3  
