100

    0     19     16     18      6     26     15      8     13     22     22     23     13     17     16      6     14     13     13     27     14     15   1118   1128   1113   1122   1135   1117   1111   1118   1136    633    611    622    623    621    623    623    640    613    612    616    628    625    606    627    627    621    576    570    571    563    554    568    573    584   1371   1380   1380   1385   1371   1385   1389    908    925    937    919    898    927    893    909    925    918    891    910    928    907    905    920     88     92     88     69     89     84     90     88    102     91     93     83    105     89     94    521    534    536    533    536    535  
   19      0     10      7     14     13      4     16      9      5     13      7      7     13      7     17      7     10     10     11     12      5   1103   1113   1099   1107   1120   1102   1096   1103   1121    626    604    615    615    614    616    615    633    606    605    609    620    617    598    620    619    614    565    558    560    551    543    556    561    572   1358   1366   1366   1371   1358   1372   1375    890    907    919    901    889    918    885    899    916    909    882    901    919    898    896    910     95    101     97     78     98     92     99     96    112     99    102     92    113     99    103    504    516    519    515    518    518  
   16     10      0      4     11     10      8     10      4     14     21     10     10      4      4     12      5      3      4     13      4      8   1102   1112   1098   1106   1119   1101   1095   1102   1120    620    598    609    610    608    610    610    627    600    599    603    615    611    593    614    613    608    561    555    556    548    539    553    558    569   1356   1364   1364   1369   1356   1370   1373    894    911    923    905    884    914    880    895    911    904    877    896    914    893    891    906     86     92     88     69     89     82     89     86    103     89     92     82    103     90     94    506    519    521    517    521    520  
   18      7      4      0     13      8      7     12      5     11     19      7      9      7      3     14      5      5      5     10      6      7   1101   1110   1096   1105   1118   1100   1094   1101   1119    620    599    609    610    608    611    610    627    600    600    603    615    612    593    615    614    609    561    554    556    547    539    553    558    568   1355   1363   1363   1368   1355   1369   1372    892    908    921    902    884    914    880    895    911    904    877    896    914    893    891    906     88     95     91     72     92     85     92     89    106     92     95     85    106     93     97    504    516    519    515    518    518  
    6     14     11     13      0     21     10      5      8     18     19     18      8     12     10      5      9      9      8     22      9     10   1113   1123   1109   1117   1130   1112   1106   1113   1131    630    608    619    619    618    620    620    637    610    609    613    625    621    602    624    623    618    572    566    567    559    550    564    569    580   1367   1375   1375   1380   1367   1381   1384    903    920    932    914    894    924    890    905    921    914    887    907    924    904    902    916     89     93     89     70     90     85     91     89    104     92     94     84    106     91     96    516    529    531    527    530    530  
   26     13     10      8     21      0     14     19     13     15     25      7     17     11     11     21     13     13     13      6     13     14   1093   1103   1089   1097   1110   1092   1086   1093   1111    613    592    602    603    602    604    603    620    593    593    596    608    605    586    608    607    602    553    547    548    540    531    545    550    561   1347   1356   1355   1360   1347   1361   1364    885    902    914    895    877    906    872    887    904    897    869    889    907    886    884    898     87     95     91     72     92     85     92     89    106     91     95     85    106     93     97    497    509    512    508    511    511  
   15      4      8      7     10     14      0     12      6      9     14      9      3     11      5     13      4      7      7     13      9      1   1106   1115   1102   1110   1123   1105   1099   1106   1124    627    605    616    616    615    617    616    634    607    606    610    621    618    599    621    620    615    567    560    562    553    545    559    563    574   1360   1369   1369   1374   1360   1374   1378    894    911    923    905    891    920    886    901    917    910    883    903    920    900    898    912     93     99     94     75     96     90     96     93    109     96     99     89    111     96    101    508    520    522    519    522    521  
    8     16     10     12      5     19     12      0      8     20     23     18     11     10     10      2     10      7      8     22      7     12   1111   1121   1107   1115   1128   1110   1104   1111   1129    626    604    615    615    614    616    616    633    606    605    609    621    617    598    620    619    614    569    563    564    556    547    561    566    577   1364   1373   1373   1377   1364   1378   1381    904    920    932    914    891    920    886    901    918    910    883    903    921    900    898    912     84     89     85     65     86     80     86     84     99     87     89     80    101     86     91    516    528    531    527    530    529  
   13      9      4      5      8     13      6      8      0     13     19     11      7      6      3     10      3      1      1     14      3      6   1105   1115   1101   1109   1123   1104   1099   1106   1123    623    602    612    613    612    614    613    630    603    603    606    618    615    596    618    617    612    565    558    560    551    543    557    562    572   1359   1368   1367   1372   1359   1373   1376    896    913    925    907    888    917    883    898    914    907    880    900    918    897    895    909     87     93     89     70     90     84     91     88    104     91     94     84    105     91     95    509    521    524    520    523    523  
   22      5     14     11     18     15      9     20     13      0     11      8     10     17     11     21     11     14     14     11     16      9   1102   1111   1097   1105   1119   1101   1095   1102   1119    626    605    616    616    615    617    616    634    606    606    610    621    618    599    621    620    615    564    558    559    551    543    556    561    572   1357   1366   1365   1370   1357   1371   1374    887    904    916    898    890    919    885    900    916    909    882    902    919    899    897    911     99    105    101     82    103     96    103    100    116    103    106     96    117    103    108    501    513    516    512    515    515  
   22     13     21     19     19     25     14     23     19     11      0     18     13     24     18     23     17     20     20     22     22     14   1111   1120   1107   1115   1128   1110   1104   1111   1129    637    616    626    627    625    628    627    644    617    617    620    632    628    610    632    631    626    575    568    570    561    553    566    571    582   1367   1375   1375   1380   1367   1381   1384    893    909    922    903    900    930    896    910    927    920    893    912    930    909    907    921    106    111    107     88    108    102    109    106    122    109    112    102    123    108    113    508    520    523    520    522    522  
   23      7     10      7     18      7      9     18     11      8     18      0     12     12      8     20     10     11     11      5     13      9   1097   1107   1093   1101   1114   1096   1090   1097   1115    620    598    609    609    608    610    610    627    600    599    603    614    611    593    614    613    608    559    552    554    545    537    550    555    566   1352   1360   1360   1365   1352   1366   1369    886    903    915    896    883    912    879    893    910    903    876    895    913    892    890    904     93    100     96     77     97     90     97     94    111     97    100     90    111     98    102    499    511    514    510    513    513  
   13      7     10      9      8     17      3     11      7     10     13     12      0     12      7     12      5      8      7     16      9      3   1108   1118   1104   1113   1126   1108   1102   1109   1126    629    607    618    619    617    619    619    636    609    608    612    624    620    602    623    622    617    569    563    564    556    547    561    566    577   1363   1372   1371   1376   1363   1377   1380    897    913    926    907    893    922    888    903    920    913    885    905    923    902    900    914     93     99     95     75     96     90     96     94    109     97     99     89    111     96    101    510    522    525    521    524    524  
   17     13      4      7     12     11     11     10      6     17     24     12     12      0      7     12      8      5      6     14      4     11   1101   1112   1097   1106   1119   1101   1095   1102   1119    618    596    607    608    606    608    608    625    598    597    601    613    609    591    612    612    606    560    554    555    547    538    552    557    568   1355   1364   1363   1368   1355   1369   1372    895    912    924    906    883    912    878    893    909    902    875    895    913    892    890    904     83     89     85     65     86     79     86     83    100     86     89     79    100     86     91    507    519    522    518    521    521  
   16      7      4      3     10     11      5     10      3     11     18      8      7      7      0     12      3      4      3     12      5      5   1103   1113   1099   1107   1121   1102   1097   1103   1121    623    601    612    612    611    613    612    629    602    602    605    617    614    595    617    616    611    563    557    558    550    541    555    560    571   1357   1366   1366   1371   1357   1371   1375    894    910    923    904    887    916    882    897    913    906    879    899    916    896    894    908     89     95     91     72     92     86     92     89    106     92     95     85    107     92     97    506    519    521    517    521    520  
    6     17     12     14      5     21     13      2     10     21     23     20     12     12     12      0     11      9     10     24      9     13   1113   1123   1109   1117   1130   1112   1106   1113   1131    627    606    616    617    615    618    617    634    607    606    610    622    619    600    622    621    616    571    564    566    558    549    563    568    578   1366   1375   1374   1379   1366   1380   1383    905    922    934    916    892    922    888    903    919    912    885    905    922    901    900    914     84     88     84     65     86     80     86     84     99     87     89     80    101     86     91    518    530    533    529    532    531  
   14      7      5      5      9     13      4     10      3     11     17     10      5      8      3     11      0      4      4     13      6      3   1105   1115   1101   1109   1123   1104   1099   1105   1123    625    603    614    614    613    615    614    631    605    604    607    619    616    597    619    618    613    565    559    560    552    543    557    562    573   1359   1368   1368   1373   1359   1374   1377    895    912    924    906    889    918    884    899    915    908    881    901    919    898    896    910     90     95     91     72     93     86     93     90    106     93     96     86    107     93     98    508    520    523    519    522    522  
   13     10      3      5      9     13      7      7      1     14     20     11      8      5      4      9      4      0      1     15      2      7   1105   1115   1101   1109   1122   1104   1098   1105   1123    623    601    612    612    611    613    612    630    603    602    606    617    614    595    617    616    611    564    558    559    551    542    556    561    572   1359   1367   1367   1372   1359   1373   1376    897    913    926    907    887    916    882    897    914    907    880    899    917    896    894    908     86     92     88     69     89     83     90     87    103     90     93     83    104     90     94    509    521    524    520    523    523  
   13     10      4      5      8     13      7      8      1     14     20     11      7      6      3     10      4      1      0     15      3      6   1105   1115   1101   1109   1122   1104   1098   1105   1123    623    601    612    612    611    613    613    630    603    602    606    618    614    596    617    616    611    564    558    559    551    542    556    561    572   1359   1367   1367   1372   1359   1373   1376    896    913    925    907    887    916    883    898    914    907    880    899    917    896    894    909     87     92     88     69     90     83     90     87    103     90     93     83    104     90     95    509    521    524    520    523    523  
   27     11     13     10     22      6     13     22     14     11     22      5     16     14     12     24     13     15     15      0     15     14   1093   1103   1089   1097   1110   1092   1086   1093   1111    616    595    605    606    604    606    606    623    596    596    599    611    607    589    610    610    604    554    548    549    541    533    546    551    562   1348   1356   1356   1361   1348   1362   1365    882    899    911    893    879    909    875    889    906    899    872    891    909    888    886    901     93    100     96     77     97     90     97     94    111     96    100     90    111     98    102    495    507    510    506    509    509  
   14     12      4      6      9     13      9      7      3     16     22     13      9      4      5      9      6      2      3     15      0      8   1105   1115   1101   1109   1122   1104   1098   1105   1123    622    600    611    611    610    612    611    628    602    601    604    616    613    594    616    615    610    564    557    559    550    542    556    560    571   1358   1367   1367   1372   1358   1372   1376    897    914    926    908    886    915    881    897    913    906    879    898    916    895    893    908     85     90     86     67     88     81     88     85    101     88     91     81    102     88     92    509    522    524    520    524    523  
   15      5      8      7     10     14      1     12      6      9     14      9      3     11      5     13      3      7      6     14      8      0   1106   1116   1102   1110   1123   1105   1099   1106   1124    626    605    616    616    615    617    616    633    606    606    609    621    618    599    621    620    615    567    560    562    553    545    558    563    574   1360   1369   1369   1374   1360   1374   1378    894    911    923    905    890    920    886    901    917    910    883    903    920    899    898    912     93     98     94     75     95     89     96     93    109     96     99     89    110     96    100    508    520    523    519    522    521  
 1118   1103   1102   1101   1113   1093   1106   1111   1105   1102   1111   1097   1108   1101   1103   1113   1105   1105   1105   1093   1105   1106      0     36     11     31     30     30     14     26     18    638    662    654    656    654    654    656    650    653    671    659    636    646    670    652    650    655    576    578    579    583    599    577    574    566    291    297    298    301    296    302    310    538    545    544    538    485    477    480    463    462    476    473    466    465    477    473    465   1093   1106   1105   1106   1106   1098   1104   1099   1112   1096   1105   1102   1099   1109   1104    654    647    643    639    648    646  
 1128   1113   1112   1110   1123   1103   1115   1121   1115   1111   1120   1107   1118   1112   1113   1123   1115   1115   1115   1103   1115   1116     36      0     29      7     13     12     28     13     35    663    686    679    681    679    679    681    676    678    696    684    661    671    695    677    675    680    595    595    597    600    617    595    592    584    304    308    310    312    309    313    322    517    523    521    516    518    511    513    496    495    510    506    499    499    510    506    499   1106   1118   1117   1118   1119   1111   1116   1112   1125   1109   1118   1114   1112   1121   1117    655    647    643    640    648    646  
 1113   1099   1098   1096   1109   1089   1102   1107   1101   1097   1107   1093   1104   1097   1099   1109   1101   1101   1101   1089   1101   1102     11     29      0     23     26     20      4     17     24    639    663    655    657    655    655    657    652    654    672    660    637    647    671    653    651    656    575    576    577    581    598    575    572    564    300    305    307    310    305    310    319    528    535    533    527    490    483    485    469    467    482    478    471    471    482    478    471   1090   1102   1102   1102   1103   1095   1100   1096   1109   1093   1102   1099   1095   1105   1101    647    640    636    632    641    639  
 1122   1107   1106   1105   1117   1097   1110   1115   1109   1105   1115   1101   1113   1106   1107   1117   1109   1109   1109   1097   1109   1110     31      7     23      0     15      6     22      7     33    656    680    673    674    672    673    674    669    671    689    677    655    664    688    670    668    673    588    589    591    594    611    588    585    578    306    310    312    315    311    315    324    517    523    521    516    511    505    506    490    489    503    499    493    493    504    500    492   1100   1113   1112   1112   1113   1105   1110   1106   1119   1103   1112   1109   1106   1115   1111    650    642    638    635    643    641  
 1135   1120   1119   1118   1130   1110   1123   1128   1123   1119   1128   1114   1126   1119   1121   1130   1123   1122   1122   1110   1122   1123     30     13     26     15      0     19     27     18     24    665    688    681    683    680    681    682    677    680    698    686    663    673    697    679    676    682    599    600    602    605    622    600    596    589    292    296    297    300    297    301    310    530    536    534    529    514    507    510    493    492    506    503    496    495    507    503    495   1113   1125   1124   1124   1125   1117   1123   1119   1132   1116   1124   1121   1118   1128   1124    664    657    653    650    658    656  
 1117   1102   1101   1100   1112   1092   1105   1110   1104   1101   1110   1096   1108   1101   1102   1112   1104   1104   1104   1092   1104   1105     30     12     20      6     19      0     19      4     35    652    675    668    669    667    668    669    664    667    684    672    650    659    683    665    663    668    583    584    585    589    606    583    580    573    309    314    315    318    314    318    328    514    521    519    514    507    501    502    486    485    500    495    489    489    500    496    488   1095   1107   1107   1107   1108   1100   1105   1101   1114   1098   1107   1104   1101   1110   1106    646    638    634    631    639    637  
 1111   1096   1095   1094   1106   1086   1099   1104   1099   1095   1104   1090   1102   1095   1097   1106   1099   1098   1098   1086   1098   1099     14     28      4     22     27     19      0     16     27    638    661    654    656    654    654    656    650    653    671    659    636    646    670    652    649    655    573    574    575    579    596    574    570    563    303    308    310    313    308    313    322    525    532    530    524    490    483    485    469    468    482    478    471    471    482    478    471   1088   1100   1099   1100   1100   1093   1098   1094   1107   1091   1099   1096   1093   1103   1099    645    637    633    630    638    636  
 1118   1103   1102   1101   1113   1093   1106   1111   1106   1102   1111   1097   1109   1102   1103   1113   1105   1105   1105   1093   1105   1106     26     13     17      7     18      4     16      0     31    651    674    667    669    666    667    668    663    666    683    671    649    659    683    664    662    668    583    584    586    589    606    584    580    573    306    311    312    315    311    315    325    518    524    523    517    505    499    500    484    483    497    493    487    487    498    494    486   1096   1108   1107   1108   1109   1101   1106   1102   1115   1099   1108   1104   1102   1111   1107    648    640    636    633    641    639  
 1136   1121   1120   1119   1131   1111   1124   1129   1123   1119   1129   1115   1126   1119   1121   1131   1123   1123   1123   1111   1123   1124     18     35     24     33     24     35     27     31      0    654    678    671    672    670    671    672    666    670    687    675    653    662    687    668    666    671    594    595    597    601    617    595    592    584    277    282    283    286    282    287    296    549    555    553    548    497    489    492    475    473    488    486    478    477    489    485    477   1111   1124   1123   1124   1124   1116   1122   1117   1130   1114   1123   1120   1117   1127   1122    671    664    659    656    665    663  
  633    626    620    620    630    613    627    626    623    626    637    620    629    618    623    627    625    623    623    616    622    626    638    663    639    656    665    652    638    651    654      0     26     17     18     17     17     18     20     21     34     23      8     10     35     14     12     18    163    174    168    177    163    178    175    169    819    829    828    834    816    835    834    775    793    802    783    270    299    266    283    299    290    265    284    301    280    278    293    572    581    582    591    582    578    580    577    582    573    580    582    569    585    579    487    494    492    480    499    495  
  611    604    598    599    608    592    605    604    602    605    616    598    607    596    601    606    603    601    601    595    600    605    662    686    663    680    688    675    661    674    678     26      0     11     12     11     13     12     29      9     12      5     26     17      9     17     16     11    167    177    171    180    163    181    179    174    845    855    854    859    842    860    860    785    803    812    793    294    323    291    308    324    314    290    309    326    304    303    318    549    558    559    568    559    555    557    554    559    550    557    558    546    561    555    486    493    491    479    498    494  
  622    615    609    609    619    602    616    615    612    616    626    609    618    607    612    616    614    612    612    605    611    616    654    679    655    673    681    668    654    667    671     17     11      0      3      2      2      3     19     12     17      7     19      9     19      6      6      1    169    180    174    182    167    184    181    176    836    846    844    850    833    851    850    785    803    812    793    283    312    280    298    313    304    279    299    315    293    292    307    560    568    569    579    570    566    568    565    569    561    567    569    557    572    566    491    498    495    483    503    498  
  623    615    610    610    619    603    616    615    613    616    627    609    619    608    612    617    614    612    612    606    611    616    656    681    657    674    683    669    656    669    672     18     12      3      0      4      2      1     18     14     16      7     21     11     19      6      7      3    171    182    176    185    169    186    183    178    837    847    845    851    834    852    851    787    805    814    795    283    312    280    298    313    304    279    299    315    294    293    308    560    569    570    579    570    566    568    565    570    561    568    570    557    572    566    493    500    498    486    505    501  
  621    614    608    608    618    602    615    614    612    615    625    608    617    606    611    615    613    611    611    604    610    615    654    679    655    672    680    667    654    666    670     17     11      2      4      0      4      4     20     10     18      6     18      8     19      7      6      2    168    178    172    181    165    182    180    175    835    845    844    850    833    851    850    783    802    811    792    284    313    281    298    313    304    279    299    316    294    293    308    559    568    569    578    569    565    567    564    569    560    567    569    556    571    565    489    496    494    482    501    497  
  623    616    610    611    620    604    617    616    614    617    628    610    619    608    613    618    615    613    613    606    612    617    654    679    655    673    681    668    654    667    671     17     13      2      2      4      0      2     18     13     17      8     19     10     20      5      5      3    170    181    175    184    168    185    182    177    835    845    844    850    832    850    850    786    804    813    794    282    311    279    297    312    302    278    298    314    292    291    306    561    570    571    580    571    567    569    566    571    562    569    571    558    573    567    492    499    497    485    504    500  
  623    615    610    610    620    603    616    616    613    616    627    610    619    608    612    617    614    612    613    606    611    616    656    681    657    674    682    669    656    668    672     18     12      3      1      4      2      0     18     14     16      7     21     11     19      6      7      3    171    182    176    184    169    186    183    178    836    846    845    851    833    852    851    787    805    814    795    283    312    280    298    313    303    279    299    315    293    292    307    560    569    570    579    570    566    568    565    570    561    568    570    557    573    566    493    500    497    485    505    500  
  640    633    627    627    637    620    634    633    630    634    644    627    636    625    629    634    631    630    630    623    628    633    650    676    652    669    677    664    650    663    666     20     29     19     18     20     18     18      0     30     29     25     27     22     35     14     16     20    182    193    187    196    181    197    194    189    826    836    835    840    823    841    840    794    812    821    802    268    297    265    283    298    288    264    284    300    278    277    292    577    585    586    596    587    583    584    582    586    578    584    586    573    589    583    506    513    510    499    518    513  
  613    606    600    600    610    593    607    606    603    606    617    600    609    598    602    607    605    603    603    596    602    606    653    678    654    671    680    667    653    666    670     21      9     12     14     10     13     14     30      0     20      9     19     12     17     17     15     11    159    170    164    172    156    174    171    167    838    848    847    853    835    854    853    776    795    804    785    290    320    287    304    320    311    285    305    322    300    299    314    552    560    561    571    562    558    559    557    562    553    559    561    549    564    558    480    487    485    473    492    488  
  612    605    599    600    609    593    606    605    603    606    617    599    608    597    602    606    604    602    602    596    601    606    671    696    672    689    698    684    671    683    687     34     12     17     16     18     17     16     29     20      0     13     35     25      9     21     22     16    178    188    182    190    173    192    190    185    852    862    861    866    849    867    866    796    814    823    804    297    326    294    312    327    317    293    312    329    307    306    321    549    557    558    568    558    555    556    553    558    549    556    558    545    561    554    496    503    501    489    508    504  
  616    609    603    603    613    596    610    609    606    610    620    603    612    601    605    610    607    606    606    599    604    609    659    684    660    677    686    672    659    671    675     23      5      7      7      6      8      7     25      9     13      0     23     14     13     12     12      6    168    179    173    181    165    183    180    175    841    851    850    856    838    857    856    785    803    812    793    290    319    286    304    319    310    285    305    322    300    299    314    554    562    563    573    564    560    561    559    563    555    561    563    550    566    560    488    496    493    481    500    496  
  628    620    615    615    625    608    621    621    618    621    632    614    624    613    617    622    619    617    618    611    616    621    636    661    637    655    663    650    636    649    653      8     26     19     21     18     19     21     27     19     35     23      0     10     35     18     15     19    156    167    161    170    155    171    168    162    820    830    829    834    817    835    835    769    787    796    777    274    303    270    287    303    294    268    288    305    283    282    297    568    576    577    586    578    574    576    573    578    569    575    577    565    580    574    480    487    484    472    492    487  
  625    617    611    612    621    605    618    617    615    618    628    611    620    609    614    619    616    614    614    607    613    618    646    671    647    664    673    659    646    659    662     10     17      9     11      8     10     11     22     12     25     14     10      0     26     10      6     10    163    173    167    176    161    177    175    169    828    838    837    843    826    844    843    777    795    804    785    279    308    275    293    308    299    274    294    311    289    288    303    563    572    573    582    573    569    571    568    573    564    571    573    560    576    570    485    492    490    478    497    493  
  606    598    593    593    602    586    599    598    596    599    610    593    602    591    595    600    597    595    596    589    594    599    670    695    671    688    697    683    670    683    687     35      9     19     19     19     20     19     35     17      9     13     35     26      0     24     24     18    171    181    175    183    166    185    183    179    854    864    862    868    851    869    868    790    809    818    799    302    331    298    316    331    322    297    317    334    312    311    326    543    551    552    562    552    549    550    548    552    543    550    552    539    555    549    488    496    493    482    501    496  
  627    620    614    615    624    608    621    620    618    621    632    614    623    612    617    622    619    617    617    610    616    621    652    677    653    670    679    665    652    664    668     14     17      6      6      7      5      6     14     17     21     12     18     10     24      0      4      7    172    182    176    185    170    186    184    178    832    842    840    846    829    847    846    786    804    813    794    278    307    275    293    308    298    274    294    310    288    287    302    565    574    575    584    575    571    573    570    575    566    573    575    562    577    571    494    501    499    487    506    502  
  627    619    613    614    623    607    620    619    617    620    631    613    622    612    616    621    618    616    616    610    615    620    650    675    651    668    676    663    649    662    666     12     16      6      7      6      5      7     16     15     22     12     15      6     24      4      0      7    168    179    173    182    167    183    181    175    830    840    839    845    827    846    845    783    801    810    791    278    307    275    292    308    298    274    294    310    288    287    302    565    573    574    584    575    571    572    570    574    566    572    574    561    577    571    491    498    496    484    503    499  
  621    614    608    609    618    602    615    614    612    615    626    608    617    606    611    616    613    611    611    604    610    615    655    680    656    673    682    668    655    668    671     18     11      1      3      2      3      3     20     11     16      6     19     10     18      7      7      0    169    180    174    182    166    184    181    176    836    846    845    851    833    852    851    785    803    812    793    284    313    281    298    314    304    280    299    316    294    293    308    559    568    569    578    569    565    567    564    569    560    567    569    556    571    565    491    498    495    483    502    498  
  576    565    561    561    572    553    567    569    565    564    575    559    569    560    563    571    565    564    564    554    564    567    576    595    575    588    599    583    573    583    594    163    167    169    171    168    170    171    182    159    178    168    156    163    171    172    168    169      0     12      7     18     24     16     13     11    804    813    812    818    803    819    821    622    640    650    630    350    377    343    354    370    367    338    357    375    357    354    366    535    546    546    550    546    540    544    540    550    537    545    544    537    549    544    328    334    331    319    339    334  
  570    558    555    554    566    547    560    563    558    558    568    552    563    554    557    564    559    558    558    548    557    560    578    595    576    589    600    584    574    584    595    174    177    180    182    178    181    182    193    170    188    179    167    173    181    182    179    180     12      0      7      7     24      5      4     15    808    817    817    822    807    823    825    613    631    641    621    360    388    354    364    381    378    349    367    385    367    364    376    530    541    541    545    542    535    539    535    546    532    540    539    532    544    539    316    322    319    308    327    323  
  571    560    556    556    567    548    562    564    560    559    570    554    564    555    558    566    560    559    559    549    559    562    579    597    577    591    602    585    575    586    597    168    171    174    176    172    175    176    187    164    182    173    161    167    175    176    173    174      7      7      0     12     21     11      9     14    808    817    816    822    807    822    824    619    637    647    627    356    383    350    360    376    373    344    363    381    363    360    372    530    541    541    545    542    536    540    536    546    532    541    539    533    545    540    322    328    326    314    333    329  
  563    551    548    547    559    540    553    556    551    551    561    545    556    547    550    558    552    551    551    541    550    553    583    600    581    594    605    589    579    589    601    177    180    182    185    181    184    184    196    172    190    181    170    176    183    185    182    182     18      7     12      0     21      6     11     22    814    823    823    828    814    829    831    613    631    641    621    367    394    360    371    387    384    355    374    391    374    370    383    523    534    534    538    535    528    533    529    539    525    534    532    526    538    533    312    318    316    304    323    319  
  554    543    539    539    550    531    545    547    543    543    553    537    547    538    541    549    543    542    542    533    542    545    599    617    598    611    622    606    596    606    617    163    163    167    169    165    168    169    181    156    173    165    155    161    166    170    167    166     24     24     21     21      0     26     27     34    827    836    836    841    826    842    844    632    651    661    641    366    394    360    371    388    384    355    374    392    373    370    383    512    523    523    527    524    517    521    517    527    514    522    521    514    526    521    325    332    330    318    337    333  
  568    556    553    553    564    545    559    561    557    556    566    550    561    552    555    563    557    556    556    546    556    558    577    595    575    588    600    583    574    584    595    178    181    184    186    182    185    186    197    174    192    183    171    177    185    186    183    184     16      5     11      6     26      0      6     17    809    818    817    823    808    823    826    609    628    637    618    363    391    357    367    384    381    352    370    388    370    367    379    529    540    540    543    541    534    538    534    545    531    539    538    531    543    538    312    318    315    304    323    319  
  573    561    558    558    569    550    563    566    562    561    571    555    566    557    560    568    562    561    561    551    560    563    574    592    572    585    596    580    570    580    592    175    179    181    183    180    182    183    194    171    190    180    168    175    183    184    181    181     13      4      9     11     27      6      0     12    805    814    813    818    804    819    821    610    629    639    619    358    386    352    362    378    376    347    365    383    365    362    374    533    544    544    548    545    538    543    539    549    535    544    542    536    548    543    316    322    319    307    327    322  
  584    572    569    568    580    561    574    577    572    572    582    566    577    568    571    578    573    572    572    562    571    574    566    584    564    578    589    573    563    573    584    169    174    176    178    175    177    178    189    167    185    175    162    169    179    178    175    176     11     15     14     22     34     17     12      0    795    804    803    809    794    809    811    613    631    641    621    347    374    341    351    367    364    335    353    371    354    350    363    543    554    554    558    555    549    553    549    559    545    554    552    546    558    553    324    330    327    315    335    330  
 1371   1358   1356   1355   1367   1347   1360   1364   1359   1357   1367   1352   1363   1355   1357   1366   1359   1359   1359   1348   1358   1360    291    304    300    306    292    309    303    306    277    819    845    836    837    835    835    836    826    838    852    841    820    828    854    832    830    836    804    808    808    814    827    809    805    795      0     11      9     15     10     16     19    817    821    818    815    591    570    589    569    560    574    586    570    561    580    578    565   1337   1348   1348   1351   1349   1342   1346   1342   1353   1339   1347   1346   1340   1352   1347    936    930    926    921    932    929  
