60

    0      7     10     10      9     12    676    666    676    675    666    663    674    670    665    672    676    459    447    447    614    609    618    615    615    608    609    608    614    614    792    786   1312   1308   1320   1300   1313   1317   1314   1304   1304   1317    907    900    906    903    909    905    905    897    902    543    552    539    540    550   1004   1003    291    294  
    7      0     10     13     12     17    682    673    683    681    673    670    680    677    671    679    683    466    454    454    621    615    624    622    622    614    615    614    620    620    799    793   1315   1311   1323   1303   1316   1320   1317   1307   1307   1320    914    907    913    910    916    911    912    904    909    550    558    546    546    557   1010   1009    297    300  
   10     10      0      6      5     10    677    667    677    675    667    664    674    671    666    673    677    462    450    450    614    608    618    615    615    608    609    608    613    613    795    789   1305   1302   1313   1294   1306   1310   1307   1297   1298   1311    909    903    908    905    912    907    908    899    904    543    552    539    540    550   1008   1007    299    301  
   10     13      6      0      2      5    671    662    672    670    661    659    669    666    660    668    671    457    445    445    609    603    612    610    610    602    604    603    608    608    790    783   1303   1299   1311   1291   1304   1308   1305   1295   1295   1308    904    897    903    900    906    901    902    893    899    538    547    534    534    545   1002   1001    294    297  
    9     12      5      2      0      6    673    663    673    672    663    660    670    667    662    669    673    458    446    446    610    605    614    611    611    604    605    604    610    609    791    785   1304   1300   1312   1292   1305   1309   1306   1296   1296   1309    905    899    904    901    908    903    904    895    900    539    548    535    536    546   1004   1003    295    298  
   12     17     10      5      6      0    667    658    668    666    657    655    665    661    656    664    667    452    441    440    605    599    608    606    606    598    599    598    604    604    786    779   1300   1297   1309   1289   1301   1306   1302   1292   1293   1306    900    893    898    895    902    897    898    889    895    534    542    529    530    541    998    997    291    294  
  676    682    677    671    673    667      0     11      5      4     13     13      9     12     12      6      1    246    254    256    120    128    121    115    120    125    119    123    125    116    198    196   1040   1034   1045   1029   1035   1046   1040   1027   1031   1041    259    255    260    255    261    259    260    250    256    156    145    160    156    148    448    443    516    511  
  666    673    667    662    663    658     11      0     11     12     12      8     15      7      4      7     12    235    244    246    118    126    119    113    119    123    117    121    124    114    199    197   1045   1039   1050   1035   1041   1052   1046   1033   1037   1046    265    261    266    261    267    265    266    256    262    150    138    154    150    141    450    445    505    500  
  676    683    677    672    673    668      5     11      0      9     17     15     14      9     13      5      6    245    253    255    124    132    125    119    125    129    123    128    130    120    193    192   1044   1038   1049   1034   1039   1051   1045   1032   1036   1045    256    252    257    252    258    256    257    247    253    159    147    163    159    150    444    439    514    509  
  675    681    675    670    672    666      4     12      9      0     10     12      6     14     11      9      4    246    254    256    117    124    117    112    117    121    115    120    122    113    201    200   1036   1031   1041   1026   1032   1043   1037   1024   1028   1038    262    257    263    258    264    262    262    253    259    153    142    157    154    145    452    446    516    511  
  666    673    667    661    663    657     13     12     17     10      0      6      8     18      9     14     13    240    248    250    108    116    109    103    109    113    107    112    114    104    209    208   1034   1028   1039   1023   1029   1040   1034   1022   1025   1035    271    267    272    268    273    271    272    262    269    144    132    148    144    135    460    455    510    505  
  663    670    664    659    660    655     13      8     15     12      6      0     12     14      4     12     13    235    244    246    111    119    112    106    111    115    109    114    116    107    206    205   1039   1033   1044   1028   1034   1045   1039   1027   1030   1040    271    267    272    267    273    271    272    262    268    144    132    148    144    135    457    452    505    500  
  674    680    674    669    670    665      9     15     14      6      8     12      0     19     13     14      9    247    255    257    112    120    112    107    112    117    111    115    117    108    206    205   1032   1026   1036   1021   1027   1038   1032   1019   1023   1033    265    261    267    262    267    266    266    256    263    150    139    154    151    142    456    451    517    512  
  670    677    671    666    667    661     12      7      9     14     18     14     19      0     11      6     12    237    246    247    125    133    126    120    125    129    123    128    130    121    193    191   1050   1044   1055   1039   1045   1056   1051   1038   1041   1051    259    255    260    256    261    259    260    250    256    155    144    160    156    147    444    439    507    501  
  665    671    666    660    662    656     12      4     13     11      9      4     13     11      0      9     12    235    244    246    115    122    116    110    115    119    113    118    120    111    203    201   1042   1036   1047   1032   1037   1048   1043   1030   1033   1043    268    264    269    264    270    268    269    259    265    147    135    151    147    138    454    449    505    500  
  672    679    673    668    669    664      6      7      5      9     14     12     14      6      9      0      7    241    249    251    122    130    123    117    122    127    120    125    127    118    195    194   1045   1039   1050   1034   1040   1051   1046   1033   1036   1046    259    255    261    256    261    259    260    250    257    155    144    159    155    147    446    441    511    505  
  676    683    677    671    673    667      1     12      6      4     13     13      9     12     12      7      0    246    255    257    120    127    120    115    120    124    118    123    125    116    198    197   1039   1033   1044   1028   1034   1045   1040   1027   1030   1040    259    255    260    256    261    259    260    250    256    156    144    160    156    147    449    443    516    511  
  459    466    462    457    458    452    246    235    245    246    240    235    247    237    235    241    246      0     13     12    249    249    253    246    250    245    242    245    252    245    334    327   1182   1177   1188   1171   1179   1189   1183   1171   1174   1185    450    443    448    446    453    447    448    440    445    190    189    189    185    191    556    554    270    265  
  447    454    450    445    446    441    254    244    253    254    248    244    255    246    244    249    255     13      0      4    252    252    257    250    254    249    245    248    255    249    346    339   1181   1176   1187   1170   1178   1187   1182   1170   1173   1184    461    454    460    457    464    459    459    451    456    191    191    190    186    192    568    566    263    258  
  447    454    450    445    446    440    256    246    255    256    250    246    257    247    246    251    257     12      4      0    255    255    260    253    257    252    248    251    258    252    346    339   1184   1179   1191   1173   1181   1191   1185   1173   1176   1187    462    455    460    458    464    459    460    452    457    194    194    193    189    195    567    565    261    255  
  614    621    614    609    610    605    120    118    124    117    108    111    112    125    115    122    120    249    252    255      0      9      5      6      2      7      7      7      6      5    317    315    955    950    961    945    952    962    956    944    947    957    371    368    374    368    373    372    373    363    370     73     67     77     77     68    568    562    506    501  
  609    615    608    603    605    599    128    126    132    124    116    119    120    133    122    130    127    249    252    255      9      0     10     13      9      5     11      6      5     12    325    323    952    946    957    941    948    958    953    940    943    954    379    376    382    376    381    381    381    371    378     69     64     73     74     65    575    570    504    499  
  618    624    618    612    614    608    121    119    125    117    109    112    112    126    116    123    120    253    257    260      5     10      0      9      4     11     12     11      6      9    318    316    952    946    957    941    948    958    953    940    943    954    371    368    373    368    372    372    372    363    369     77     71     81     82     72    568    563    510    505  
  615    622    615    610    611    606    115    113    119    112    103    106    107    120    110    117    115    246    250    253      6     13      9      0      6     11      7     10     11      2    312    310    960    954    965    949    956    966    961    948    951    962    367    364    369    364    369    368    369    359    365     73     66     77     77     67    563    557    504    499  
  615    622    615    610    611    606    120    119    125    117    109    111    112    125    115    122    120    250    254    257      2      9      4      6      0      8      9      8      6      6    317    316    954    949    960    943    950    961    955    943    946    956    371    368    373    368    373    372    373    363    370     74     68     78     79     69    568    562    507    502  
  608    614    608    602    604    598    125    123    129    121    113    115    117    129    119    127    124    245    249    252      7      5     11     11      8      0      7      2      7      9    321    320    956    950    962    945    952    962    957    944    947    958    377    374    379    374    379    378    379    369    375     67     62     71     72     62    572    567    501    496  
  609    615    609    604    605    599    119    117    123    115    107    109    111    123    113    120    118    242    245    248      7     11     12      7      9      7      0      6     11      5    315    313    961    956    967    951    958    968    962    950    953    963    372    368    374    369    374    373    373    364    370     67     61     71     71     61    566    561    499    494  
  608    614    608    603    604    598    123    121    128    120    112    114    115    128    118    125    123    245    248    251      7      6     11     10      8      2      6      0      8      8    320    318    957    952    963    946    953    964    958    945    949    959    376    373    378    373    378    377    378    368    374     67     61     71     71     62    571    566    500    496  
  614    620    613    608    610    604    125    124    130    122    114    116    117    130    120    127    125    252    255    258      6      5      6     11      6      7     11      8      0     11    322    321    951    945    956    940    947    957    951    939    942    953    376    373    378    373    378    377    378    368    374     74     68     77     78     69    573    567    508    503  
  614    620    613    608    609    604    116    114    120    113    104    107    108    121    111    118    116    245    249    252      5     12      9      2      6      9      5      8     11      0    313    311    960    955    966    949    956    967    961    948    952    962    369    365    371    365    370    370    370    360    367     71     65     75     76     66    564    558    503    498  
  792    799    795    790    791    786    198    199    193    201    209    206    206    193    203    195    198    334    346    346    317    325    318    312    317    321    315    320    322    313      0      8   1203   1197   1207   1193   1197   1209   1203   1190   1194   1203    130    122    126    126    133    125    126    120    123    339    328    343    338    332    252    248    571    566  
  786    793    789    783    785    779    196    197    192    200    208    205    205    191    201    194    197    327    339    339    315    323    316    310    316    320    313    318    321    311      8      0   1205   1199   1210   1195   1200   1212   1206   1193   1197   1206    138    130    134    134    140    133    134    128    131    336    325    340    335    328    255    251    564    558  
 1312   1315   1305   1303   1304   1300   1040   1045   1044   1036   1034   1039   1032   1050   1042   1045   1039   1182   1181   1184    955    952    952    960    954    956    961    957    951    960   1203   1205      0      7     10     12     11      7      4     14      9     10   1167   1170   1173   1167   1166   1173   1172   1166   1171    996   1000    997   1002    998   1401   1393   1379   1376  
 1308   1311   1302   1299   1300   1297   1034   1039   1038   1031   1028   1033   1026   1044   1036   1039   1033   1177   1176   1179    950    946    946    954    949    950    956    952    945    955   1197   1199      7      0     12     10      7     13      7      7      4     10   1161   1164   1166   1161   1160   1166   1166   1160   1164    991    994    991    996    992   1395   1387   1375   1372  
 1320   1323   1313   1311   1312   1309   1045   1050   1049   1041   1039   1044   1036   1055   1047   1050   1044   1188   1187   1191    961    957    957    965    960    962    967    963    956    966   1207   1210     10     12      0     21     10      9      7     18     16      4   1170   1173   1176   1170   1170   1176   1175   1169   1174   1002   1006   1003   1008   1004   1404   1396   1387   1383  
 1300   1303   1294   1291   1292   1289   1029   1035   1034   1026   1023   1028   1021   1039   1032   1034   1028   1171   1170   1173    945    941    941    949    943    945    951    946    940    949   1193   1195     12     10     21      0     16     18     14     10      6     19   1158   1161   1163   1158   1157   1163   1163   1157   1161    985    989    986    990    987   1392   1384   1368   1365  
 1313   1316   1306   1304   1305   1301   1035   1041   1039   1032   1029   1034   1027   1045   1037   1040   1034   1179   1178   1181    952    948    948    956    950    952    958    953    947    956   1197   1200     11      7     10     16      0     15      9      9     11      6   1160   1164   1166   1160   1160   1166   1166   1159   1164    993    996    994    998    994   1394   1387   1378   1375  
 1317   1320   1310   1308   1309   1306   1046   1052   1051   1043   1040   1045   1038   1056   1048   1051   1045   1189   1187   1191    962    958    958    966    961    962    968    964    957    967   1209   1212      7     13      9     18     15      0      7     20     15     11   1173   1177   1179   1173   1173   1179   1179   1172   1177   1003   1006   1003   1008   1004   1407   1400   1385   1382  
 1314   1317   1307   1305   1306   1302   1040   1046   1045   1037   1034   1039   1032   1051   1043   1046   1040   1183   1182   1185    956    953    953    961    955    957    962    958    951    961   1203   1206      4      7      7     14      9      7      0     13     10      7   1167   1170   1173   1167   1166   1173   1172   1166   1171    997   1001    998   1003    999   1401   1393   1381   1378  
 1304   1307   1297   1295   1296   1292   1027   1033   1032   1024   1022   1027   1019   1038   1030   1033   1027   1171   1170   1173    944    940    940    948    943    944    950    945    939    948   1190   1193     14      7     18     10      9     20     13      0      6     15   1154   1157   1160   1154   1154   1160   1159   1153   1158    985    988    985    990    986   1388   1380   1369   1366  
 1304   1307   1298   1295   1296   1293   1031   1037   1036   1028   1025   1030   1023   1041   1033   1036   1030   1174   1173   1176    947    943    943    951    946    947    953    949    942    952   1194   1197      9      4     16      6     11     15     10      6      0     14   1158   1162   1164   1158   1158   1164   1164   1158   1162    988    991    988    993    989   1393   1385   1371   1368  
 1317   1320   1311   1308   1309   1306   1041   1046   1045   1038   1035   1040   1033   1051   1043   1046   1040   1185   1184   1187    957    954    954    962    956    958    963    959    953    962   1203   1206     10     10      4     19      6     11      7     15     14      0   1166   1170   1172   1166   1166   1172   1172   1165   1170    999   1002    999   1004   1000   1400   1392   1383   1380  
  907    914    909    904    905    900    259    265    256    262    271    271    265    259    268    259    259    450    461    462    371    379    371    367    371    377    372    376    376    369    130    138   1167   1161   1170   1158   1160   1173   1167   1154   1158   1166      0      9      7      5      3      7      7     11      8    414    403    418    414    406    235    228    698    692  
  900    907    903    897    899    893    255    261    252    257    267    267    261    255    264    255    255    443    454    455    368    376    368    364    368    374    368    373    373    365    122    130   1170   1164   1173   1161   1164   1177   1170   1157   1162   1170      9      0      6      5     11      5      6      6      2    410    398    414    410    401    233    226    690    685  
  906    913    908    903    904    898    260    266    257    263    272    272    267    260    269    261    260    448    460    460    374    382    373    369    373    379    374    378    378    371    126    134   1173   1166   1176   1163   1166   1179   1173   1160   1164   1172      7      6      0      7      9      2      1     11      4    415    404    419    415    407    230    222    695    690  
  903    910    905    900    901    895    255    261    252    258    268    267    262    256    264    256    256    446    457    458    368    376    368    364    368    374    369    373    373    365    126    134   1167   1161   1170   1158   1160   1173   1167   1154   1158   1166      5      5      7      0      7      6      6      7      5    410    399    415    411    402    236    228    693    688  
  909    916    912    906    908    902    261    267    258    264    273    273    267    261    270    261    261    453    464    464    373    381    372    369    373    379    374    378    378    370    133    140   1166   1160   1170   1157   1160   1173   1166   1154   1158   1166      3     11      9      7      0      9      9     14     10    416    405    420    416    408    236    228    700    695  
  905    911    907    901    903    897    259    265    256    262    271    271    266    259    268    259    259    447    459    459    372    381    372    368    372    378    373    377    377    370    125    133   1173   1166   1176   1163   1166   1179   1173   1160   1164   1172      7      5      2      6      9      0      1     10      3    414    403    418    414    406    230    223    694    688  
  905    912    908    902    904    898    260    266    257    262    272    272    266    260    269    260    260    448    459    460    373    381    372    369    373    379    373    378    378    370    126    134   1172   1166   1175   1163   1166   1179   1172   1159   1164   1172      7      6      1      6      9      1      0     10      4    415    403    419    415    406    230    223    694    689  
  897    904    899    893    895    889    250    256    247    253    262    262    256    250    259    250    250    440    451    452    363    371    363    359    363    369    364    368    368    360    120    128   1166   1160   1169   1157   1159   1172   1166   1153   1158   1165     11      6     11      7     14     10     10      0      7    405    394    409    405    397    238    230    687    682  
  902    909    904    899    900    895    256    262    253    259    269    268    263    256    265    257    256    445    456    457    370    378    369    365    370    375    370    374    374    367    123    131   1171   1164   1174   1161   1164   1177   1171   1158   1162   1170      8      2      4      5     10      3      4      7      0    411    400    415    411    403    232    225    691    686  
  543    550    543    538    539    534    156    150    159    153    144    144    150    155    147    155    156    190    191    194     73     69     77     73     74     67     67     67     74     71    339    336    996    991   1002    985    993   1003    997    985    988    999    414    410    415    410    416    414    415    405    411      0     12      5      6      9    591    586    437    432  
  552    558    552    547    548    542    145    138    147    142    132    132    139    144    135    144    144    189    191    194     67     64     71     66     68     62     61     61     68     65    328    325   1000    994   1006    989    996   1006   1001    988    991   1002    403    398    404    399    405    403    403    394    400     12      0     16     13      4    580    575    440    435  
  539    546    539    534    535    529    160    154    163    157    148    148    154    160    151    159    160    189    190    193     77     73     81     77     78     71     71     71     77     75    343    340    997    991   1003    986    994   1003    998    985    988    999    418    414    419    415    420    418    419    409    415      5     16      0      6     13    594    590    434    429  
  540    546    540    534    536    530    156    150    159    154    144    144    151    156    147    155    156    185    186    189     77     74     82     77     79     72     71     71     78     76    338    335   1002    996   1008    990    998   1008   1003    990    993   1004    414    410    415    411    416    414    415    405    411      6     13      6      0     11    589    585    432    427  
  550    557    550    545    546    541    148    141    150    145    135    135    142    147    138    147    147    191    192    195     68     65     72     67     69     62     61     62     69     66    332    328    998    992   1004    987    994   1004    999    986    989   1000    406    401    407    402    408    406    406    397    403      9      4     13     11      0    583    579    440    436  
 1004   1010   1008   1002   1004    998    448    450    444    452    460    457    456    444    454    446    449    556    568    567    568    575    568    563    568    572    566    571    573    564    252    255   1401   1395   1404   1392   1394   1407   1401   1388   1393   1400    235    233    230    236    236    230    230    238    232    591    580    594    589    583      0      9    748    743  
 1003   1009   1007   1001   1003    997    443    445    439    446    455    452    451    439    449    441    443    554    566    565    562    570    563    557    562    567    561    566    567    558    248    251   1393   1387   1396   1384   1387   1400   1393   1380   1385   1392    228    226    222    228    228    223    223    230    225    586    575    590    585    579      9      0    748    743  
  291    297    299    294    295    291    516    505    514    516    510    505    517    507    505    511    516    270    263    261    506    504    510    504    507    501    499    500    508    503    571    564   1379   1375   1387   1368   1378   1385   1381   1369   1371   1383    698    690    695    693    700    694    694    687    691    437    440    434    432    440    748    748      0      6  
  294    300    301    297    298    294    511    500    509    511    505    500    512    501    500    505    511    265    258    255    501    499    505    499    502    496    494    496    503    498    566    558   1376   1372   1383   1365   1375   1382   1378   1366   1368   1380    692    685    690    688    695    688    689    682    686    432    435    429    427    436    743    743      6      0  

    0   1242     19   1575    111  85005      0   6307      0      2      0    100      0      0     17      0      0      0   1147    458      0    599    109   1879      0    418   9374    201    645     11   3529  47638      0      0      0  29075      0   5276     57    546      0      1      0      0  24221      9      0      0      0      0     48   1510      2      0      0      0      0      0    264      0  
    4      0      0      0      4      0      4     13    286   2215    162      0      0    405      2      0      0      9  90360    287  11836    200   2497      7   1542     38      0    714      0  16011      1      0      0      0      3      0      0      0    200      4      0  93406      2      1     24     44      0  11688     15    206      9      0  69327      4      0      0  11358      5      0   1115  
  342      0      0      3     17   7745  54769      0      6      1   1087  28367      0  23093      0   5497  19545      0      0      0      0  40620    363   5373      0     14      0  32036      0   3777      0     63      0    114    326    101      2      0      0      0     14  46182     22      0      0      0    310      0  51394  61912      2  12277   8969      2  30016    153      0   8145      0   3505  
    4  91200    314      0      0    178      0     14   3750   1825      0      0     11  30121   7489      2     26      0  47289      0   9902      8      8   2583      2    152     59      0      0     24    537  42707   1102      0     12  14406      0      0     49      0  99275      0     19      0    618      0  22301   2006      0      0      0      0  16121      7      0    341   5485    172   4550    217  
    0      0      0  50678      0    462      0      0      0      0      2   3635     94   1127     15    134      0      0    985     81      2      0      0   1878   1117     19     35     66     59      1   2853    562      3      3    519     52    108      1      0      3    501      4   6366      0    393      0      0      0   2184   1717      0     72     39     36     40      0      0      0     39      0  
 7394      0      0  93340   1977      0      0      0     13     34   5453      0     90    176      0  68820   3737      0     14      0      0      6    499      7      0     11  52294      3      0  28513      0  12453      0    568   1979      0      0      0      0  14922      0      0      0   1014      0  36774      1   1968      0      0    126    107      0      0      7     38     18      0      0  24311  
    0      0   1291      0      0  16252      0      0      2     39  10800    328    278     82      0  23794      0      0      0     12   4577  17596    802    230      0      0      0  85689    937    133    257  45519      0     58    233    221      0    508      0   1022  19755      0     10    306      0     11      0      0      3      0   2002      0     62    157     19      0      2     18      0      0  
27515    101     78     13   9315      6  16659      0   3829     30  65179      1      0      0      8    167      0     53   2406      6   4721  80522     21      0  32258      0      0      0      0  20031     66   7434      0      0      0      0      0     28      0     34      0      0     13     58      3      0  31447     11      4     19   2141      0      0      0      0  68663  14676      0      0     33  
  291      0      0  45181      5   1261   1151     38      0     13   1704      0     14      2      0      0    261   1420     24      0      0   4434  23695      0    438   3373      1      0   6358      0    803   5496      0      0    678      0  12602      0      0     39  17048      0     33      0     74      0     70    218     29      0  24698      0   4335    407     24  11725      0      0     89   1319  
22242      0      0   7394   9001   5315      0  53025     47      0      2     20      4      7  26772     60    183     39   1170     86      0      0     19    848      0    577      4    321     28   4291   1996   2256      0      0      0      0    672  21916   3525   2868     51      0      0      1   7712      0    606    307      0    122     59      0      2      0      0    118      1      0     39   1873  
   24     36    494      0     47    176    293   1116   9666      0      0   4359      0      0      0   2866      0      3   1242      0    432     27      0      0     14     15      0    986      1   1917   7445      1      3    149   4564    118      0      4   6639      1  20485      0  84416      0    682    655      2     43     82    730   8004  11603      0    212     19      0      2   4182      0      0  
    1     18     65      0   3343     38    363     10    410      1      0      0      1    625   2826     24   5652   4861     16      0      0    154    501  71137  51320     41     29      4    285      0   4671   4809      0  63469     15      0     30      0    162      0      0     17    505      0      0      0      0    357      0      0    398      0      1     41      2  49644  26017  31814  68383      0  
   52    644     14      0  10219    352     80     10      0      0      0  89585      0    424     84      1      1      0     73      0      0      1      0   6421      3     97  10993      0      0      0      0      1    249    117    147      0      0      0      2    128      0      0  28932   6294      0      0     61  91206   5905      0      0      0   7119      3      0  21966      7      0      0    611  
18408  13240    481  40415   2923      0     42      0  14381      4   1341    606   2097      0      0      0  28956      0    362   1586      0      7      0      0      4   1978      0   1819      0      1     29   4137      0  19618   8646    131      0      0      0   1198      0    775      0      0    567      0      0      0      0      1    517     23      0  15330  30635      0      1      0     31  22428  
    1      6     25      0      0    938      0      0      4  16890      0   1526      1   1962      0  38048  18889   1270      0      4      0    220   9029  21743      0   1705      0   3841      0    124     81   1644      0  85388      0  31929    939     68    282      1      0     17      0     28      4      0      0      0      1      0      0     20    220      0      0     20     42      0   4327  10299  
47980    220   2821      3      1   4626      0      0  79391  27118  12910   1646      1      0  35257      0      0      0      0      0     13      0     83      0    268   1382      0  10489    574      0    375   1249   1084      4      0  19598      0      0      0    872  55349      3      0   1314      0      3  10683     55   2842   1085      1      0     15      3     15    115     11  16122    117   1236  
   12      0    273      0      0     36      0      0      0      0  18055      0      0  93156      1   1859      0     75      0     84      0   1378      3      0      0   1904      0  11216      0      0      0    303      0     10      0      0   8507      0      0  11020     10      0      0  20510      0   1219     25      0    326  19789      0     31      0      0  13096     51     43      3      0     63  
 1219    155     25      5     80      1  63402    119      0   1120      0     46      0      0     89  24240      0      0    839    510      0      2      0      0      0      0     72      0      0     79      0  25373     14      0      4   6843      3      0   6397      5     24      0      0      0    135      0  91551     46      0  42246      0      0   4180      0    171     13      0  88058   3442      5  
   22    254    133     33      0      0      0    655      0      0      0  39092    643   1090     39   3791      0   1752      0  25656   5556      0  21829      0      0      0      0    619  15985   7513   6620      0      0      0      0   2101      0   1212  99756     52   4541  64456      2      0      8      0      8   1153      0      0      0    117      0      0      2   3729   1530      0      0      0  
  356   1882      0      0   1286      1      6      0   4389      0     14      0  16510      0    509   1366   3639   3324  25450      0      4    146      1      7   1852    135      5   4044    679  10070      0    259   4341      1     27      8      0      7      0      0     15      0      0      0  11847  11996   1034      1      0      1  28108     24    587      0      0   8681  58471      0      1  19207  
  240     44      2     22      0      0      0    420  19882   1057      0    270  93872    114      0  47416    292      0    385   1269      0      0  83280    731      0      0     15  77807  76407      0      1      0      0     12   1061      0      0  30191      0    117    219   7779      6      0   1108      0      0      0      0  32779  74873      1      0      0  28781  16804     27      0  24535   3355  
    5   2267      3  95011      0      0   8731    219  28967      0     46      0      0      0      0    103    817      0      0   2626      0      0    347      2     64   5114  90027      0   4083   2778  10258      9   9111      3      5  61730  14077   4060     78      1   9036   1355      0      0    362    279     57  13362      0   3184      0      1  11519      2      0      0      0      0      0      0  
  161      0     95    507     33  10180   3098      0   1454    502     32  19951   5060   5091      0   6640      1      0      2      0     56    623      0   3526      1      0   5847    756      0      1     25   1093      0  63045      0      0      0  54135      0      0      6  31526      0      0      0    126     12      1    332      0      0      0   1894      3      0    507   1157      0      3      0  
43399      3      0      2     25      0   3879   2325   1354      0  23198      0     13     36    811    230      0      0    333     45   1023      1     87      0      0      8   2367      2   3163      5    522      0     24     63      0    661      6      4     90      1    192      3      1      0  16206      0     65      0      1  28880     30    239      0   1216     14    763      0    519  85881  19047  
 2149  58874      1     66      1   2154      1      0   1894      0      0      0    529      1      0     49  35372     16   5527  83052      0  28990      0      0      0      0   8174      0      0     11    827    105      0      0      0      0     73      0   4630    251      1      0     94    305      1      0     26      0      0      2      0     33  34486      0     18  24304      0      0      6      9  
  208  73426      0    941      0   6058     30      0      0  52169      0     33      0      0     82      3      3      0    933     76      0  33344      0      0   1009      0      0  43790      0    682      0    190     10      0      0      4   1067    124   1737      6  48721      0      0   2544     50      8     21  34213      0     11      0      0  54040      0     22    447      0   1156   7281   7856  
    0     10      2      0      0      0   4293  20723  53754    440   1351    578      0    399    215      1   4543      8      3      0   2731      1      0     18  27524    526      0  35042      0      0      0   9803  15171      1   2167    152      3      0    610      2      6      0    210      0      0    454     22      0    758      0    185  73129      0      0     51      2      7   7070     16      2  
34683    520      3   2895     46     85      0      2  67790   7778     16    605   5081   1288      0    108  14926  35965      0   8044      0      0     18      7     22      0      0      0     17      9  33014      0  32229      8     51      4     16   1164     68      5      0   1747      0    562  99798      0    134      0      3      0      0      1      0      1   1191      0    487      0      2      0  
 5751   3215      0      0      0      0      0      0      0  76851  18438    226      0     14      0      0    148      0      0      1   1063      0   1563     58      3      0      0      0      0      0  31565      2      2    579   1322      0      0      0      0  13176      0      0      0    590    352   2621      0     35   2636      0      0     10      0      0      2     66  97979      0      0      0  
    8      0      0  29525      0     16      0      0      0      0    680      0      2      0    769     78    786      0      1  34422   6828      0      0  33507      0    338      0      4    226      0      0     20      5      0  26723      2      0  38376      0     50   1394      4    143    148      0  15895     46      0      4   2417   3341      0     31      8    693     22     46      0     17     40  
    0    676     82      0     15      7      0    943    436      0    213      0  20460      0      0      1   5350      0      0      0     10      0      0      0   1532      0  10293    709   7348      0      0     35      0      0    821      5      2    181      0  45838    169     21      6      0     11      0      0      2      0    203      0      0     19    489   3357      4      0   7222      0      0  
    0    123  36003      2    795      0    947      2      0      0    878   1461  38474      4    593      0      0     13    803     74  27286      0      0      0   1250      0      0      1      0      0      8      0      2      0    599     22   2501      0    419  25260   1993    699  86481      4    332      0   7980  45742    201      2    931  85586      0     13    672      4  60896   3637     97     17  
14010    790   1789      6  88636  22716      0      0      0  20979   1076      0  12449      0   4002      1      0    848      0     64      1      0      0      2  18684      3    961  32694      0   3708      0      0      0      0      0      5      0      0   1122   4274    351     58    367  28582     32  82597      2     71      0      0      0      1   1584     90      0  34179    258   7868  65949      0  
    0    231    144      0      2    422      5  66158    167    705      1    139  63101      0   4962   2291      0   2051      0    804      0      0      5      0      0      0      2  11177      0   6024   2889      0      2      0    281     79      0   2922      0      0   3711    223    717      2  28504    190     12  20635      0      0      0    574  51801    558      0     50      0    117      0      0  
    0      5    906      0  22084      0    462      0      0   2496     45      0     25     27   2933  40089     40      0      1      0      0      1      4      0      0    622   2605    440      0    200   1605   8031      0      0      0  18534  17499      0     48    296     18      0      0  22405      0      1      0      0    341     73      0  11571    194      0      0   7281  11580  25970      0   6310  
