160

  0   32    3   23   34    3   32   29   27  113  124  115  107  119  111  175  164  180  165  181  144  284  303  291  275  299  301  267  294  294  287   60   61   69   45   59   61   74   63   69   69   84  104  262  248  243  241  244  230  234  234  244  253  269  143  135  135  124  156  152  185  159  165  187  172  168  156  168  171  146  160  130  112  106  244  246  236  253  230  120  138  163  155  156  141  163  165  284  311  286  286  243  250  210  229  222  216  228  211  220  235   43   38  160  132  157  138  134  142  145  139  162  147  328  308  318  327  309  327  336  319  328  332  326  330  209  216  237  248  242  239  244  243  239  254  257  254  231  240  245  371  366  353  353  347  356  362  348  361  364  341  254  263  282  267  259  290  265  266  283  
 32    0   35   17   24   29   42   40   39  119  133  123  111  128  123  155  147  160  146  160  127  263  281  271  254  277  278  246  270  273  265   76   73   81   63   83   79   91   77   84   79   95  107  235  220  214  213  216  203  207  206  217  221  238  115  107  105   97  127  122  154  128  134  157  141  136  125  138  141  115  129  123  100  102  212  214  204  221  199  114  108  133  124  127  112  133  136  278  308  281  281  239  244  183  201  194  189  200  184  193  208   45   38  151  121  146  129  126  134  135  128  150  135  309  289  298  307  290  307  317  300  309  314  304  309  211  219  241  239  233  229  234  234  228  243  247  245  220  230  235  347  341  329  329  324  333  339  324  337  341  318  239  247  266  251  244  273  250  248  269  
  3   35    0   25   36    6   32   29   27  113  124  115  107  119  111  177  165  182  167  183  146  286  305  293  277  301  303  269  296  296  290   59   60   68   45   57   60   73   62   68   69   84  104  265  251  246  243  247  233  236  236  246  256  272  146  138  138  127  158  154  188  162  168  190  175  170  159  170  174  149  163  131  114  107  247  249  238  256  233  120  141  165  157  158  144  166  168  285  312  286  286  244  251  213  231  224  219  230  214  222  238   44   39  161  133  158  139  136  143  146  141  163  148  330  310  320  328  311  329  338  320  330  334  328  332  209  216  237  249  243  240  245  244  241  255  258  255  232  241  246  373  368  355  355  350  358  364  350  363  366  343  256  264  284  268  261  291  267  268  285  
 23   17   25    0   13   20   26   23   22  105  118  108   97  113  108  153  143  158  144  159  123  262  281  270  253  277  279  245  271  272  265   60   57   65   46   67   63   75   61   67   64   80   94  240  225  221  218  222  208  211  211  221  234  251  121  113  113  102  133  129  163  137  144  165  150  146  135  145  149  124  138  114   93   91  223  227  216  233  210  104  116  140  133  133  118  141  143  269  297  271  271  229  234  188  206  199  194  205  188  197  212   30   24  142  114  139  121  118  125  127  121  143  128  307  287  296  305  288  306  315  297  307  311  304  309  198  206  227  231  225  221  226  226  222  236  240  237  213  222  228  348  343  330  330  325  334  340  326  339  341  319  235  243  262  247  239  269  245  245  264  
 34   24   36   13    0   31   22   21   21   94  109   98   87  104   99  142  131  146  132  147  111  251  270  258  241  265  267  234  260  260  254   55   50   57   43   66   59   70   54   61   56   72   83  230  216  212  209  213  198  201  202  211  230  249  112  105  106   93  125  121  157  132  140  158  143  141  130  138  142  119  132  101   81   79  219  224  213  229  206   91  108  133  126  125  110  134  134  257  285  259  259  217  222  178  197  190  185  195  179  188  203   21   15  130  101  126  108  105  113  114  108  131  116  295  275  284  293  276  294  303  285  295  299  292  297  187  195  216  218  213  209  214  213  209  223  227  224  200  210  215  337  332  319  320  314  323  328  315  327  330  307  222  231  250  234  227  257  233  233  252  
  3   29    6   20   31    0   32   28   27  113  125  115  107  120  112  173  162  178  163  178  142  282  301  289  272  297  298  265  291  292  285   61   61   69   46   61   62   76   63   70   70   85  103  259  245  240  238  241  227  231  231  241  250  266  140  132  132  121  153  148  182  155  162  184  169  164  153  164  168  142  156  129  111  105  241  243  232  250  227  118  135  160  151  153  138  160  162  283  311  285  285  242  249  207  226  219  214  225  208  217  232   42   36  158  131  155  137  133  141  143  138  160  145  326  306  315  324  307  325  334  316  326  330  323  328  209  216  237  247  241  238  243  242  238  252  256  253  230  239  243  368  363  350  350  345  354  359  345  358  361  338  253  261  281  265  257  288  263  264  282  
 32   42   32   26   22   32    0    3    5   82   94   84   76   89   83  150  137  155  140  156  117  259  279  266  250  275  277  243  270  269  264   34   31   40   21   44   37   49   35   42   39   55   72  246  232  229  224  228  213  216  217  226  251  270  129  122  125  110  142  139  176  151  160  177  162  161  150  156  160  139  151   99   84   75  239  246  234  250  226   88  127  151  146  142  128  153  151  252  279  254  254  211  218  193  212  206  200  210  194  202  218   13   11  129  102  127  108  104  112  115  110  132  118  302  282  292  300  283  302  310  291  301  305  301  305  177  184  206  217  211  208  213  212  209  223  226  224  201  209  214  348  343  330  331  324  333  338  325  338  340  317  226  234  254  238  230  262  237  239  254  
 29   40   29   23   21   28    3    0    2   85   97   88   79   92   86  153  139  157  142  158  120  261  281  268  252  277  279  245  273  271  266   37   34   43   23   45   40   52   38   44   42   58   75  247  234  230  226  229  214  217  218  227  251  270  130  123  125  111  143  140  177  152  160  178  163  161  150  156  161  139  151  102   86   78  239  245  234  250  226   92  127  151  146  143  128  153  152  256  283  257  257  214  221  194  213  207  201  212  196  204  219   15   13  132  105  130  111  107  115  118  113  135  121  304  284  294  303  286  304  312  294  303  308  303  307  181  188  209  220  214  211  217  215  212  226  229  227  204  212  217  350  345  332  333  326  335  340  327  340  342  320  229  237  257  241  233  265  239  242  257  
 27   39   27   22   21   27    5    2    0   87   99   89   81   94   87  154  141  158  144  160  121  263  282  270  253  279  280  246  274  273  267   38   36   44   24   46   41   53   39   46   44   59   77  248  234  231  226  230  215  218  219  228  251  270  131  124  126  112  144  141  177  152  160  178  163  162  151  157  161  139  152  103   88   80  240  245  234  250  226   93  128  152  146  144  129  154  153  257  285  259  259  216  223  195  214  208  202  213  197  205  220   17   14  134  107  131  112  108  116  119  114  136  122  306  286  295  304  287  305  314  296  305  309  305  309  182  189  211  222  216  213  218  217  214  228  231  228  206  214  218  351  347  334  334  327  336  342  328  341  343  321  230  239  258  242  234  266  241  243  259  
113  119  113  105   94  113   82   85   87    0   18    7    9   15   24  125  104  127  114  130   93  221  242  225  212  241  242  208  239  231  230   58   54   46   70   77   61   50   53   50   45   33   13  238  229  229  220  224  205  205  213  216  282  307  145  142  150  131  157  158  198  180  192  195  184  190  182  172  178  170  176   47   62   37  265  281  268  277  254   42  151  168  171  156  145  172  164  178  202  178  178  135  145  187  206  205  197  204  191  196  211   75   81   73   63   76   61   55   59   67   68   82   77  255  237  248  256  239  260  262  244  253  256  261  264   96  103  124  149  143  143  149  144  146  158  160  157  139  145  147  313  313  299  301  289  299  301  292  303  303  283  173  181  201  185  176  211  183  195  196  
124  133  124  118  109  125   94   97   99   18    0   12   28    5   16  141  118  142  129  145  110  232  253  236  223  252  253  220  251  242  242   65   64   55   79   80   67   54   62   57   55   40   30  254  245  246  236  240  221  221  230  232  300  325  163  160  169  149  175  177  216  198  210  214  202  209  200  190  196  189  194   62   80   55  283  299  287  295  272   58  170  186  189  174  164  190  182  177  198  176  175  133  145  204  223  222  214  221  208  212  227   88   95   84   79   88   75   69   72   81   83   94   91  263  247  257  265  249  269  270  252  261  264  271  274   90   95  115  152  146  148  154  148  151  162  164  161  145  150  150  324  324  311  312  300  310  312  304  314  314  294  182  189  208  193  183  219  190  205  202  
115  123  115  108   98  115   84   88   89    7   12    0   16    7   17  132  111  134  121  138  101  227  248  231  218  247  248  214  245  237  237   58   55   47   71   75   60   49   54   50   46   32   19  245  236  237  227  231  212  213  221  224  289  314  153  149  158  138  165  166  205  187  199  203  191  198  189  179  185  177  183   54   70   44  273  288  275  284  262   49  158  175  178  164  153  180  171  180  203  179  179  136  147  195  214  212  204  212  199  203  218   78   84   78   70   82   68   62   65   74   75   88   84  260  243  253  261  245  265  267  249  258  261  267  270   96  102  122  153  146  147  153  148  150  161  164  161  144  149  150  319  319  305  307  295  305  307  299  309  309  289  179  186  206  190  181  216  188  200  200  
107  111  107   97   87  107   76   79   81    9   28   16    0   24   30  119   98  121  108  124   86  217  238  222  208  236  238  203  234  227  226   55   49   42   66   75   58   49   50   47   40   31    4  231  222  222  213  216  198  199  206  209  273  298  137  133  141  122  149  150  189  171  183  187  175  181  173  163  169  161  167   42   54   28  256  272  259  268  245   35  142  159  162  148  137  163  155  181  206  181  181  138  147  180  199  197  190  197  184  188  204   67   74   70   57   72   56   50   55   63   62   78   72  252  234  245  253  236  256  260  241  250  254  258  261  102  109  130  150  144  143  149  145  146  158  161  158  139  145  147  309  308  294  296  285  295  298  288  299  300  279  171  179  199  183  174  209  181  192  195  
119  128  119  113  104  120   89   92   94   15    5    7   24    0   13  139  117  141  128  144  108  232  253  236  223  252  253  219  251  242  242   61   59   50   74   76   62   50   57   52   50   35   26  252  243  244  234  238  219  219  228  230  297  321  160  157  165  145  172  173  213  195  207  210  198  205  196  186  193  185  191   60   77   51  280  295  283  292  269   56  166  183  186  171  160  187  178  180  202  179  179  136  148  201  221  219  211  219  206  210  225   83   90   84   77   88   74   68   71   80   81   94   90  264  247  258  265  249  270  271  253  262  265  272  274   94   99  119  155  149  150  156  150  153  164  166  163  147  152  152  324  324  310  312  300  310  312  304  314  314  294  183  190  210  194  184  220  191  205  203  
111  123  111  108   99  112   83   86   87   24   16   17   30   13    0  149  127  151  138  154  117  244  265  248  235  264  265  231  262  254  254   52   51   43   66   65   52   39   49   43   44   28   31  261  252  252  243  246  228  229  236  240  301  325  165  161  169  150  178  178  218  199  210  216  203  209  200  192  198  188  195   70   84   58  285  299  287  297  274   65  170  188  190  177  165  192  184  193  214  192  191  149  161  210  229  228  220  227  214  219  234   78   85   95   86   99   84   78   82   91   91  105  101  277  260  270  278  262  282  284  266  275  278  284  287  106  110  130  168  162  163  169  163  166  177  179  176  160  165  166  336  336  322  324  312  322  324  316  326  326  306  195  203  222  207  197  233  204  217  217  
175  155  177  153  142  173  150  153  154  125  141  132  119  139  149    0   23    6   11    6   34  109  128  116  100  125  126   93  120  119  113  155  146  145  158  179  161  160  150  153  141  143  119  113  107  109   97  101   81   81   91   92  186  214   69   74   85   74   71   78  104  103  115   98   94  110  108   80   86  102   95   79   71   93  164  189  177  177  157   84   83   79   93   69   72   85   70  158  192  164  166  136  129   66   84   85   77   82   72   73   87  138  140   64   62   56   65   71   69   60   58   52   49  154  134  143  152  135  152  162  145  154  159  151  155  141  153  171  111  109   99  101  107   95  110  115  113   87   98  108  197  194  181  182  174  183  188  175  187  190  167   89   97  115  100   96  119  100   93  121  
164  147  165  143  131  162  137  139  141  104  118  111   98  117  127   23    0   24   13   27   20  123  144  130  114  141  143  108  138  134  130  138  129  127  141  161  144  141  133  135  123  124   98  136  130  132  120  124  104  104  114  115  205  233   79   83   94   79   85   90  121  116  129  116  110  124  121   96  102  113  109   57   54   73  184  208  195  197  176   63   93   94  106   83   82  100   86  148  181  153  155  121  116   89  107  108  100  105   94   96  110  124  127   42   41   34   43   49   47   37   36   30   27  165  145  155  164  147  165  173  155  164  169  165  169  120  133  152  102   99   91   94   98   88  103  108  106   79   90   99  214  212  198  200  190  200  204  192  204  205  184   92  101  120  104   97  126  103  103  123  
180  160  182  158  146  178  155  157  158  127  142  134  121  141  151    6   24    0   15    4   38  104  124  111   95  120  122   88  116  114  109  159  150  148  162  183  165  163  154  156  144  146  121  113  107  110   97  101   81   81   92   91  189  218   74   80   91   79   76   83  108  108  120  102   99  115  113   84   90  107  100   81   74   96  167  193  180  180  161   86   89   84   98   74   77   90   74  153  187  159  161  132  124   67   84   87   78   82   73   74   87  142  145   64   65   56   67   73   70   61   60   51   51  149  129  138  147  130  147  157  140  149  154  146  150  139  151  168  107  104   94   96  103   90  105  110  108   82   93  103  193  190  177  178  169  179  183  171  183  185  163   84   92  109   95   90  114   95   88  116  
165  146  167  144  132  163  140  142  144  114  129  121  108  128  138   11   13   15    0   17   23  119  139  126  110  135  137  103  131  129  124  144  135  134  147  168  150  148  139  142  130  132  108  124  117  119  107  111   92   92  102  103  192  220   69   73   84   70   73   79  109  105  117  103   98  112  110   83   90  102   97   68   60   82  171  195  182  184  163   72   83   82   95   71   71   88   73  157  191  163  165  133  127   76   94   95   87   92   81   83   98  127  130   55   51   47   54   60   59   49   47   43   38  163  143  152  161  144  162  171  154  163  168  161  165  134  146  165  111  108   99  102  107   96  111  116  114   87   99  107  208  205  192  193  184  194  198  186  198  200  178   95  103  121  106  101  127  106  101  126  
181  160  183  159  147  178  156  158  160  130  145  138  124  144  154    6   27    4   17    0   40  103  123  111   94  119  121   87  115  113  107  161  152  151  163  185  167  165  156  159  147  149  124  109  103  106   93   97   77   77   88   87  185  214   72   78   88   78   73   80  104  105  117   98   95  111  110   81   87  104   97   84   77   99  163  189  176  176  157   89   86   81   95   71   75   87   71  156  190  163  165  136  128   63   80   82   74   78   69   70   83  144  146   68   68   60   70   76   74   64   63   55   54  149  128  137  146  129  146  157  140  149  154  145  150  143  155  173  110  107   98   99  106   93  108  113  111   85   97  106  192  188  175  176  168  177  182  169  182  184  161   85   93  110   96   92  114   96   88  117  
144  127  146  123  111  142  117  120  121   93  110  101   86  108  117   34   20   38   23   40    0  142  162  148  132  158  160  126  154  152  147  121  112  111  124  145  127  125  116  119  107  109   86  145  136  136  126  130  111  112  120  123  201  228   68   69   81   63   76   80  115  106  119  111  103  115  110   89   95  101   99   49   37   60  181  202  189  193  172   52   80   86   96   74   70   92   79  164  197  169  171  135  132   94  113  112  104  111   98  102  117  105  108   46   31   37   37   42   43   34   29   37   24  185  165  174  183  166  184  193  175  184  189  183  188  127  139  159  120  116  109  112  115  107  122  126  124   98  109  116  231  228  215  216  207  217  221  209  221  223  201  112  121  140  124  118  146  123  122  143  
284  263  286  262  251  282  259  261  263  221  232  227  217  232  244  109  123  104  119  103  142    0   22    9    9   23   23   18   28   11   18  261  252  250  265  284  267  263  256  257  246  245  218   94  105  115  100  100   92   86  102   87  216  245  161  169  177  173  155  162  164  180  188  157  164  182  186  154  157  186  172  175  177  195  194  226  216  204  194  183  174  157  173  154  164  161  148  146  175  155  158  157  138  102   98  110  106   97  107   97   94  246  249  148  163  145  162  168  162  154  156  139  147   50   30   36   45   29   43   58   44   51   58   42   46  190  201  209  114  117  107  103  115  100  103  106  107  100  105  113   92   93   80   82   68   79   81   73   83   83   62   61   58   52   56   64   43   59   31   71  
303  281  305  281  270  301  279  281  282  242  253  248  238  253  265  128  144  124  139  123  162   22    0   20   30    8    6   36   19   11   18  281  272  270  285  305  287  284  276  278  266  266  239   94  107  118  105  104   99   94  108   92  218  246  175  184  191  189  169  176  174  191  199  167  175  192  198  166  169  198  184  196  197  216  196  229  220  205  198  204  188  169  186  167  179  174  161  162  189  171  175  176  157  113  105  117  115  105  117  107  100  266  268  170  184  166  183  189  183  176  177  160  168   44   29   29   36   27   29   50   43   46   53   24   30  211  221  229  133  137  127  122  134  120  122  125  126  121  125  132   71   72   58   61   47   57   60   51   61   62   41   81   77   67   75   84   57   78   51   86  
291  271  293  270  258  289  266  268  270  225  236  231  222  236  248  116  130  111  126  111  148    9   20    0   18   24   24   27   32   10   24  267  258  255  271  290  273  268  262  263  251  250  223  102  113  124  109  109  101   95  111   96  225  253  169  177  185  182  164  171  173  189  197  166  173  191  195  163  166  195  181  180  183  201  202  235  225  212  203  189  183  166  182  162  173  170  157  142  171  152  155  156  137  111  107  119  115  106  116  106  103  253  256  153  169  150  167  173  167  160  162  143  152   41   20   27   36   20   36   49   35   42   49   36   39  191  201  209  113  117  107  102  114  100  102  105  106  101  105  112   88   91   77   80   65   75   76   70   79   78   59   61   57   48   55   63   38   58   32   67  
275  254  277  253  241  272  250  252  253  212  223  218  208  223  235  100  114   95  110   94  132    9   30   18    0   29   30   10   31   20   21  252  243  240  256  275  258  254  247  248  237  236  209   90  100  110   95   95   85   80   96   81  211  240  152  160  168  164  146  153  157  171  180  150  156  173  178  145  149  177  164  166  168  186  188  221  211  199  188  174  165  148  165  145  155  153  139  144  174  154  157  153  135   94   92  103   99   90   99   90   88  237  240  140  154  136  153  159  153  146  147  130  138   59   38   45   54   38   53   67   52   60   66   51   56  184  195  204  110  113  103   99  111   96  100  103  104   95  100  109  101  101   87   90   77   87   90   81   91   92   70   56   55   52   54   61   45   57   26   71  
299  277  301  277  265  297  275  277  279  241  252  247  236  252  264  125  141  120  135  119  158   23    8   24   29    0    2   33   11   14   12  279  270  268  282  302  285  281  274  276  264  264  237   86   99  110   97   96   92   86  100   84  210  238  170  178  185  184  162  170  166  185  192  159  168  185  191  159  162  192  177  195  194  214  188  221  212  197  190  202  182  163  179  161  173  167  154  166  195  176  179  179  161  106   98  110  108   97  110   99   92  262  265  169  182  165  181  187  182  174  175  158  166   52   36   37   44   35   36   58   51   54   61   30   37  213  223  232  137  140  130  125  137  123  126  129  130  123  128  135   73   72   58   60   49   59   63   52   63   65   42   83   80   72   78   87   62   81   53   91  
301  278  303  279  267  298  277  279  280  242  253  248  238  253  265  126  143  122  137  121  160   23    6   24   30    2    0   34   13   14   14  280  271  269  284  304  286  283  275  277  265  265  238   88  101  112   99   98   94   88  102   86  212  240  172  180  187  186  164  172  169  187  194  162  170  187  193  161  164  194  179  196  196  215  190  223  214  199  192  204  184  165  181  163  175  169  156  166  194  176  179  179  160  108  100  112  110   99  112  102   94  264  266  170  183  166  182  188  183  175  176  160  167   50   35   35   42   33   34   56   49   53   59   28   35  213  224  232  137  140  130  125  137  123  126  128  129  123  128  135   72   71   57   60   47   57   61   51   62   63   41   83   80   71   78   87   61   81   53   90  
267  246  269  245  234  265  243  245  246  208  220  214  203  219  231   93  108   88  103   87  126   18   36   27   10   33   34    0   32   27   23  246  237  235  249  269  252  248  241  243  231  231  204   82   91  101   86   86   76   70   87   72  202  231  143  151  159  155  137  144  147  162  171  140  146  164  168  136  139  168  154  162  162  181  179  212  201  190  179  169  156  139  155  136  146  144  130  149  180  158  161  155  137   85   82   94   90   81   90   81   78  230  233  136  149  132  148  154  149  141  142  126  133   68   47   54   63   47   61   76   62   69   75   59   63  184  195  206  113  115  105  101  113   97  103  107  107   96  102  111  106  105   91   93   82   92   96   85   96   97   75   59   59   59   58   64   53   61   31   77  
294  270  296  271  260  291  270  273  274  239  251  245  234  251  262  120  138  116  131  115  154   28   19   32   31   11   13   32    0   22   10  275  266  265  278  299  281  279  270  273  261  261  235   75   89   99   86   85   82   76   90   74  199  227  162  170  177  177  154  161  157  175  182  150  159  176  182  151  153  183  168  193  191  211  177  210  201  186  179  200  174  154  170  153  165  158  146  173  203  183  186  184  166   97   88  100   98   87  100   90   82  258  260  168  179  163  179  185  180  172  173  157  163   63   47   48   54   45   47   69   61   65   72   40   47  216  226  236  142  144  134  130  142  127  131  134  135  126  132  140   77   74   60   62   54   63   69   55   67   70   47   87   85   79   84   92   70   87   57   98  
294  273  296  272  260  292  269  271  273  231  242  237  227  242  254  119  134  114  129  113  152   11   11   10   20   14   14   27   22    0   16  271  262  260  275  295  277  273  266  268  256  256  228   94  107  117  103  103   96   90  106   90  218  246  169  177  185  182  162  170  170  186  194  163  170  188  193  161  163  193  179  186  187  206  196  229  219  205  197  194  182  164  180  161  172  168  155  152  181  162  165  166  147  108  102  114  111  101  112  102   97  256  259  159  173  155  172  178  173  165  167  149  157   45   26   30   38   25   34   52   41   47   53   32   37  200  210  219  123  126  117  112  124  110  112  115  116  110  114  122   82   83   69   72   58   68   70   62   72   72   51   70   67   58   65   73   48   68   40   77  
287  265  290  265  254  285  264  266  267  230  242  237  226  242  254  113  130  109  124  107  147   18   18   24   21   12   14   23   10   16    0  268  258  257  271  291  274  270  263  265  253  253  227   79   91  102   88   88   82   76   91   75  203  231  158  166  174  172  151  158  156  174  181  149  157  174  180  148  151  181  166  184  183  203  180  213  204  190  182  192  171  152  168  150  161  156  143  164  193  174  177  174  156   95   88  100   98   87   99   89   83  251  253  159  171  154  170  176  172  163  164  148  155   60   42   44   52   40   47   66   57   62   68   41   48  206  216  226  132  134  124  120  132  117  121  124  125  116  122  130   84   82   69   70   60   70   75   62   74   76   54   77   75   70   74   82   61   77   47   89  
 60   76   59   60   55   61   34   37   38   58   65   58   55   61   52  155  138  159  144  161  121  261  281  267  252  279  280  246  275  271  268    0   10   12   15   24    6   15    5    9   16   26   51  260  248  246  239  243  226  228  232  239  278  299  149  143  148  131  162  161  199  176  186  199  185  186  176  176  181  164  174   89   85   66  264  273  262  275  252   79  149  172  169  162  148  174  171  235  260  236  235  192  202  207  226  222  215  224  209  216  232   35   40  120   98  120  101   96  103  108  105  126  115  300  281  291  300  283  302  308  289  299  302  303  306  154  159  180  204  198  197  202  199  199  211  214  211  191  198  201  352  349  336  337  328  337  341  330  342  343  321  221  229  249  233  224  258  231  238  247  
 61   73   60   57   50   61   31   34   36   54   64   55   49   59   51  146  129  150  135  152  112  252  272  258  243  270  271  237  266  262  258   10    0    8   17   33   16   21    6   12    9   24   46  250  238  236  230  234  216  219  223  229  270  291  140  134  139  122  153  152  190  168  178  190  176  178  167  167  172  156  166   81   75   58  256  265  254  267  244   71  141  162  160  152  139  165  161  230  255  230  230  187  196  197  217  212  205  215  200  206  222   29   35  112   90  112   93   88   95  100   97  117  106  291  272  282  291  274  293  299  281  290  294  294  297  150  156  177  197  191  190  195  192  191  204  207  204  184  191  194  343  340  326  328  319  328  332  321  333  334  312  213  221  241  225  216  250  223  229  239  
 69   81   68   65   57   69   40   43   44   46   55   47   42   50   43  145  127  148  134  151  111  250  270  255  240  268  269  235  265  260  257   12    8    0   24   35   17   16    7    8    4   15   39  251  240  238  231  235  217  219  224  230  274  296  143  137  143  125  156  155  194  172  182  193  179  182  172  170  175  160  169   77   74   55  260  270  258  271  248   67  144  166  164  155  142  169  164  223  248  223  223  180  189  198  218  214  207  216  201  207  223   37   43  107   87  108   89   84   91   97   94  114  103  288  269  280  288  271  291  296  278  287  291  291  295  142  148  169  191  185  184  190  187  186  199  202  199  179  186  189  341  339  325  326  317  327  330  319  331  332  310  209  217  237  221  212  246  219  226  234  
 45   63   45   46   43   46   21   23   24   70   79   71   66   74   66  158  141  162  147  163  124  265  285  271  256  282  284  249  278  275  271   15   17   24    0   25   17   29   18   23   26   39   62  258  246  243  237  241  225  227  230  238  270  290  145  138  142  126  158  156  194  169  179  194  179  179  169  171  176  157  168   97   88   73  258  265  254  268  245   87  144  167  163  157  143  169  167  246  272  247  247  204  212  205  225  220  213  223  207  215  230   26   30  127  104  127  108  103  110  115  111  132  120  305  286  296  305  288  307  313  295  304  308  307  310  167  173  193  213  207  206  211  208  207  220  223  221  199  207  210  355  352  338  339  331  340  345  333  345  347  324  227  236  256  240  231  264  238  243  254  
 59   83   57   67   66   61   44   45   46   77   80   75   75   76   65  179  161  183  168  185  145  284  305  290  275  302  304  269  299  295  291   24   33   35   25    0   18   26   29   28   39   44   72  282  270  267  261  265  248  251  254  262  295  315  170  163  167  151  183  181  219  195  204  219  204  204  194  196  201  182  193  112  108   90  283  290  279  293  270  103  169  192  188  182  168  194  191  255  278  254  254  211  222  229  248  244  237  247  231  238  254   52   54  142  122  143  124  119  126  132  129  149  138  323  305  315  323  306  326  331  313  322  326  326  330  170  175  194  225  219  218  224  220  221  233  236  233  213  220  222  375  373  359  360  351  361  365  354  365  367  345  244  252  272  256  247  281  254  262  269  
 61   79   60   63   59   62   37   40   41   61   67   60   58   62   52  161  144  165  150  167  127  267  287  273  258  285  286  252  281  277  274    6   16   17   17   18    0   14   11   11   21   28   55  266  254  252  245  249  232  234  238  245  283  304  155  149  153  137  168  167  205  182  192  205  191  192  182  182  187  170  180   94   91   72  270  279  267  281  258   85  155  178  175  168  154  180  177  239  263  239  239  195  205  213  232  228  221  231  215  222  238   40   45  125  104  125  107  101  108  114  111  131  120  306  287  297  305  288  308  313  295  304  308  308  312  156  161  182  208  202  201  207  203  203  216  219  216  196  203  205  358  355  342  343  334  343  347  336  348  349  327  226  234  254  238  229  263  236  244  252  
 74   91   73   75   70   76   49   52   53   50   54   49   49   50   39  160  141  163  148  165  125  263  284  268  254  281  283  248  279  273  270   15   21   16   29   26   14    0   16    9   20   18   47  267  255  254  247  250  233  235  240  246  290  311  159  153  159  141  172  171  210  188  198  210  196  198  188  186  192  176  186   88   89   68  276  286  274  287  264   80  161  182  180  171  158  185  180  228  252  228  228  185  195  214  233  230  223  232  217  223  239   50   55  118  100  120  101   96  102  109  106  125  116  300  282  292  300  284  303  308  289  299  302  304  307  144  149  169  199  193  193  199  194  195  207  210  207  188  194  197  354  353  339  340  330  340  344  333  344  345  324  220  228  248  232  223  257  230  239  244  
 63   77   62   61   54   63   35   38   39   53   62   54   50   57   49  150  133  154  139  156  116  256  276  262  247  274  275  241  270  266  263    5    6    7   18   29   11   16    0    7   10   22   46  255  243  241  235  239  221  224  228  234  275  296  145  139  144  127  158  157  196  173  183  196  181  183  173  172  178  161  171   84   80   61  262  271  259  273  249   74  146  168  166  158  144  171  167  230  255  231  230  187  197  202  222  217  211  220  205  211  227   34   40  114   93  115   96   91   97  103  100  120  109  295  276  286  294  278  297  302  284  293  297  297  301  149  155  176  199  193  191  197  194  193  206  209  206  186  193  196  347  344  331  332  323  332  336  325  337  338  316  216  224  244  228  219  253  226  233  241  
 69   84   68   67   61   70   42   44   46   50   57   50   47   52   43  153  135  156  142  159  119  257  278  263  248  276  277  243  273  268  265    9   12    8   23   28   11    9    7    0   12   17   45  259  248  246  239  243  225  227  232  238  281  303  151  145  150  133  164  162  202  179  189  201  187  189  179  178  183  167  177   84   82   62  267  277  265  278  255   75  152  173  172  163  150  176  172  228  252  228  228  185  194  206  226  222  215  224  209  215  231   41   47  114   94  115   96   91   98  104  101  121  111  296  277  287  296  279  298  303  285  294  298  299  302  146  151  171  197  191  190  196  192  193  205  208  205  185  192  195  349  346  333  334  325  334  338  327  339  340  318  216  224  244  228  219  253  226  234  241  
 69   79   69   64   56   70   39   42   44   45   55   46   40   50   44  141  123  144  130  147  107  246  266  251  237  264  265  231  261  256  253   16    9    4   26   39   21   20   10   12    0   16   37  247  235  234  227  231  213  215  220  226  271  292  139  133  139  121  152  151  190  168  178  189  176  178  168  166  172  156  166   73   70   51  256  267  255  267  244   64  141  162  160  151  138  165  160  221  246  221  221  178  187  194  213  210  203  212  197  203  219   35   41  104   83  104   85   80   87   93   90  110   99  284  266  276  284  267  287  292  274  283  287  287  291  141  147  168  188  183  181  187  184  183  196  199  196  175  183  186  337  335  321  322  313  323  326  315  327  328  306  205  214  233  217  209  242  215  223  231  
 84   95   84   80   72   85   55   58   59   33   40   32   31   35   28  143  124  146  132  149  109  245  266  250  236  264  265  231  261  256  253   26   24   15   39   44   28   18   22   17   16    0   29  252  242  240  233  236  218  220  226  231  282  305  148  143  150  131  161  161  200  179  190  199  186  190  180  175  181  168  176   70   73   50  267  279  267  278  255   62  151  171  171  160  148  175  169  211  235  211  210  167  178  200  219  216  209  217  203  209  224   51   57  100   83  101   83   78   84   91   89  107   99  282  264  274  282  266  286  289  271  280  284  286  290  128  134  154  181  175  175  180  176  177  189  192  189  170  176  178  337  335  322  323  313  323  326  316  327  328  306  202  210  230  213  204  239  211  221  226  
104  107  104   94   83  103   72   75   77   13   30   19    4   26   31  119   98  121  108  124   86  218  239  223  209  237  238  204  235  228  227   51   46   39   62   72   55   47   46   45   37   29    0  230  221  221  212  216  197  198  205  209  271  295  134  131  139  119  147  147  187  169  180  185  173  179  170  161  167  159  165   43   53   27  254  269  257  266  243   35  140  157  160  146  134  161  153  184  209  185  184  141  150  179  198  196  189  196  183  188  203   63   70   71   57   73   56   50   56   63   62   79   72  254  236  246  254  238  258  261  243  252  255  259  262  106  113  134  153  147  146  152  148  148  161  163  160  141  147  150  310  309  295  297  286  296  299  289  300  301  279  173  181  201  185  176  211  183  193  197  
262  235  265  240  230  259  246  247  248  238  254  245  231  252  261  113  136  113  124  109  145   94   94  102   90   86   88   82   75   94   79  260  250  251  258  282  266  267  255  259  247  252  230    0   17   27   22   19   34   32   29   22  124  152  120  128  131  138  108  113   94  118  121   88  101  115  124   99   98  129  113  192  179  204  102  136  127  111  105  196  128  103  117  108  122  105   98  227  260  236  239  225  210   53   34   41   46   35   51   44   28  234  234  176  175  169  179  184  183  173  171  164  163  138  120  122  129  119  121  144  135  140  147  113  120  245  257  271  187  187  176  174  185  169  179  183  183  165  174  184  131  119  110  108  114  118  129  109  123  130  109  136  138  141  139  143  135  141  112  159  
248  220  251  225  216  245  232  234  234  229  245  236  222  243  252  107  130  107  117  103  136  105  107  113  100   99  101   91   89  107   91  248  238  240  246  270  254  255  243  248  235  242  221   17    0   11   10    6   26   28   16   20  112  140  105  113  115  124   93   98   77  101  104   71   84   98  107   83   81  112   96  184  169  194   89  122  113   99   91  187  112   87  100   92  107   89   83  232  265  241  243  226  212   42   23   26   33   25   39   34   20  221  221  171  167  163  171  177  176  166  163  158  155  151  133  136  143  131  135  157  148  153  160  128  135  242  255  270  189  190  178  177  187  172  182  187  186  167  176  186  148  137  127  125  131  135  146  126  140  147  126  141  144  149  145  148  145  147  119  166  
243  214  246  221  212  240  229  230  231  229  246  237  222  244  252  109  132  110  119  106  136  115  118  124  110  110  112  101   99  117  102  246  236  238  243  267  252  254  241  246  234  240  221   27   11    0   16   15   31   34   19   29  101  130  100  108  109  119   88   92   68   94   95   63   77   89   99   76   74  105   89  185  168  194   79  111  102   89   80  188  106   81   93   88  102   82   78  239  273  248  251  232  219   43   26   24   32   28   38   36   26  218  217  173  168  165  173  178  177  168  165  161  157  162  143  146  154  142  146  168  158  164  170  139  146  247  259  275  197  196  185  184  194  179  190  194  194  174  183  193  158  146  137  135  141  145  156  137  150  157  136  150  153  159  154  156  155  156  128  175  
241  213  243  218  209  238  224  226  226  220  236  227  213  234  243   97  120   97  107   93  126  100  105  109   95   97   99   86   86  103   88  239  230  231  237  261  245  247  235  239  227  233  212   22   10   16    0    4   16   19    7   13  117  146   98  106  109  116   86   91   74   97  101   68   80   95  103   77   76  108   92  174  160  185   94  126  116  104   94  178  106   81   95   86  100   83   76  224  257  232  235  217  204   33   13   19   24   15   30   24   10  213  213  161  157  153  162  167  166  157  154  149  146  148  129  132  140  128  133  154  144  150  156  126  133  233  245  261  181  181  170  168  179  163  174  178  178  158  168  178  150  139  129  127  131  136  146  127  141  148  126  134  137  143  138  140  139  140  113  159  
244  216  247  222  213  241  228  229  230  224  240  231  216  238  246  101  124  101  111   97  130  100  104  109   95   96   98   86   85  103   88  243  234  235  241  265  249  250  239  243  231  236  216   19    6   15    4    0   20   22   11   14  116  145  101  110  112  120   89   95   76  100  104   70   83   97  106   80   79  111   95  178  164  189   93  126  116  104   94  182  109   85   98   89  104   86   80  226  259  234  237  220  206   37   17   23   28   19   34   28   14  217  217  165  161  157  165  171  170  160  158  152  150  147  129  132  139  127  132  154  144  149  156  125  132  236  248  264  183  183  172  171  181  166  176  181  180  161  170  180  147  136  127  125  129  134  144  125  139  146  124  135  139  144  140  142  140  142  114  161  
230  203  233  208  198  227  213  214  215  205  221  212  198  219  228   81  104   81   92   77  111   92   99  101   85   92   94   76   82   96   82  226  216  217  225  248  232  233  221  225  213  218  197   34   26   31   16   20    0    6   13   13  128  157   89   97  101  106   78   84   74   94  100   68   77   94  101   71   72  103   88  159  145  170  105  137  126  116  104  163   98   75   91   77   91   78   69  209  243  218  220  201  188   20    6   18   16    5   20   10    6  201  201  145  142  137  146  152  150  141  138  132  130  141  121  126  134  121  128  148  136  143  149  122  129  216  229  244  166  165  154  153  163  148  159  164  163  142  153  163  151  142  131  130  131  137  147  129  142  148  125  120  124  131  125  127  128  127  101  147  
