180

  0   18   11    8   52   37   40   48   38   29   36    5   15   33   23  155  167  170  151  158  185  157  182  176  250  244  274  229  243  276  275  244  229  258  252  239  229  208  207  211  232  221  236  200  140  140  138  147  136  127  134  136  224  231  248  224  192  172  197  186  166  199  165  171  176  167  207  152  183  174  173  180  189  158  169   98   64  108  106   87   95   77   80   87   95   94   87   85   98   69   96  200  206  206  223  215  272  257  276  236  233  314  295  310  273   70   88   29   53   54   39   63   64   63   75   46   33   62   71   68   68   52  246  233  249  262  273  269  259  275  242  268  229  233  190  228  232  205  194  111  107   95  145   42   53   53  171  166  184  196  167  199  161  171  190  167  192  172   25   52    5   19   50   30   27   11   19   31   14   32   42   36   15  183  262  270  232  238  235  264  
 18    0   12   25   34   20   25   30   28   13   22   14    3   25    7  138  149  152  134  140  167  140  165  159  233  228  258  213  226  259  259  228  213  242  236  224  215  194  194  198  219  207  223  186  124  124  123  131  120  111  119  119  207  214  232  207  183  165  186  175  160  189  156  165  166  159  199  142  174  167  157  163  173  142  153   80   47   91   89   70   78   61   62   70   78   77   69   67   80   52   79  185  190  190  207  199  254  240  258  218  216  297  277  292  255   61   81   19   49   47   43   63   63   56   72   54   23   63   68   68   62   57  229  216  232  245  256  252  242  258  225  250  212  216  177  216  219  193  182   97   91   82  130   59   70   71  159  157  174  187  156  189  150  160  181  158  180  162   39   58   22   14   56   42   28   29   21   38   30   21   44   48   12  165  246  254  217  223  219  249  
 11   12    0   16   43   30   37   41   27   25   26    6    9   35   14  147  158  161  145  150  176  148  174  168  244  240  269  224  237  270  270  239  225  254  248  228  218  196  196  200  221  210  225  189  136  135  134  142  132  123  131  130  218  224  243  218  194  175  197  186  170  200  167  175  177  170  210  153  185  177  169  174  184  153  164   88   54   99   97   80   88   67   71   77   86   85   78   77   88   61   87  189  195  195  212  204  264  250  268  228  225  305  286  301  264   59   77   18   43   43   33   55   55   52   66   43   21   55   62   60   58   47  237  224  239  252  263  260  249  266  232  258  220  224  189  227  231  205  193  108  103   94  142   53   63   62  160  155  173  185  155  188  150  160  179  156  181  161   27   47   13    8   45   30   18   19   11   27   20   21   35   36    3  175  251  259  222  227  225  253  
  8   25   16    0   59   45   48   55   42   36   42   11   22   40   29  163  174  177  159  165  192  164  189  183  258  252  282  237  251  283  283  252  237  266  260  243  233  211  210  214  235  225  239  204  148  148  146  155  144  135  141  144  232  239  256  232  199  178  204  193  172  206  171  177  183  174  213  159  190  181  181  188  197  165  177  104   70  115  113   95  103   83   87   93  102  101   94   92  104   76  103  204  211  211  228  219  279  265  283  243  240  321  302  316  280   73   89   34   52   55   35   61   63   63   74   42   36   59   71   65   69   49  253  240  255  268  279  276  265  282  248  274  236  240  198  235  240  213  202  119  115  103  153   37   46   46  174  167  186  197  169  201  163  174  192  168  194  174   18   47    4   23   46   23   27    4   20   26    6   36   41   30   19  190  266  275  237  242  241  268  
 52   34   43   59    0   15   24    7   32   27   23   47   37   41   29  104  115  118  102  107  133  106  131  125  203  200  227  184  195  228  228  198  185  214  208  196  187  168  169  172  194  179  197  159   98   95   96  104   93   86   96   88  176  181  202  176  172  160  171  161  156  177  148  162  154  151  190  131  164  159  129  131  143  114  123   47   18   58   55   38   45   30   29   38   44   43   35   35   47   18   45  155  159  160  177  169  220  206  224  185  182  263  243  258  221   52   73   32   57   49   64   74   70   56   75   77   33   75   71   79   61   75  196  182  198  211  222  218  209  224  191  217  178  182  157  198  200  175  163   75   66   67  108   93  105  105  136  141  156  171  137  169  131  138  164  144  159  143   70   78   55   39   76   71   49   62   47   63   63   32   60   75   41  132  216  223  186  194  187  219  
 37   20   30   45   15    0   15   11   28   12   18   33   23   28   16  118  130  133  115  121  147  121  145  139  215  210  239  195  207  240  240  209  195  224  218  209  200  181  182  185  207  193  210  172  107  106  105  113  102   94  103  100  188  195  213  188  173  158  174  164  153  178  148  159  155  150  190  132  164  158  139  144  154  124  134   62   31   73   71   50   58   44   44   52   58   58   50   48   62   32   60  169  174  174  191  184  234  220  239  199  196  278  258  273  236   56   78   24   54   48   56   71   68   56   75   68   26   71   71   76   62   68  211  197  213  226  237  232  224  239  206  232  192  197  162  202  205  180  168   81   74   69  115   78   90   90  148  150  166  180  147  180  142  149  173  152  170  153   57   71   41   28   68   59   40   48   36   53   50   25   54   64   29  146  231  238  200  208  201  233  
 40   25   37   48   24   15    0   17   42   12   32   38   28   18   25  119  133  135  113  123  148  125  147  140  210  204  235  189  203  236  236  205  189  218  212  219  211  192  193  196  218  203  221  183  100  100   98  107   96   87   94   97  185  193  208  185  160  144  162  151  139  166  134  145  143  137  177  119  151  145  133  141  149  118  130   68   42   80   76   50   59   54   50   61   63   64   54   48   68   38   66  178  182  183  200  192  235  220  239  200  197  281  259  274  238   71   92   36   68   62   67   84   82   71   89   78   40   84   85   89   76   80  216  201  218  230  241  236  229  243  210  236  195  201  152  191  195  169  157   72   67   58  105   77   90   91  160  163  179  194  161  193  155  162  187  166  183  166   64   82   45   37   80   67   51   51   45   63   54   38   66   72   37  148  239  246  209  217  208  242  
 48   30   41   55    7   11   17    0   34   21   25   44   33   34   27  107  120  122  104  110  137  111  134  128  204  200  228  184  197  229  229  199  185  214  208  202  194  175  176  179  201  186  204  166   97   95   95  103   92   85   94   89  177  184  202  177  168  154  167  157  150  172  143  156  150  145  185  126  159  154  129  133  144  114  123   52   25   64   61   39   47   37   34   44   48   49   40   37   52   22   51  161  165  166  183  176  224  209  228  188  185  268  247  262  225   58   79   32   60   53   65   77   74   60   79   77   34   78   75   82   65   76  201  187  203  216  227  222  215  229  196  222  182  187  154  195  197  172  160   72   65   62  106   88  101  101  144  148  163  178  144  176  138  145  171  151  166  150   68   79   52   38   77   70   50   59   46   63   61   33   62   74   40  135  223  229  192  200  193  225  
 38   28   27   42   32   28   42   34    0   34   10   33   28   51   22  130  139  143  132  132  159  127  155  150  234  232  257  215  226  259  259  228  216  245  240  201  191  170  169  173  194  184  198  162  130  127  128  136  124  119  128  119  205  209  232  206  201  186  201  191  181  206  176  187  183  178  218  160  193  187  160  160  175  146  154   69   34   77   77   68   74   46   53   56   68   65   62   66   69   47   67  163  170  170  186  178  246  233  250  210  206  283  267  281  243   33   53    9   26   20   33   43   40   29   47   45    5   44   43   48   35   43  214  202  216  229  241  239  226  244  211  236  199  202  188  229  232  206  194  106   98   97  140   79   87   86  133  129  147  160  129  162  124  133  154  131  154  135   45   47   39   19   44   44   21   45   23   35   44    6   28   47   23  156  225  233  196  200  200  227  
 29   13   25   36   27   12   12   21   34    0   26   26   16   17   15  128  141  143  123  131  157  132  155  149  221  215  246  201  214  247  247  216  201  230  224  222  213  193  194  197  219  205  222  185  112  112  110  118  108   99  106  108  196  203  220  196  171  154  173  162  148  176  144  154  153  147  187  130  162  155  145  152  160  129  141   74   43   86   82   60   68   57   56   65   70   70   61   57   74   44   72  181  186  187  204  196  244  230  248  209  206  289  268  283  247   66   87   27   59   55   56   74   73   64   81   67   31   74   77   79   69   69  223  208  225  237  248  244  236  250  217  243  203  209  164  203  206  180  169   84   79   69  117   67   80   81  160  160  177  191  159  191  153  161  184  163  182  164   52   71   33   26   69   55   40   40   34   51   42   29   55   61   25  156  243  250  213  220  214  245  
 36   22   26   42   23   18   32   25   10   26    0   31   24   43   15  124  134  137  124  126  153  123  150  145  226  223  250  207  218  251  251  220  208  237  231  203  193  172  172  176  197  185  201  164  121  118  119  127  116  109  119  111  198  203  224  198  191  176  191  181  172  196  166  177  173  168  208  150  183  177  152  153  166  137  145   64   29   73   72   60   66   42   47   52   62   60   56   57   64   39   62  163  169  170  187  178  240  227  244  204  201  280  262  276  239   40   61    9   36   30   41   53   50   38   57   54   10   54   52   58   44   52  211  198  213  227  238  235  224  241  207  233  195  199  179  220  222  197  184   97   89   87  130   78   88   87  137  135  152  166  134  167  129  138  159  137  158  140   49   55   38   19   53   49   27   45   26   41   45    9   37   53   23  151  225  233  196  201  199  227  
  5   14    6   11   47   33   38   44   33   26   31    0   11   33   18  151  162  165  148  154  180  153  178  172  247  241  271  227  240  273  272  241  227  256  250  233  223  202  202  206  227  216  231  195  138  137  136  144  134  125  132  133  221  228  245  221  193  173  197  186  167  199  165  172  176  168  208  152  184  175  171  177  186  155  166   93   59  103  102   83   91   72   75   82   90   89   83   81   93   65   91  194  200  201  218  209  267  253  272  232  229  310  290  305  268   65   83   24   48   48   36   59   60   58   71   45   27   59   67   64   63   50  241  228  244  257  268  264  254  271  237  263  224  228  189  227  231  205  193  109  105   94  143   47   58   58  166  160  179  191  161  194  156  166  185  162  186  167   26   50    8   14   48   30   23   15   15   28   17   27   39   36    9  179  256  264  227  232  230  258  
 15    3    9   22   37   23   28   33   28   16   24   11    0   26    9  141  152  155  137  143  170  143  167  161  236  231  261  216  229  262  262  231  216  245  239  226  216  196  196  199  221  209  224  188  127  127  126  134  123  114  122  122  210  217  235  210  185  167  188  177  161  191  158  166  168  161  201  144  176  168  160  166  175  144  156   83   50   94   92   73   81   63   65   73   80   79   72   70   83   55   81  187  192  193  210  201  257  243  261  221  219  300  280  295  258   62   81   19   49   47   41   62   62   56   72   52   23   62   67   67   62   55  232  219  234  247  258  254  245  261  227  253  214  219  180  218  222  196  184   99   94   85  133   56   68   68  161  157  175  188  157  190  152  161  182  159  182  163   36   56   19   12   54   39   26   26   19   36   27   22   42   45   10  168  249  256  219  225  221  251  
 33   25   35   40   41   28   18   34   51   17   43   33   26    0   30  135  150  151  127  139  165  143  163  157  222  214  247  201  216  248  248  217  200  229  223  236  228  209  210  213  235  220  237  200  111  113  110  118  108   97  103  111  198  208  221  198  160  141  164  153  135  166  132  140  143  135  175  119  151  142  145  155  161  129  142   85   58   98   94   67   76   71   68   78   81   82   72   64   86   55   84  195  199  200  217  210  250  235  254  215  213  298  275  291  255   83  104   43   74   71   68   88   88   80   97   77   47   88   92   94   86   81  233  218  236  248  258  252  247  260  227  253  212  219  158  195  199  173  162   81   79   64  113   62   77   78  176  177  194  208  175  208  170  177  201  180  198  181   58   82   38   39   80   62   53   43   45   61   46   45   69   69   37  164  257  263  226  235  226  259  
 23    7   14   29   29   16   25   27   22   15   15   18    9   30    0  133  144  147  131  136  162  135  160  154  231  226  255  211  223  256  256  225  211  240  234  218  208  187  187  191  213  201  216  179  123  122  121  129  118  110  118  116  204  210  229  204  185  168  187  176  163  191  159  168  168  161  201  144  176  169  155  160  170  140  150   75   41   86   84   66   74   55   57   64   72   71   65   63   75   47   73  178  184  184  201  193  250  236  254  214  211  292  272  287  250   55   75   13   45   41   42   60   58   51   67   53   17   60   63   65   56   55  224  210  226  239  250  246  237  253  219  245  206  211  177  216  220  194  182   96   90   83  130   65   76   76  152  150  168  181  150  182  144  153  175  152  174  155   41   57   26   12   54   43   26   33   20   38   34   16   41   48   13  161  240  248  210  216  213  242  
155  138  147  163  104  118  119  107  130  128  124  151  141  135  133    0   21   17   25    8   29   27   28   21  111  119  133   98  102  134  135  107  104  128  126  141  139  133  141  138  160  133  157  120   64   50   60   59   55   69   79   38   80   79  110   81  164  172  148  146  172  162  154  178  147  156  185  134  159  164   62   39   67   59   48   62   96   58   56   69   60   86   78   76   63   65   69   71   63   86   64  101   96  100  114  111  116  103  120   81   78  164  140  155  120  125  137  134  147  137  163  162  156  138  154  175  133  165  151  166  140  170  104   87  107  117  125  118  119  126   95  121   79   88  117  160  155  140  127   80   70   98   83  195  208  208  128  155  159  179  143  163  138  133  168  163  148  146  173  175  159  143  172  174  151  166  150  165  168  133  156  177  145   29  149  151  119  137  109  153  
167  149  158  174  115  130  133  120  139  141  134  162  152  150  144   21    0    9   46   13   24   15   19   17  117  129  136  107  107  138  138  113  115  136  135  121  120  115  124  120  142  114  138  103   84   71   81   80   76   89  100   58   84   78  116   86  184  192  167  165  193  182  175  199  168  177  205  154  180  185   80   51   81   79   65   70  105   62   62   83   74   93   87   83   72   74   80   85   70   98   72   82   76   80   93   91  108   96  112   72   68  148  129  143  106  129  138  143  153  143  171  166  160  142  156  182  142  169  154  170  143  176   85   69   88   99  108  103  100  110   77  103   63   70  136  178  172  159  146  100   89  117  104  208  220  220  115  145  146  166  131  149  128  121  156  152  133  133  183  181  170  153  178  183  159  177  159  173  178  142  163  185  156   19  128  130   98  117   88  132  
170  152  161  177  118  133  135  122  143  143  137  165  155  151  147   17    9    0   40   12   17   23   13    9  108  120  128   98   99  130  130  105  106  128  126  128  127  123  132  128  150  121  146  111   79   66   75   74   71   85   95   54   76   71  108   78  178  187  160  159  188  175  170  194  161  171  199  149  173  179   72   43   73   72   57   74  109   68   66   84   75   97   91   87   75   77   83   87   74  100   76   90   83   88  100   99  103   91  107   67   64  148  125  140  104  134  144  147  158  148  175  172  165  148  162  187  146  175  160  176  149  181   87   70   90  100  108  101  102  109   78  104   62   71  128  170  164  151  138   97   87  115   98  210  223  223  123  154  155  175  140  158  136  129  164  161  142  142  187  186  173  156  183  186  163  180  163  177  181  145  168  189  159   14  134  135  105  123   93  138  
151  134  145  159  102  115  113  104  132  123  124  148  137  127  131   25   46   40    0   33   44   53   46   39  102  104  126   85   94  127  127   97   88  116  111  166  164  158  165  163  185  158  182  145   39   26   36   34   31   46   55   17   74   81  101   74  139  147  123  120  148  137  130  154  122  131  160  109  134  139   39   29   48   34   26   69   99   70   65   65   58   91   80   82   67   71   70   67   69   85   70  127  121  126  139  137  124  108  128   90   89  179  150  167  134  133  148  133  152  142  165  168  162  145  162  177  134  170  159  173  147  173  125  107  129  136  143  134  140  143  114  139   97  108   92  136  132  115  102   60   53   80   58  189  203  204  150  176  181  201  164  187  159  156  191  183  171  167  172  178  156  141  175  173  151  163  149  165  164  133  159  177  143   47  174  175  144  162  133  178  
158  140  150  165  107  121  123  110  132  131  126  154  143  139  136    8   13   12   33    0   27   21   24   18  114  123  135  102  105  136  137  110  109  132  130  133  132  126  134  131  153  125  149  113   71   58   67   67   62   76   86   45   82   80  113   84  172  179  155  153  180  170  162  186  155  164  193  141  167  172   69   44   72   67   54   63   98   58   56   72   64   86   79   76   64   66   71   75   63   89   65   94   88   93  106  104  114  101  118   78   75  159  137  152  116  125  135  135  147  137  164  162  155  138  153  176  135  165  150  166  139  170   98   81  101  111  120  113  113  121   89  115   74   82  124  167  162  147  134   87   76  104   91  199  211  211  122  150  153  173  137  157  133  127  163  157  141  140  175  175  162  145  173  175  152  169  152  166  170  134  157  178  148   25  142  143  112  129  102  146  
185  167  176  192  133  147  148  137  159  157  153  180  170  165  162   29   24   17   44   27    0   39    6    9   93  107  112   85   83  113  114   90   94  113  113  133  134  133  142  138  158  129  153  120   82   70   79   76   75   91   99   61   61   54   93   63  176  189  157  157  190  173  171  196  161  173  197  151  173  180   68   35   65   72   54   90  125   84   83   98   90  113  106  103   91   94   98  101   90  115   92   98   89   94  105  105   87   74   91   51   49  136  110  126   91  151  161  162  174  164  191  189  182  164  179  203  162  191  176  192  166  197   81   63   85   92   98   90   97   99   70   95   52   64  124  164  157  146  134  104   96  124  100  225  237  238  137  168  168  188  154  170  151  143  178  176  154  156  202  202  188  171  200  202  179  195  179  193  197  161  184  205  174    6  135  135  108  128   93  140  
157  140  148  164  106  121  125  111  127  132  123  153  143  143  135   27   15   23   53   21   39    0   34   31  131  143  151  121  122  152  153  128  128  150  149  115  112  105  113  110  133  106  130   93   89   76   85   86   80   92  104   62   99   93  131  101  190  197  175  172  196  189  179  203  173  181  212  159  186  190   89   64   93   86   75   60   95   51   51   77   67   82   78   72   63   63   71   79   60   89   61   75   70   74   89   85  120  110  125   85   81  157  140  153  116  115  123  132  140  130  159  153  147  129  143  170  131  156  140  157  130  163   91   76   93  105  116  112  105  118   85  111   72   76  145  187  183  168  155  101   89  116  109  199  210  210  102  131  133  153  118  137  114  107  142  138  121  120  172  169  160  142  166  172  148  167  149  162  168  131  151  174  146   34  126  129   95  111   88  130  
182  165  174  189  131  145  147  134  155  155  150  178  167  163  160   28   19   13   46   24    6   34    0    7   99  113  118   91   89  119  120   96   99  119  118  128  129  128  137  132  153  123  148  115   85   72   81   78   77   92  101   62   66   59   98   69  180  191  161  161  193  177  174  198  164  175  201  154  176  183   72   40   70   75   58   87  122   80   79   96   87  110  103  100   88   90   95   99   87  113   89   93   84   89  100  100   90   78   94   54   51  137  113  128   92  147  157  159  171  161  188  185  178  160  175  199  159  188  172  188  161  193   79   61   83   91   98   90   95   99   69   94   52   62  128  168  162  151  139  105   96  124  103  223  235  235  131  163  162  182  149  164  145  137  172  170  149  150  199  199  186  169  196  199  176  193  176  190  194  158  181  202  172    1  132  131  103  124   90  136  
176  159  168  183  125  139  140  128  150  149  145  172  161  157  154   21   17    9   39   18    9   31    7    0  100  112  120   90   90  121  121   96   98  119  118  132  132  130  139  134  156  127  151  117   78   66   75   72   71   85   95   55   67   62   99   69  175  186  157  156  187  172  168  193  159  170  196  148  171  177   67   36   67   69   53   81  116   76   74   90   81  105   98   95   82   85   89   93   82  107   83   96   88   93  104  103   96   83  100   60   57  143  119  134   99  143  153  154  166  156  183  180  174  156  171  194  153  183  168  184  157  189   86   68   89   97  105   97  101  105   75  101   58   69  124  165  158  146  134   99   90  117   97  216  229  229  131  162  163  183  148  165  145  137  172  169  149  150  194  194  180  163  191  194  171  187  170  185  188  153  176  197  166    8  137  136  108  128   95  141  
250  233  244  258  203  215  210  204  234  221  226  247  236  222  231  111  117  108  102  114   93  131   99  100    0   29   25   23   10   26   25    6   30   24   28  212  216  221  231  225  243  212  236  209  113  110  113  105  114  126  124  115   32   47    2   30  154  180  130  137  185  146  165  189  147  165  170  152  156  169   78   74   62   94   81  170  201  169  165  166  160  192  182  183  168  173  172  168  170  187  171  185  174  179  185  188   78   63   78   75   80  147  102  122  110  234  248  235  254  244  267  270  264  246  263  279  235  272  260  274  249  275  137  121  140  136  131  117  148  128  121  134  107  123   99  116  104  111  106  143  144  163  116  284  299  300  229  261  261  280  247  261  244  235  270  269  246  249  272  280  255  242  277  274  252  261  250  266  263  234  261  278  243   99  205  198  184  207  164  209  
244  228  240  252  200  210  204  200  232  215  223  241  231  214  226  119  129  120  104  123  107  143  113  112   29    0   44   22   34   45   43   26   15   16    8  234  237  239  249  244  263  232  257  227  104  105  105   97  108  117  113  113   50   70   27   47  129  156  104  112  162  120  142  165  124  142  143  131  131  145   71   80   57   87   79  172  200  174  169  163  159  194  182  185  170  175  172  166  173  185  174  204  193  198  206  208  107   91  107  100  104  176  131  150  138  237  252  232  254  244  265  270  265  247  265  277  233  272  262  275  250  274  162  145  165  163  159  145  174  156  146  161  131  146   76   88   76   85   82  134  137  153  103  276  290  292  244  273  275  295  260  277  256  249  284  281  261  262  267  278  249  238  276  269  249  255  246  263  258  232  260  274  239  113  228  223  206  228  187  233  
274  258  269  282  227  239  235  228  257  246  250  271  261  247  255  133  136  128  126  135  112  151  118  120   25   44    0   47   32    1    2   30   52   30   39  222  228  235  245  239  256  225  248  223  137  134  138  129  139  151  148  139   53   61   26   52  173  200  148  156  205  164  185  209  167  185  187  173  175  189  102   97   86  118  105  193  224  191  187  190  184  216  206  206  192  196  196  192  193  211  194  199  187  192  196  200   76   65   75   84   89  142   95  114  111  257  270  259  277  267  291  293  287  269  286  303  259  296  283  298  272  299  144  130  147  141  133  119  153  129  129  137  117  132  120  130  118  129  126  168  168  188  140  309  323  325  247  279  278  297  265  277  262  253  287  287  262  266  296  304  279  266  301  298  276  286  274  291  288  258  285  302  268  118  212  205  194  217  174  217  
229  213  224  237  184  195  189  184  215  201  207  227  216  201  211   98  107   98   85  102   85  121   91   90   23   22   47    0   22   48   47   17   11   31   28  212  215  217  227  222  241  211  235  205   91   89   91   83   93  104  102   96   29   51   21   26  134  158  109  115  163  126  142  167  126  143  150  129  135  147   56   59   41   72   61  153  183  154  149  147  141  175  164  167  152  156  154  149  154  168  155  182  171  177  184  186   93   76   94   81   85  163  119  139  122  218  233  215  236  226  248  252  247  229  247  260  216  255  243  257  232  257  142  125  146  144  142  128  155  139  127  143  110  126   77   99   88   91   85  121  123  141   93  263  278  279  222  252  253  273  238  255  235  228  263  259  239  241  252  261  234  222  259  254  233  241  230  247  243  215  243  259  224   91  208  203  185  207  166  213  
243  226  237  251  195  207  203  197  226  214  218  240  229  216  223  102  107   99   94  105   83  122   89   90   10   34   32   22    0   33   33    9   31   33   35  203  207  211  221  216  234  203  227  199  107  103  107   99  108  120  119  107   23   38   10   21  155  180  131  137  184  148  164  188  147  164  172  150  156  169   72   66   56   88   74  161  193  160  156  158  152  184  174  175  160  164  164  161  162  179  163  176  164  169  175  178   73   56   74   66   71  143   98  118  104  226  239  227  246  236  259  261  255  238  255  271  228  264  251  266  240  267  128  113  132  129  124  110  140  121  113  127   98  114   99  119  108  113  107  138  137  158  112  278  292  294  220  251  251  271  238  252  234  226  260  259  236  239  265  272  247  234  269  266  245  254  242  259  256  226  253  270  236   89  196  190  175  197  155  201  
276  259  270  283  228  240  236  229  259  247  251  273  262  248  256  134  138  130  127  136  113  152  119  121   26   45    1   48   33    0    2   31   53   31   39  223  229  236  246  240  257  226  249  224  138  136  139  131  140  152  150  140   54   62   28   53  173  201  149  157  206  165  186  210  168  186  188  174  176  190  104   99   87  120  106  194  226  192  189  191  185  217  207  208  193  197  197  194  195  212  196  200  188  193  197  201   76   66   75   85   90  142   96  114  111  259  271  260  279  269  292  294  288  271  287  304  261  297  284  299  273  300  144  131  148  141  134  119  154  130  129  137  118  132  120  131  118  129  127  169  169  189  141  310  325  326  248  281  279  298  266  278  263  254  288  288  263  267  297  305  280  267  302  299  278  287  275  292  289  259  286  303  269  119  213  205  195  218  174  217  
275  259  270  283  228  240  236  229  259  247  251  272  262  248  256  135  138  130  127  137  114  153  120  121   25   43    2   47   33    2    0   31   52   29   38  225  230  237  247  241  258  227  250  225  138  135  138  130  139  151  149  140   55   63   27   54  172  199  147  156  205  163  185  208  167  185  186  173  175  188  103   99   87  119  106  194  226  193  189  191  185  217  207  208  193  197  197  194  195  212  196  201  189  195  198  203   78   67   77   86   92  144   98  116  113  259  272  260  279  269  292  295  289  271  288  304  261  297  284  299  273  300  146  133  149  143  135  121  156  131  131  139  119  134  119  129  117  128  125  168  169  189  141  310  324  326  249  281  280  299  267  280  264  255  289  289  264  268  297  305  280  267  302  299  278  287  275  292  289  259  286  303  269  120  214  207  197  219  176  219  
244  228  239  252  198  209  205  199  228  216  220  241  231  217  225  107  113  105   97  110   90  128   96   96    6   26   30   17    9   31   31    0   25   24   26  211  215  219  229  224  242  211  235  207  107  104  107   99  108  120  118  109   29   46    4   27  149  174  124  131  179  141  159  183  142  159  165  146  151  163   72   70   56   88   75  165  196  164  160  160  155  188  177  179  164  168  167  163  166  182  167  184  172  178  184  187   81   65   82   75   80  151  106  125  113  230  244  229  249  239  262  265  259  241  259  274  230  267  255  269  244  270  137  122  141  138  133  119  149  130  122  135  107  123   94  112  100  106  101  137  138  158  110  279  293  295  227  258  258  278  244  259  241  233  268  266  243  246  267  275  249  236  272  268  247  256  244  261  258  229  256  273  238   96  205  199  183  206  164  209  
229  213  225  237  185  195  189  185  216  201  208  227  216  200  211  104  115  106   88  109   94  128   99   98   30   15   52   11   31   53   52   25    0   29   23  222  225  226  235  231  251  220  245  214   90   90   91   83   93  103   99   98   40   62   28   37  124  150  100  107  155  116  134  158  117  135  140  122  126  139   56   65   42   72   64  157  185  158  153  148  144  178  167  170  155  159  157  151  158  170  158  191  181  186  194  196  104   86  105   92   96  173  129  149  133  221  237  217  239  229  249  255  249  232  250  262  218  257  246  260  235  259  153  136  157  155  153  139  166  150  137  154  121  137   69   88   78   81   76  120  122  139   90  262  276  278  229  259  261  281  246  263  242  235  270  266  247  248  252  263  234  223  260  255  234  241  231  248  243  216  244  259  224  100  219  214  195  217  177  223  
258  242  254  266  214  224  218  214  245  230  237  256  245  229  240  128  136  128  116  132  113  150  119  119   24   16   30   31   33   31   29   24   29    0    9  235  240  243  253  248  266  236  260  231  119  119  120  112  122  132  128  126   53   70   23   51  143  171  118  127  177  134  157  180  139  157  157  147  146  160   85   90   70  101   92  184  213  185  180  177  172  206  195  197  182  187  185  179  185  198  186  208  196  202  208  211  100   86  100   98  103  169  122  142  133  249  263  245  267  257  278  283  277  260  278  290  247  285  274  288  263  287  161  145  164  160  155  140  172  151  145  157  131  146   92  100   88   99   97  149  151  168  118  291  305  307  250  281  282  301  268  283  264  256  291  289  267  269  281  292  263  252  289  283  263  270  260  277  272  245  273  288  253  119  228  222  207  230  188  233  
252  236  248  260  208  218  212  208  240  224  231  250  239  223  234  126  135  126  111  130  113  149  118  118   28    8   39   28   35   39   38   26   23    9    0  237  241  244  253  248  267  237  261  232  112  113  114  106  116  126  121  121   54   73   27   51  135  163  110  118  168  126  148  171  130  148  148  138  137  151   79   87   65   95   87  180  208  181  176  171  167  202  190  193  178  182  180  174  181  193  181  208  197  203  209  212  106   90  106  102  106  175  129  148  138  244  260  240  262  252  273  278  273  255  273  285  241  280  270  283  258  282  164  148  167  164  159  145  176  156  148  162  133  149   83   92   80   91   89  142  145  161  111  284  299  301  249  280  281  300  266  283  262  255  290  287  267  268  275  286  257  246  284  278  258  263  254  271  266  240  268  282  247  119  231  226  209  232  190  236  
239  224  228  243  196  209  219  202  201  222  203  233  226  236  218  141  121  128  166  133  133  115  128  132  212  234  222  212  203  223  225  211  222  235  237    0   14   38   46   38   38   19   28   40  204  191  200  200  195  207  219  177  184  165  212  187  305  312  288  286  311  303  295  318  288  297  326  274  300  305  199  168  198  200  185  154  179  141  146  180  172  166  170  159  160  157  169  181  154  182  155   42   45   41   28   30  156  159  159  139  133  137  156  155  126  173  166  210  199  192  223  204  198  186  188  230  207  208  188  205  183  220   82   92   80   92  106  116   79  111   95   99  106   91  256  296  290  279  266  214  202  227  224  280  287  286   79  109   93  105   96   82   98   83   98  116   72   92  244  226  240  220  224  240  219  246  223  229  245  207  214  239  224  127   29   42   28    5   49   29  
229  215  218  233  187  200  211  194  191  213  193  223  216  228  208  139  120  127  164  132  134  112  129  132  216  237  228  215  207  229  230  215  225  240  241   14    0   25   32   24   28    7   20   29  202  188  197  198  192  203  215  174  187  170  217  190  303  308  287  285  308  301  291  314  286  293  324  270  298  302  199  168  199  198  184  147  170  133  140  173  165  157  162  150  152  150  162  174  146  174  148   38   45   40   32   29  164  166  168  144  139  149  166  166  135  162  153  199  188  181  211  192  186  175  176  218  196  196  176  193  171  208   91   99   89  102  116  126   89  122  103  109  112   98  255  297  290  278  266  210  197  221  221  270  276  274   66   96   80   92   83   68   85   69   84  102   59   79  233  214  230  210  212  229  208  235  213  218  235  197  202  228  214  128   43   56   36   17   57   43  
208  194  196  211  168  181  192  175  170  193  172  202  196  209  187  133  115  123  158  126  133  105  128  130  221  239  235  217  211  236  237  219  226  243  244   38   25    0   11    5   28   19   29   13  193  180  189  190  183  193  206  165  190  175  221  193  295  298  280  277  296  294  281  303  277  283  316  260  289  292  195  166  196  192  180  131  150  118  124  158  151  138  144  133  137  133  146  159  130  157  132   36   48   43   45   37  176  176  180  152  146  168  181  183  150  140  130  178  165  159  188  169  162  152  152  195  175  172  153  169  148  184  105  109  103  118  133  141  106  138  115  126  120  108  250  293  287  273  260  198  184  208  212  248  254  252   41   72   57   71   58   48   60   45   63   78   36   55  210  190  208  189  188  206  186  214  191  196  213  175  179  205  193  127   67   80   53   40   72   67  
207  194  196  210  169  182  193  176  169  194  172  202  196  210  187  141  124  132  165  134  142  113  137  139  231  249  245  227  221  246  247  229  235  253  253   46   32   11    0    9   25   29   30   22  199  187  195  197  189  199  212  172  200  185  231  203  301  303  287  284  302  301  287  308  283  289  322  266  295  297  202  174  205  199  188  134  152  121  128  162  155  140  147  135  140  136  149  162  134  159  135   46   59   53   56   48  186  186  190  163  157  178  192  193  161  138  127  178  163  157  186  165  159  150  149  192  174  169  150  165  146  181  116  120  114  129  144  152  117  149  126  136  131  119  258  300  295  281  267  203  189  212  219  247  252  250   37   64   47   61   51   38   54   39   53   70   27   47  208  187  207  188  185  204  185  213  190  194  212  175  177  202  192  136   75   88   63   49   83   75  
211  198  200  214  172  185  196  179  173  197  176  206  199  213  191  138  120  128  163  131  138  110  132  134  225  244  239  222  216  240  241  224  231  248  248   38   24    5    9    0   24   20   25   17  198  185  193  195  188  198  210  170  195  179  225  197  299  302  285  282  301  299  286  307  282  288  320  265  294  296  199  170  201  197  185  135  154  122  129  163  155  142  148  137  141  138  150  163  135  161  136   40   52   47   48   40  179  179  183  156  150  170  184  185  153  143  132  182  168  162  191  171  165  155  155  197  178  175  155  171  151  187  108  113  106  121  135  144  109  141  118  128  124  112  255  297  292  278  265  202  189  212  217  251  257  255   43   72   56   69   59   46   61   46   61   78   35   55  213  193  211  192  191  209  189  217  194  199  216  179  182  208  196  131   67   80   55   40   75   66  
232  219  221  235  194  207  218  201  194  219  197  227  221  235  213  160  142  150  185  153  158  133  153  156  243  263  256  241  234  257  258  242  251  266  267   38   28   28   25   24    0   31   11   40  221  208  217  218  211  221  234  193  214  197  244  217  323  326  308  305  325  322  309  331  305  311  344  288  317  320  222  192  222  219  207  159  177  146  152  186  179  165  172  160  165  161  173  187  158  184  159   60   70   65   60   56  192  194  196  172  167  175  194  193  163  163  151  203  187  182  210  189  183  174  172  216  199  192  173  189  170  205  119  127  117  130  144  154  117  149  131  137  139  126  277  320  314  300  287  226  213  236  241  272  277  275   61   82   63   71   72   49   76   63   65   87   45   67  233  211  232  213  209  229  210  238  215  218  236  200  201  227  217  152   65   78   64   43   86   63  
221  207  210  225  179  193  203  186  184  205  185  216  209  220  201  133  114  121  158  125  129  106  123  127  212  232  225  211  203  226  227  211  220  236  237   19    7   19   29   20   31    0   24   22  195  182  191  192  185  196  209  167  183  166  213  186  296  301  281  278  301  295  285  307  279  287  317  264  291  295  193  163  193  192  178  139  162  126  132  166  158  149  154  143  145  142  154  167  139  167  140   31   39   34   30   25  162  164  166  141  136  150  165  166  134  155  147  192  181  174  204  186  179  168  169  211  189  189  170  186  164  201   90   97   88  102  116  125   89  122  101  109  109   95  249  291  285  272  260  203  190  214  215  262  269  267   60   91   76   89   78   66   80   64   81   98   55   74  226  207  222  203  205  222  201  228  206  211  228  189  195  221  207  123   48   60   36   20   56   48  
236  223  225  239  197  210  221  204  198  222  201  231  224  237  216  157  138  146  182  149  153  130  148  151  236  257  248  235  227  249  250  235  245  260  261   28   20   29   30   25   11   24    0   39  218  205  214  215  209  219  232  191  207  190  237  210  320  324  305  302  323  319  307  330  303  310  341  287  315  318  217  187  218  216  203  159  179  146  153  186  179  167  173  162  165  162  174  187  159  186  160   55   64   59   52   49  183  186  187  164  159  164  184  183  154  167  156  207  192  186  216  195  189  179  178  222  203  198  179  195  175  211  110  119  107  120  134  144  107  139  122  127  131  117  274  315  309  296  284  225  212  236  238  276  282  280   67   91   72   81   80   59   83   69   75   96   53   75  238  217  236  217  215  234  214  242  219  223  241  204  207  232  221  147   54   68   55   33   77   52  
200  186  189  204  159  172  183  166  162  185  164  195  188  200  179  120  103  111  145  113  120   93  115  117  209  227  223  205  199  224  225  207  214  231  232   40   29   13   22   17   40   22   39    0  180  168  176  178  171  181  193  153  178  163  209  181  282  286  268  264  285  281  269  291  265  271  303  248  277  280  182  153  184  179  167  120  141  107  113  147  140  129  134  123  126  123  135  148  120  147  121   24   37   32   38   29  166  165  170  141  135  162  172  175  141  134  126  171  160  153  183  164  158  146  148  190  168  168  148  165  143  180   96   99   95  110  125  132   99  130  106  118  110   99  237  280  275  260  247  186  173  196  200  241  248  246   41   75   62   79   60   56   61   46   70   82   42   57  204  186  201  181  184  201  180  207  184  190  206  168  174  199  186  114   67   79   48   40   65   68  
