180

  0   21  145  134  136  146  134  135  136   99  102   96   90   88  101   90  100   82   91  104   80   89   93  148  144  156  164  110  109  102  110  100  123   98  118  117  116  118  121  113  114  117  112  156  137   99  103  100  100  105   90  103  109   99  120  109  102  108  111  101  104  118  113  185  188  184  194  187  179  180  186  187  192  200  178  188  140  151  155  147  155  152  155  143  152  159  143  148  134  134  145  144  154  149  147  138  151   41   57   56   59   39   50   55   55   60   73   64   63   69   56   62   61   68   74   76  205  196  208  200  193  194  188  198  206  208  193  202  201  192  102  116  110   97  109   99  113  110   93  114  134  125  118  116  121  122  120   99  115  119  109  117  103  101  107  114  188  189  185  185  183  189  178  178  187  188  196  199  180  176   94  113  103  160  171  175  168  167  166  163  
 21    0  142  130  133  142  129  131  132  106  107  103   96   96  108   96  103   89   96  110   85   94  101  168  163  176  184  128  127  121  129  119  142  117  137  135  135  137  139  132  133  136  131  145  125   81   87   82   83   89   73  122  129  119  139  129  120  126  131  120  124  137  132  192  196  192  202  195  186  188  192  194  199  208  185  196  121  132  136  128  137  134  136  124  132  140  126  129  116  115  126  125  136  131  130  120  133   31   43   41   46   28   37   47   42   48   73   65   63   67   57   64   57   64   74   77  190  181  194  185  180  178  171  181  190  190  176  186  184  175  123  137  131  117  130   78   93   90   72   93  150  141  132  132  136  137  141  120  136  139  130  138  124  122  128  135  197  198  193  194  192  197  187  187  197  198  205  207  188  185  114  133  124  146  156  161  153  151  151  148  
145  142    0   12   11    3   15   11    9   73   67   81   76   84   74   75   62   82   72   69   79   73   81  261  256  271  277  240  234  226  235  225  248  224  238  245  236  244  247  234  239  241  237  273  251  193  204  188  195  205  190  159  167  168  169  176  155  157  171  161  165  175  167  100  108  104  113  104   92  102   95   96  107  114   93  111  129  136  136  136  129  123  138  120  140  132  107  133  114  117  125  128  124  127  114  118  126  171  177  175  182  168  173  187  177  183   74   82   83   76   91   84   85   78   73   71  303  294  309  296  297  123  124  136  133  140  125  126  140  132  199  216  209  192  197  158  165  163  162  162  145  142  125  137  126  136  214  192  208  199  204  206  203  189  193  208  117  119  105  115  108  111  109  105  122  126  120  120  109  107  182  191  191   82   97   89   96   96   94   93  
134  130   12    0    9   12    6    3    3   66   61   75   68   77   69   67   54   74   65   64   70   65   74  252  248  262  268  230  225  217  225  216  239  214  229  235  227  234  238  225  229  231  228  262  239  181  193  176  184  194  178  153  160  161  164  169  148  151  165  154  158  169  161  105  113  109  118  109   97  106  100  102  112  120   98  116  121  128  128  128  122  116  130  113  132  125  100  125  106  108  117  120  117  119  107  110  118  159  165  163  170  156  161  175  165  171   63   71   72   65   80   73   73   66   62   61  292  283  297  284  285  121  121  133  131  138  123  124  137  129  191  208  201  184  190  147  155  152  151  152  141  138  121  132  122  131  206  184  200  192  196  198  195  181  185  200  122  123  110  119  112  116  112  109  125  129  125  125  112  111  174  183  184   78   94   87   93   92   90   89  
136  133   11    9    0   13   15    6    7   62   56   70   65   73   64   64   51   71   61   59   68   62   70  249  245  260  265  230  223  215  224  214  237  213  227  234  225  233  236  223  228  230  226  267  244  187  198  182  190  200  184  148  156  157  159  165  144  146  161  150  154  164  156   96  105  100  110  101   89   97   92   93  104  111   89  107  130  137  137  136  131  124  139  121  141  134  108  134  115  117  125  129  125  128  115  118  127  162  169  167  174  160  165  179  170  175   63   72   73   67   81   74   76   69   62   61  298  289  304  291  292  129  129  141  139  146  131  132  145  137  188  205  198  181  186  154  162  159  157  159  135  132  115  126  116  125  203  181  197  188  193  195  192  178  182  197  113  114  101  110  104  107  103  100  117  121  116  116  104  102  171  180  180   86  103   95  101  100   99   98  
146  142    3   12   13    0   14   12   10   75   70   84   78   87   77   77   64   85   74   72   81   75   84  263  258  273  279  242  236  228  236  227  250  226  240  247  238  245  249  236  241  243  239  272  250  192  203  186  194  204  189  162  169  171  172  179  157  159  174  163  168  178  169  103  112  108  117  108   96  105   98  100  110  117   96  114  127  133  133  133  126  120  135  118  137  129  104  130  112  114  122  125  121  124  111  115  123  171  177  175  181  168  173  187  177  183   75   83   84   77   92   85   85   78   74   73  302  292  307  294  295  120  121  133  129  137  122  122  137  128  201  218  211  195  200  156  164  161  161  160  148  145  129  140  129  139  216  194  210  202  206  208  206  191  195  211  121  122  108  118  111  115  112  108  125  129  123  123  112  111  184  193  194   78   94   86   93   92   91   90  
134  129   15    6   15   14    0    9    9   71   66   79   72   81   73   71   59   78   68   69   73   69   79  255  251  265  271  232  227  219  227  218  241  216  231  237  229  236  240  228  232  234  230  259  236  178  190  173  181  191  175  157  165  165  168  173  153  155  169  158  162  173  165  111  119  115  125  115  103  112  106  108  119  126  104  122  115  123  123  122  116  110  125  107  127  119   94  119  100  103  111  115  111  113  101  104  112  158  163  161  168  155  160  174  164  169   64   72   73   66   81   75   73   66   64   63  288  279  293  281  282  115  115  127  125  132  116  118  131  122  194  211  204  188  193  143  150  148  147  147  147  143  126  137  127  137  210  188  204  196  199  202  198  185  189  204  128  129  116  125  118  122  118  115  131  135  131  131  118  117  177  187  187   72   88   81   87   86   84   83  
135  131   11    3    6   12    9    0    2   65   59   73   67   76   67   66   53   73   63   62   70   64   73  251  247  261  267  230  224  216  225  215  238  214  228  235  226  234  237  225  229  231  227  264  241  183  195  179  186  196  180  151  159  160  162  168  147  149  164  153  157  167  159  102  110  106  115  106   94  103   97   99  109  117   95  112  124  132  132  131  125  119  134  116  135  129  103  128  109  111  120  123  120  122  110  113  121  160  167  165  171  158  163  176  167  173   63   71   73   65   80   74   74   67   62   61  294  285  300  287  288  124  124  136  134  141  125  127  140  132  190  207  200  183  188  149  157  155  153  154  139  136  119  130  120  129  205  183  199  191  195  197  194  180  184  199  118  120  107  116  109  113  109  105  122  126  122  122  109  108  173  182  183   81   97   90   96   95   93   92  
136  132    9    3    7   10    9    2    0   66   61   75   69   77   69   68   55   75   65   64   71   65   75  253  248  263  269  232  226  218  226  217  240  216  230  237  228  235  239  226  231  233  229  264  242  184  195  179  187  197  181  153  160  161  164  170  149  151  165  154  159  169  161  103  111  107  116  107   95  104   98  100  110  117   96  113  124  131  131  130  125  118  133  115  135  128  102  128  109  111  120  123  119  122  109  112  121  161  168  166  172  159  164  177  168  174   65   73   74   67   82   75   75   68   64   63  295  286  300  287  288  123  123  135  133  140  124  126  139  130  191  208  201  185  190  150  158  155  154  155  141  138  121  132  122  131  207  185  201  193  197  199  196  182  186  201  119  120  107  117  110  113  110  106  123  127  122  122  110  108  175  184  184   80   96   89   95   94   92   91  
 99  106   73   66   62   75   71   65   66    0    6    8   10   13    4   10   13   17   10    5   20   12    9  190  185  200  205  175  167  159  167  158  180  157  169  178  168  176  180  166  171  173  170  250  230  179  188  177  182  190  173   87   94   96   97  103   82   84   99   88   92  103   94   87   91   86   97   89   81   82   87   88   94  103   80   91  158  168  170  166  166  159  171  153  171  169  144  164  145  146  157  160  161  161  151  149  161  136  148  146  152  134  142  152  147  153   40   45   47   48   49   44   57   56   38   35  292  283  297  286  283  179  177  189  191  196  180  184  193  184  127  144  137  121  125  157  169  166  157  167   78   73   57   66   58   67  142  121  136  127  132  133  132  117  120  136   93   94   88   90   87   92   83   82   93   95  100  102   84   80  110  118  119  136  151  148  149  148  147  145  
102  107   67   61   56   70   66   59   61    6    0   14   13   18    8   12    8   21   11    4   22   14   14  195  191  205  211  180  172  164  172  163  186  162  175  183  173  181  185  171  177  178  175  252  231  179  188  177  182  190  174   92   99  101  103  109   88   90  104   94   98  108  100   85   90   85   96   88   79   81   85   87   93  101   78   91  155  165  167  163  162  156  168  150  168  166  141  161  142  143  154  156  158  158  148  146  158  138  150  148  153  136  144  154  149  155   39   45   48   47   50   45   57   55   37   34  293  284  297  286  283  175  173  185  186  192  176  179  189  180  133  150  143  127  130  156  168  165  157  166   82   78   62   71   63   72  147  126  141  132  138  139  138  122  126  142   93   94   87   89   86   91   82   81   94   96   99  102   83   80  116  123  125  131  147  143  145  144  142  141  
 96  103   81   75   70   84   79   73   75    8   14    0   11    7    8   12   20   14   13   13   20   15    2  181  177  192  197  167  159  151  160  151  173  150  161  171  160  168  172  158  164  165  162  249  228  179  187  177  181  189  173   78   86   87   89   95   74   76   91   80   84   94   86   89   92   88   99   92   84   84   90   92   96  105   83   93  163  173  175  171  171  165  176  159  176  175  150  169  150  151  162  164  167  166  157  154  167  134  147  145  150  131  140  149  145  151   42   46   48   50   49   45   59   59   41   37  292  283  296  286  282  186  184  196  198  203  187  191  200  191  119  136  129  113  117  159  171  168  158  169   71   66   50   59   52   60  134  113  127  118  124  125  124  109  112  128   94   95   90   90   88   94   84   83   94   95  101  104   85   81  102  110  111  143  158  155  156  155  154  152  
 90   96   76   68   65   78   72   67   69   10   13   11    0    9   13    1   15    8    4   15   11    5    9  185  180  195  201  168  161  152  161  152  174  151  163  172  162  170  174  160  165  167  164  241  220  170  178  168  172  180  164   85   92   93   97  101   80   83   97   86   90  101   93   96  100   96  107   99   91   92   97   98  104  112   90  101  152  163  164  160  160  155  166  148  166  164  140  159  139  141  152  154  156  156  147  144  156  126  139  137  142  124  132  142  137  143   31   36   38   40   40   35   49   48   30   27  283  274  287  277  273  177  174  186  188  194  177  182  191  181  123  140  133  117  121  149  161  158  148  159   81   76   60   68   62   69  138  116  132  124  128  130  128  113  117  132  103  104   97   99   96  102   92   91  103  105  110  112   93   90  106  115  115  133  149  146  147  146  144  143  
 88   96   84   77   73   87   81   76   77   13   18    7    9    0   14   10   23    8   13   19   15   13    5  177  172  187  193  161  154  145  154  145  167  144  156  165  154  163  167  153  158  159  157  241  221  172  180  171  175  182  166   76   84   84   88   92   72   74   88   77   81   93   84   97  100   96  106   99   91   92   98   99  104  112   90  100  159  170  172  167  168  162  173  156  173  172  147  166  147  148  159  161  164  163  154  151  164  126  139  137  142  124  133  141  138  144   37   40   43   45   43   39   53   54   36   33  285  276  289  279  275  185  182  195  197  202  186  191  199  190  115  132  125  109  113  153  166  163  152  164   73   67   52   60   54   61  130  108  124  115  120  121  120  105  108  124  101  102   97   98   96  101   91   90  101  102  109  111   92   89   98  106  107  142  158  155  156  154  153  151  
101  108   74   69   64   77   73   67   69    4    8    8   13   14    0   13   16   19   13    5   23   16    9  189  184  199  204  175  167  159  167  158  180  158  169  178  167  176  180  166  171  173  170  253  233  182  191  180  185  193  176   85   92   94   95  102   80   82   97   86   91  101   92   84   88   83   94   87   78   79   84   86   91  100   77   88  162  172  173  170  169  163  175  157  175  173  148  168  148  150  161  163  165  164  155  153  165  139  151  149  155  136  145  154  150  156   43   48   51   51   53   48   61   60   42   38  295  286  300  289  286  182  180  193  194  199  183  187  197  187  127  143  136  120  124  161  173  170  160  171   75   70   54   64   55   64  141  120  135  125  131  132  132  116  119  135   90   91   85   86   84   89   80   79   90   92   97   99   81   77  109  117  118  139  155  151  153  152  150  148  
 90   96   75   67   64   77   71   66   68   10   12   12    1   10   13    0   14    8    3   15   10    3   10  186  181  196  202  169  161  153  162  153  175  152  164  173  163  171  175  161  166  167  164  240  219  169  178  167  172  180  163   86   94   94   98  102   82   84   98   87   91  103   94   97  101   96  107  100   91   92   97   98  104  113   90  101  151  161  163  159  159  153  165  147  164  163  138  158  138  139  151  153  155  154  145  143  155  126  138  136  142  124  132  142  137  143   30   35   38   39   39   34   48   47   29   26  282  273  287  276  273  175  173  185  187  192  176  181  189  180  124  141  134  118  122  148  160  157  147  158   82   77   61   69   63   71  139  117  133  125  129  131  129  114  118  133  103  104   98  100   97  102   93   92  103  105  110  112   94   90  107  116  117  132  148  145  146  145  143  141  
100  103   62   54   51   64   59   53   55   13    8   20   15   23   16   14    0   22   11   12   21   12   20  199  195  210  215  182  175  167  175  166  189  165  178  186  176  184  188  174  180  181  178  247  226  174  183  171  176  185  168   98  106  107  109  115   94   96  111  100  104  115  106   91   96   91  102   94   84   87   90   91   98  107   83   97  147  157  158  155  154  148  160  142  160  158  132  153  133  135  146  148  149  149  139  138  150  134  145  143  149  132  140  150  145  151   33   39   42   41   46   40   51   48   31   28  287  278  292  281  278  166  164  177  178  184  167  171  181  172  137  154  147  131  136  149  161  158  150  159   90   86   70   79   71   79  152  131  146  138  142  144  142  127  131  147   99  100   92   96   92   97   89   87  100  103  106  108   90   87  120  129  130  123  139  135  137  136  134  133  
 82   89   82   74   71   85   78   73   75   17   21   14    8    8   19    8   22    0   11   22    7   10   12  178  174  188  194  160  153  145  153  144  167  143  156  164  154  162  166  153  158  159  156  234  214  165  173  163  167  175  158   80   88   87   93   96   76   79   92   81   85   97   89  103  107  102  113  106   97   98  104  105  110  119   97  107  152  162  164  160  161  155  166  148  165  165  141  159  139  141  152  154  157  156  147  144  157  120  132  130  136  117  126  135  131  137   30   32   35   38   35   31   45   46   29   26  277  268  282  271  267  179  176  189  191  196  180  185  193  183  116  133  126  110  115  145  158  155  144  156   80   74   59   66   61   68  132  110  126  118  122  124  121  107  111  126  108  109  104  105  103  108   98   97  108  110  116  118   99   96  100  110  109  136  152  150  150  149  147  145  
 91   96   72   65   61   74   68   63   65   10   11   13    4   13   13    3   11   11    0   14   11    3   12  188  184  199  204  171  164  156  164  155  178  154  167  175  165  173  177  163  169  170  167  241  220  169  178  167  172  180  163   89   96   97  101  105   84   87  101   90   94  105   97   96  100   96  107   99   90   92   96   98  103  112   89  101  149  160  161  157  157  152  163  145  163  161  136  156  136  138  149  151  153  153  143  141  153  127  139  137  142  125  133  143  138  144   30   35   37   38   40   34   47   47   28   25  282  273  287  276  273  173  171  183  185  190  174  178  187  178  127  143  137  120  125  147  160  156  147  158   84   79   63   72   65   73  142  120  136  128  132  134  131  117  121  136  103  104   97   99   96  102   93   91  103  105  110  112   94   90  110  119  119  130  145  143  143  142  141  139  
104  110   69   64   59   72   69   62   64    5    4   13   15   19    5   15   12   22   14    0   25   17   14  194  190  204  210  180  172  164  172  163  185  162  174  183  172  181  185  171  176  178  175  255  234  183  192  181  185  194  177   90   97   99  100  107   86   87  102   92   96  106   97   82   86   82   93   85   76   78   82   84   89   98   75   87  159  169  171  167  166  160  172  154  172  170  145  165  146  147  158  160  162  162  152  150  162  141  153  151  156  138  147  156  152  158   43   48   51   51   54   48   61   59   41   38  296  287  301  290  287  178  176  189  190  195  179  183  193  184  132  148  142  126  129  160  172  169  160  170   79   75   58   68   59   68  146  125  140  130  136  137  137  121  124  140   89   90   83   86   83   88   79   77   90   92   96   98   80   76  115  122  124  135  151  146  149  148  146  144  
 80   85   79   70   68   81   73   70   71   20   22   20   11   15   23   10   21    7   11   25    0    9   18  182  177  192  198  162  155  147  156  146  169  145  159  166  157  165  169  155  160  162  159  230  209  159  168  157  162  170  153   86   94   92   99  102   82   85   98   86   91  103   95  107  111  107  117  110  101  103  107  109  114  123  100  112  145  156  157  153  154  148  159  141  158  158  134  152  132  134  145  147  150  149  140  137  150  116  128  126  131  113  122  131  127  133   23   26   28   31   29   25   39   40   22   19  272  263  277  266  263  173  170  182  185  190  173  179  186  177  120  137  131  114  120  139  151  148  138  150   87   81   66   73   68   75  136  114  130  123  126  129  125  111  115  130  113  114  108  110  107  112  103  102  113  115  120  123  104  100  104  115  114  130  145  144  143  142  141  139  
 89   94   73   65   62   75   69   64   65   12   14   15    5   13   16    3   12   10    3   17    9    0   13  188  183  198  204  170  163  154  163  154  176  153  166  174  164  172  176  162  167  169  166  238  217  167  175  165  169  177  161   89   96   96  101  105   84   87  101   90   94  106   97   99  103   98  109  101   93   94   99  100  106  115   92  104  148  158  160  156  156  150  161  144  161  160  135  154  135  136  147  149  152  151  142  139  152  124  136  134  140  122  130  140  135  141   27   32   35   36   37   32   45   44   26   23  280  271  284  274  270  172  169  182  184  189  173  178  186  177  126  143  136  120  125  145  157  154  145  155   86   80   64   73   66   74  141  119  135  127  131  133  131  116  120  136  105  106  100  102   99  104   95   94  106  108  112  115   96   93  109  119  119  129  145  142  142  141  140  138  
 93  101   81   74   70   84   79   73   75    9   14    2    9    5    9   10   20   12   12   14   18   13    0  181  176  191  197  166  158  150  158  150  172  149  161  170  159  167  171  157  163  164  161  246  226  177  185  175  179  187  170   78   86   87   90   95   74   76   91   80   84   95   86   92   95   91  101   94   86   86   92   94   98  107   85   95  161  171  173  169  169  163  174  157  174  173  148  168  148  149  161  163  165  164  155  153  165  131  144  142  147  129  138  147  143  149   40   43   46   48   47   43   57   57   39   35  289  280  294  283  280  185  182  195  197  202  186  190  199  190  119  135  129  113  116  157  169  166  156  167   72   67   51   60   53   61  133  112  127  118  123  125  124  108  112  128   96   97   92   93   91   96   86   85   96   98  104  106   87   84  102  110  111  142  157  154  155  154  153  151  
148  168  261  252  249  263  255  251  253  190  195  181  185  177  189  186  199  178  188  194  182  188  181    0    5   11   16   51   45   48   42   51   34   53   32   43   34   38   39   37   40   36   42  241  234  227  225  232  228  227  218  109  104   97  109   93  113  115  100  106  103  100  107  242  239  237  243  241  241  234  247  248  245  251  239  237  288  299  303  296  304  300  303  291  300  307  290  296  282  282  293  293  302  298  295  286  300  169  184  184  182  169  178  169  181  182  193  187  188  196  180  185  193  200  194  194  302  295  302  300  287  339  334  345  352  354  339  347  348  339   62   46   52   68   66  243  257  254  235  258  147  142  153  141  155  146   50   69   56   69   58   60   57   73   71   55  232  232  238  229  233  238  227  230  227  224  240  244  228  225   79   77   71  301  314  316  311  310  309  307  
144  163  256  248  245  258  251  247  248  185  191  177  180  172  184  181  195  174  184  190  177  183  176    5    0   15   21   48   41   44   38   46   31   49   28   40   30   34   36   32   36   32   38  238  231  223  221  228  223  223  213  105  101   93  106   89  109  111   96  102  100   97  103  239  235  233  240  238  237  230  244  244  242  248  236  234  284  295  298  291  299  295  299  286  296  303  285  292  277  277  288  288  297  293  290  281  295  164  180  180  177  165  173  165  176  178  189  183  183  191  176  180  189  196  189  189  298  291  299  297  283  335  329  340  347  349  334  342  343  334   58   42   48   64   63  238  252  249  230  253  144  139  150  138  151  143   47   65   52   66   54   56   53   69   67   51  229  229  235  226  230  234  223  226  224  221  237  241  225  221   75   74   67  297  309  312  307  306  304  302  
156  176  271  262  260  273  265  261  263  200  205  192  195  187  199  196  210  188  199  204  192  198  191   11   15    0    9   54   50   55   48   57   37   59   39   46   41   41   41   43   44   41   47  243  237  232  229  237  232  232  223  120  115  108  120  104  124  126  110  117  114  111  117  253  249  248  254  252  252  244  258  258  256  262  250  248  296  307  311  303  312  308  311  299  308  315  298  304  290  290  301  300  310  306  303  294  308  175  190  190  187  175  183  174  186  187  203  197  197  205  190  194  203  210  204  203  303  296  304  302  288  348  342  353  361  363  347  356  357  348   73   57   63   79   77  249  263  260  241  264  158  153  164  152  166  157   61   80   67   80   69   71   68   84   82   66  242  243  249  240  244  248  238  240  238  235  251  255  239  236   90   88   82  310  323  325  320  319  318  316  
164  184  277  268  265  279  271  267  269  205  211  197  201  193  204  202  215  194  204  210  198  204  197   16   21    9    0   63   58   63   56   65   46   68   47   54   49   50   50   51   53   50   55  251  245  240  238  246  241  240  231  124  119  112  122  107  128  129  114  121  118  114  121  256  252  250  256  255  255  247  261  261  258  264  253  250  304  315  319  311  320  316  319  307  316  323  306  312  298  298  309  308  318  313  311  302  316  183  198  198  196  184  192  183  195  196  210  204  204  212  196  201  210  217  210  210  312  305  312  310  297  356  350  361  368  370  355  363  364  355   78   61   68   84   81  258  271  269  249  273  160  156  168  156  169  160   65   85   71   83   73   74   73   89   86   70  245  245  252  242  247  251  240  243  240  237  253  257  242  238   95   91   86  318  330  332  328  326  325  323  
110  128  240  230  230  242  232  230  232  175  180  167  168  161  175  169  182  160  171  180  162  170  166   51   48   54   63    0   11   18   13   18   17   18   23    8   22   13   13   21   13   16   12  191  184  178  175  184  179  178  169  110  109   97  118   99  114  118  106  107  106  110  113  242  241  238  246  242  239  234  246  247  246  254  238  239  248  259  263  255  264  261  263  252  259  268  253  256  244  243  254  253  263  258  257  247  261  123  137  137  134  123  131  121  133  134  168  161  161  169  153  158  164  171  169  170  251  244  252  249  236  304  298  308  316  318  303  312  311  302   63   57   59   66   74  198  211  209  189  213  154  147  153  143  156  149   66   69   68   83   65   73   58   75   77   66  236  236  239  233  235  240  229  231  232  230  244  248  230  227   77   87   74  269  281  284  278  277  276  273  
109  127  234  225  223  236  227  224  226  167  172  159  161  154  167  161  175  153  164  172  155  163  158   45   41   50   58   11    0    8    3    9   15   11   13   11   12   10   13   10    6    9    4  199  191  182  180  188  183  182  173  100   99   87  107   88  103  107   95   97   95   99  102  232  231  228  236  233  230  225  237  237  237  244  228  230  248  259  263  255  264  260  263  251  259  267  251  256  242  242  253  252  262  258  256  246  260  125  140  140  137  125  133  124  136  138  163  156  156  164  148  153  160  167  164  164  258  251  260  257  244  302  296  307  314  316  301  310  310  301   52   46   48   55   63  199  213  210  191  214  143  136  143  133  146  139   55   58   56   72   53   62   47   65   66   54  226  226  230  223  226  230  219  221  222  220  234  238  221  217   66   75   63  266  278  281  275  274  273  270  
102  121  226  217  215  228  219  216  218  159  164  151  152  145  159  153  167  145  156  164  147  154  150   48   44   55   63   18    8    0    9    3   22    5   16   20   14   17   21   11   13   15   11  199  190  179  177  184  180  180  170   92   91   79  100   81   95   99   88   89   88   91   95  224  223  220  228  225  222  216  228  229  229  236  220  221  242  253  257  249  258  254  257  245  254  261  245  250  236  236  247  246  256  252  250  240  254  121  136  136  134  121  130  121  133  134  155  148  148  156  140  146  152  160  156  156  259  251  260  256  244  296  289  300  308  309  294  303  303  294   45   41   41   48   56  195  209  206  187  210  136  129  135  125  138  131   49   50   50   65   47   56   40   57   59   48  218  218  221  215  217  222  211  213  214  212  226  230  212  209   59   69   56  259  271  274  268  267  266  263  
110  129  235  225  224  236  227  225  226  167  172  160  161  154  167  162  175  153  164  172  156  163  158   42   38   48   56   13    3    9    0   10   14   12   11   12    9    9   13    8    4    7    3  201  193  184  182  190  185  185  175   99   97   86  106   87  102  106   94   96   94   97  101  232  230  227  235  232  229  224  236  237  236  243  228  229  249  260  264  257  265  262  264  253  261  269  253  257  244  244  255  254  264  259  257  248  261  127  142  142  139  127  136  126  139  140  164  157  157  165  149  154  161  168  164  165  261  254  262  259  246  304  297  308  316  317  302  311  311  302   51   44   46   54   61  201  215  212  193  216  142  135  142  132  145  138   53   57   55   70   52   60   45   63   65   52  225  225  229  222  225  230  218  220  221  219  233  237  220  216   65   74   62  267  279  282  276  275  274  272  
100  119  225  216  214  227  218  215  217  158  163  151  152  145  158  153  166  144  155  163  146  154  150   51   46   57   65   18    9    3   10    0   24    2   18   20   16   19   22   14   14   17   12  196  187  176  175  182  177  177  167   93   92   80  101   82   96  100   89   89   89   93   96  225  223  220  228  225  222  217  229  229  229  236  220  222  240  251  255  247  256  252  255  243  251  259  243  248  234  234  245  244  254  249  248  238  252  118  134  134  131  119  127  118  130  132  154  147  147  155  139  144  151  158  155  155  256  249  257  254  241  294  287  298  306  308  293  301  301  292   47   43   43   49   57  192  206  204  184  207  137  129  135  125  138  131   51   52   52   67   48   58   41   58   61   50  218  219  222  215  218  223  211  213  215  213  227  231  213  209   59   70   57  257  269  272  267  265  264  262  
123  142  248  239  237  250  241  238  240  180  186  173  174  167  180  175  189  167  178  185  169  176  172   34   31   37   46   17   15   22   14   24    0   26   13    9   14    5    5   15   10    8   11  207  200  195  192  201  195  195  186  110  107   97  115   96  113  117  104  106  105  106  111  243  241  239  246  243  241  235  248  248  247  254  240  240  262  273  277  270  279  275  277  266  274  282  266  270  257  257  268  267  277  272  271  261  275  139  153  153  150  139  147  137  150  151  178  171  170  178  163  168  174  182  178  179  267  260  268  266  252  317  311  322  329  331  316  325  325  316   61   51   54   65   70  213  227  224  205  228  152  146  154  143  156  149   59   67   62   77   60   67   55   73   74   60  236  236  240  233  236  241  229  232  232  229  244  248  231  227   76   83   72  281  293  296  290  289  288  285  
 98  117  224  214  213  226  216  214  216  157  162  150  151  144  158  152  165  143  154  162  145  153  149   53   49   59   68   18   11    5   12    2   26    0   21   21   19   20   24   16   16   19   14  194  185  174  172  179  175  175  165   93   92   80  102   82   96  101   89   90   89   93   96  224  223  220  229  225  222  217  228  229  229  236  220  222  238  249  252  245  253  250  253  241  249  257  241  246  232  232  243  242  252  247  245  236  250  116  131  131  129  116  125  116  128  129  153  145  145  153  137  143  149  157  153  154  253  246  255  251  239  292  286  296  304  306  291  299  299  290   48   45   45   49   59  190  204  201  182  205  137  130  135  126  138  132   53   52   54   68   50   59   42   59   62   52  218  219  222  215  218  223  211  213  215  213  227  231  213  209   60   71   58  256  267  271  265  263  262  260  
118  137  238  229  227  240  231  228  230  169  175  161  163  156  169  164  178  156  167  174  159  166  161   32   28   39   47   23   13   16   11   18   13   21    0   17    2   11   16    5   10    7   11  212  204  195  193  200  195  195  185   97   94   84  102   83  101  104   91   94   92   93   98  231  228  226  234  231  229  223  235  236  235  241  227  227  258  269  272  265  273  270  273  260  269  277  260  265  252  251  262  262  272  267  265  256  269  137  152  152  149  137  145  137  148  150  168  162  162  170  154  159  166  173  169  169  272  265  273  270  257  311  304  315  323  325  310  318  319  310   48   38   41   52   57  211  224  222  203  226  139  133  141  130  143  136   46   54   49   65   47   54   42   60   61   47  223  223  227  220  223  228  217  219  219  217  231  235  218  215   64   69   59  273  286  289  283  282  281  278  
117  135  245  235  234  247  237  235  237  178  183  171  172  165  178  173  186  164  175  183  166  174  170   43   40   46   54    8   11   20   12   20    9   21   17    0   17    6    4   17    9   10    9  198  192  187  184  192  187  186  177  111  109   98  117   98  114  118  105  107  106  109  113  243  242  239  247  244  241  236  248  248  248  255  239  240  256  267  271  263  272  269  271  259  267  275  260  264  251  250  261  260  271  266  264  255  268  131  145  145  142  131  139  129  142  142  174  166  166  174  158  164  170  177  174  175  259  252  260  257  244  311  305  315  323  325  310  319  318  309   62   54   57   66   72  206  219  217  197  221  154  147  154  144  157  150   63   68   65   81   63   71   57   75   76   63  237  237  241  234  236  241  230  232  233  231  245  249  232  228   77   85   74  276  287  291  285  283  282  280  
116  135  236  227  225  238  229  226  228  168  173  160  162  154  167  163  176  154  165  172  157  164  159   34   30   41   49   22   12   14    9   16   14   19    2   17    0   11   16    2    9    7   10  210  202  193  191  198  193  193  183   96   93   83  101   82   99  103   90   92   91   92   97  229  227  225  232  229  227  221  234  235  233  240  226  226  255  266  270  263  271  267  270  258  267  274  258  263  249  249  260  260  270  265  263  254  267  135  150  150  147  135  143  135  146  148  166  159  159  167  152  157  164  171  167  167  270  263  271  268  255  308  302  313  321  322  307  316  316  307   47   37   40   51   56  209  222  220  200  224  138  132  140  129  142  135   46   53   48   64   46   54   41   59   60   46  222  222  226  219  222  227  216  218  218  215  230  234  217  213   62   69   58  271  284  286  281  280  279  276  
118  137  244  234  233  245  236  234  235  176  181  168  170  163  176  171  184  162  173  181  165  172  167   38   34   41   50   13   10   17    9   19    5   20   11    6   11    0    5   12    5    4    6  204  197  190  188  196  191  190  181  106  104   93  112   93  110  113  101  103  102  104  108  240  238  235  243  240  238  232  244  245  244  251  236  236  257  268  272  264  273  270  272  261  269  277  261  265  252  252  263  262  272  267  266  256  270  134  148  149  146  134  142  132  145  146  173  166  165  173  158  163  169  177  173  174  264  257  265  262  249  312  306  316  324  326  311  320  320  311   58   49   52   61   67  209  222  220  200  223  149  143  150  140  153  145   57   64   60   75   58   65   52   70   71   58  232  233  237  230  233  237  226  228  228  226  241  245  228  224   73   80   69  276  288  291  285  284  283  280  
121  139  247  238  236  249  240  237  239  180  185  172  174  167  180  175  188  166  177  185  169  176  171   39   36   41   50   13   13   21   13   22    5   24   16    4   16    5    0   16    9    9   10  202  196  191  188  197  191  190  182  111  109   98  117   98  115  118  105  108  106  108  112  244  242  240  248  244  242  236  248  249  248  255  240  241  259  270  274  266  276  272  274  263  271  279  264  267  254  254  265  264  274  269  268  258  272  135  149  149  146  135  143  133  146  147  176  169  169  177  161  166  173  180  177  177  263  256  264  261  248  315  308  319  327  328  314  322  322  313   62   53   56   66   72  210  223  221  201  225  154  147  155  144  157  150   61   68   64   80   62   69   57   75   76   62  237  237  241  234  237  242  231  233  233  231  245  249  232  228   78   85   73  279  291  294  288  287  286  283  
113  132  234  225  223  236  228  225  226  166  171  158  160  153  166  161  174  153  163  171  155  162  157   37   32   43   51   21   10   11    8   14   15   16    5   17    2   12   16    0    8    8    9  208  200  190  188  196  191  191  181   95   93   82  101   82   99  102   89   92   90   92   96  228  226  224  232  228  226  220  233  233  232  239  225  225  253  264  268  260  269  265  268  256  265  272  256  261  247  247  258  257  267  263  260  251  265  132  147  147  145  132  141  132  144  146  164  157  157  165  150  155  162  169  165  165  268  261  269  266  254  306  300  311  318  320  305  314  314  305   46   38   40   50   56  206  220  217  198  221  138  131  139  128  141  134   46   52   48   64   46   54   40   59   60   46  221  221  225  218  221  226  215  217  217  215  229  233  216  212   62   68   57  269  281  284  279  277  276  274  
114  133  239  229  228  241  232  229  231  171  177  164  165  158  171  166  180  158  169  176  160  167  163   40   36   44   53   13    6   13    4   14   10   16   10    9    9    5    9    8    0    3    2  203  195  188  185  193  188  188  178  102  101   89  109   90  106  110   97   99   98  100  104  235  234  231  239  236  233  228  240  241  240  247  232  232  253  265  268  261  269  266  269  257  265  273  257  261  248  248  259  258  268  263  262  252  266  131  145  145  143  131  139  130  142  143  168  161  161  169  153  158  165  172  169  169  263  256  264  261  248  308  302  312  320  322  307  315  315  306   54   46   48   58   64  205  219  216  197  220  146  139  146  136  148  141   54   60   57   72   54   62   48   66   68   55  228  229  232  225  228  233  222  224  224  222  237  241  223  220   69   77   65  272  284  287  281  280  278  276  
117  136  241  231  230  243  234  231  233  173  178  165  167  159  173  167  181  159  170  178  162  169  164   36   32   41   50   16    9   15    7   17    8   19    7   10    7    4    9    8    3    0    6  206  199  191  189  197  192  191  182  102  100   89  108   89  106  109   97   99   98  100  104  236  234  231  239  236  234  228  240  241  240  247  232  233  256  268  271  264  272  269  272  260  268  276  260  264  251  251  262  261  271  266  264  255  268  134  149  149  146  134  142  133  145  146  170  163  163  171  155  161  167  175  171  171  266  259  267  264  251  311  304  315  323  324  310  318  318  309   54   45   47   58   63  208  222  219  200  223  145  139  146  136  149  141   53   60   56   71   53   61   48   66   67   54  228  229  233  226  229  233  222  224  224  222  237  241  224  220   69   76   65  274  286  289  283  282  281  279  
112  131  237  228  226  239  230  227  229  170  175  162  164  157  170  164  178  156  167  175  159  166  161   42   38   47   55   12    4   11    3   12   11   14   11    9   10    6   10    9    2    6    0  201  193  185  183  191  186  186  176  102  100   89  109   89  105  109   97   98   97  100  104  235  233  230  238  235  232  227  239  240  239  246  231  232  251  262  266  258  267  264  266  255  263  271  255  259  246  246  256  256  266  261  259  250  263  128  143  143  140  129  137  127  140  141  166  159  159  167  151  157  163  171  167  167  261  254  262  259  246  306  300  310  318  320  305  313  313  304   54   46   48   57   64  203  216  214  195  218  145  138  145  135  148  141   55   59   57   72   54   62   48   66   67   55  228  228  232  225  228  232  221  223  224  222  236  240  223  219   68   77   65  270  282  285  279  277  276  274  
156  145  273  262  267  272  259  264  264  250  252  249  241  241  253  240  247  234  241  255  230  238  246  241  238  243  251  191  199  199  201  196  207  194  212  198  210  204  202  208  203  206  201    0   23   82   70   89   80   69   84  252  256  244  268  252  252  258  256  249  251  263  260  337  341  337  347  340  331  333  337  338  344  353  330  341  183  188  192  185  199  201  191  194  185  200  205  188  191  189  192  189  203  195  204  192  198  116  102  104   99  118  108  101  103   97  215  208  205  208  201  207  198  202  217  220   60   54   61   60   45  251  242  245  259  255  248  259  246  241  230  235  232  227  240  123  124  125  116  128  288  279  273  271  277  277  243  230  241  251  235  245  227  235  241  239  342  343  338  339  337  342  332  332  342  343  350  352  334  330  230  249  236  241  242  253  240  239  239  236  
