180

  0   23    7   16   23   15    9   25   33   29    9   24   20  223  225  221  205   51   56   60   65   72   63   46   61   51   65   71   44   65   45   46   79   65   50   53   62   39  204  194  206   74   55  197  193  163  169  174  186  197  160  194  173  199  165  151  144  127  147  130  136  119  144  148  140  121  134  128  125  163  140  119  141  124  157  187  195  178  184  203  175  183  202  199  210  181  203  182  188  191  180  206  118  103  117  109  107  117  103  116  113  136   97  110  127  106  120  110  135  105   98  101  122  128  250  256  269  261  283  269  263  284  278  270  275  258  262  248  274  253  278   91   91   56  104   73   85   70   89   67   66   68   59  132  125  110  149  148  207  206  223  191  201  232  208  212  192  201  185  179  167  207  200   79   85  107   98   88   98  114  101  108   93   88   96  120  114   99  105  123  
 23    0   27   20   39   12   28   33   31   24   15   35   40  202  204  200  185   29   33   38   43   50   40   28   38   30   43   49   22   43   25   23   58   47   65   74   81   53  190  180  192   86   71  192  188  162  165  171  181  193  156  190  170  195  161  129  121  109  128  115  119   99  126  130  120  102  116  110  108  145  120   99  123  105  148  177  185  170  166  187  157  164  186  181  192  162  185  164  169  173  163  189   97   83   97   92   88   99   83   96   96  119   78   92  108   89  105   93  116   83   78   79  102  107  229  235  248  241  262  248  242  263  258  249  255  237  240  227  253  232  256  100   95   59  110   83   91   75   95   71   75   73   62  114  105   91  133  131  186  184  203  170  180  212  186  193  174  183  165  159  149  189  182   58   63   85   76   66   75   92   79   85   71   65   95  126  121  102  111  127  
  7   27    0   23   16   16   13   20   29   27   16   17   14  229  230  226  211   56   60   63   70   76   65   46   64   56   69   73   48   70   47   49   80   66   54   52   64   43  210  201  213   67   48  204  200  169  176  181  193  204  167  200  180  206  172  154  147  127  147  128  135  119  143  147  140  121  134  128  125  163  140  119  141  124  164  194  202  185  190  210  181  189  209  205  217  187  209  188  194  198  187  213  123  108  123  115  113  124  109  122  120  143  103  116  133  112  127  117  136  107  100  103  123  130  256  261  274  267  288  274  268  290  284  275  281  264  267  253  280  258  283   96   97   62  110   77   91   75   95   73   72   73   65  132  125  111  148  148  207  207  224  193  202  233  210  218  199  208  191  185  174  213  206   82   88  111  100   90  101  118  104  111   98   92   90  114  107   93   98  117  
 16   20   23    0   38   22   15   39   44   38    9   39   36  211  212  208  192   41   48   56   58   65   59   47   56   40   59   68   41   58   45   41   77   67   45   57   61   34  188  179  191   90   71  182  178  148  154  159  171  182  145  179  158  184  150  146  138  129  148  135  139  119  146  150  140  122  136  130  128  165  140  119  143  125  141  172  179  162  169  189  160  169  187  184  196  167  189  167  174  177  166  191  106   90  106   94   94  104   89  103   99  122   83   96  114   91  105   96  136  101   97   98  121  126  238  243  256  248  271  256  251  271  265  257  263  247  251  236  263  240  266   81   78   42   92   64   74   57   77   54   56   55   46  133  125  111  153  151  205  203  222  188  199  231  205  197  178  188  171  166  153  192  186   76   79   99   94   85   91  106   96  103   84   79  108  135  129  113  120  138  
 23   39   16   38    0   27   27   14   26   28   31    8    8  241  243  239  224   68   71   72   81   86   73   52   73   69   78   80   57   80   54   60   86   69   64   55   71   55  226  216  228   51   33  219  216  184  191  196  208  219  182  216  195  221  187  161  154  128  149  126  134  122  142  147  142  123  134  128  125  163  142  121  141  125  180  210  218  201  204  225  196  203  223  220  231  201  224  203  208  212  201  227  136  122  136  130  127  138  122  135  134  157  117  130  147  127  142  131  137  113  104  109  126  134  268  274  287  280  300  287  280  302  297  288  294  275  279  265  291  271  295  108  111   77  123   89  104   89  108   87   84   87   80  133  127  113  146  147  210  211  226  198  205  235  214  232  213  222  204  198  188  227  221   89   97  122  106   96  110  128  112  118  109  103   79   99   93   79   84  103  
 15   12   16   22   27    0   23   21   22   17   13   23   29  215  216  212  197   42   45   47   54   61   49   31   48   43   53   57   31   54   31   34   64   51   64   67   77   52  202  192  204   74   58  201  197  169  174  179  191  202  165  198  178  204  170  138  131  112  133  116  121  104  129  133  125  106  119  113  111  148  125  104  126  109  158  188  196  180  178  199  170  177  198  193  205  175  197  176  182  185  175  201  109   95  109  104  100  112   96  108  109  131   90  104  121  101  117  105  121   91   84   87  107  114  241  247  260  253  274  260  254  275  270  261  267  249  252  239  265  244  268  103  100   64  114   85   95   79   99   75   77   77   67  117  110   96  135  134  192  191  209  177  186  217  194  206  186  195  178  171  162  201  195   66   72   96   84   74   85  102   88   94   83   77   87  116  110   92  101  118  
  9   28   13   15   27   23    0   33   41   38   13   30   23  225  227  223  207   54   60   66   70   77   69   53   67   54   71   77   51   70   53   51   86   73   42   46   54   31  202  193  205   78   58  192  189  157  164  169  181  192  155  188  167  194  160  158  150  135  155  138  144  126  152  156  147  129  142  136  133  171  148  126  149  132  154  184  192  174  184  203  175  183  201  199  211  182  203  182  189  192  181  206  121  105  120  109  109  118  104  118  114  136   98  111  129  106  120  111  143  111  106  108  129  135  252  258  271  263  285  271  265  286  280  272  277  261  265  250  277  255  280   83   84   50   97   64   78   63   82   60   59   61   53  140  132  118  158  157  214  213  231  198  208  239  215  212  193  202  186  180  168  207  200   86   91  112  104   95  103  119  107  114   97   92  103  126  120  106  111  130  
 25   33   20   39   14   21   33    0   13   16   31    5   21  233  235  231  216   61   63   61   71   76   62   39   63   63   68   68   47   71   43   50   73   55   73   68   82   63  223  213  225   53   39  221  217  188  194  199  210  221  184  218  198  223  189  149  142  114  135  112  121  108  129  134  128  109  120  115  111  149  128  108  127  112  179  209  217  201  198  220  190  196  219  214  225  195  217  197  201  206  195  222  127  115  127  124  119  132  115  128  129  152  110  124  140  122  138  126  124  100   91   96  113  121  259  265  278  271  291  278  271  293  288  279  286  266  269  256  281  262  286  116  116   81  129   97  111   95  115   92   91   93   84  120  114   99  133  133  197  197  213  185  192  221  201  226  206  215  197  191  182  221  215   77   86  111   94   84   99  117  100  106   99   93   70   96   90   74   80   98  
 33   31   29   44   26   22   41   13    0    8   35   18   33  225  227  223  209   56   56   51   63   68   52   29   54   58   59   57   39   63   33   43   62   43   83   80   93   72  221  209  221   59   48  223  219  192  196  202  213  224  187  220  201  226  192  137  131  101  122  100  108   96  116  121  116   96  107  102   99  137  116   95  115   99  179  208  216  202  193  215  185  191  214  208  219  189  212  191  195  200  190  217  120  108  120  120  113  127  110  121  125  147  105  119  135  117  134  121  111   88   78   85  100  109  251  256  270  263  283  271  263  285  280  271  278  257  260  248  272  254  277  124  122   86  136  105  117  101  121   98   99   99   89  107  101   87  121  121  184  185  200  172  179  209  189  220  200  209  191  184  176  215  209   66   76  102   82   72   89  107   89   95   91   84   65   95   90   71   80   96  
 29   24   27   38   28   17   38   16    8    0   30   21   34  218  220  216  202   48   48   45   57   61   47   23   48   51   53   52   32   56   27   36   58   40   79   79   91   68  213  202  214   66   54  216  212  185  189  195  206  217  180  214  194  219  185  133  126  100  121  101  108   94  116  121  114   95  107  101   98  136  114   94  114   98  172  201  209  194  186  208  178  183  207  201  212  181  204  184  188  193  183  210  113  101  113  113  106  120  103  114  117  140   98  112  127  110  127  114  110   84   75   81   98  106  244  250  263  256  276  264  257  279  274  264  271  251  254  242  266  247  271  119  116   80  131  101  112   95  116   92   94   94   84  106   99   85  121  121  182  182  199  169  177  207  186  213  193  201  184  177  169  208  202   61   70   96   78   68   84  102   84   90   84   78   71  102   97   78   87  103  
  9   15   16    9   31   13   13   31   35   30    0   30   30  214  215  212  196   42   47   53   57   64   56   41   53   42   58   64   38   57   40   38   73   61   51   59   66   40  195  185  197   82   64  190  187  157  163  168  180  191  154  187  167  193  159  144  137  123  143  128  133  114  140  144  135  117  131  124  122  159  135  114  137  120  149  179  187  171  174  194  166  173  193  189  201  172  194  173  179  182  171  197  109   93  108   99   98  108   93  107  104  127   87  101  118   97  111  101  131   98   93   95  117  122  241  247  259  252  274  259  254  275  269  260  266  249  253  239  265  244  269   89   87   51  101   72   82   66   86   63   64   64   54  128  120  106  147  145  201  200  218  185  195  227  202  202  183  192  175  170  158  198  191   73   78   99   91   82   90  106   94  101   85   79  100  127  121  104  111  129  
 24   35   17   39    8   23   30    5   18   21   30    0   16  236  238  234  219   64   66   65   75   80   67   44   67   65   72   73   50   74   47   54   78   61   70   63   78   60  224  214  226   52   36  220  217  186  193  198  210  220  184  217  196  223  189  154  147  119  140  118  126  114  134  139  134  114  125  120  117  155  134  113  133  117  179  209  217  201  201  222  192  199  221  216  227  197  220  199  204  208  198  224  131  117  131  126  122  134  118  130  131  154  113  126  143  124  139  128  129  105   96  101  118  126  263  268  281  274  295  282  275  297  292  282  289  269  273  260  285  265  289  113  114   80  127   94  108   93  112   90   89   91   82  125  119  105  138  138  202  203  218  190  197  227  206  228  209  218  200  194  184  224  217   82   90  115   99   89  104  121  105  110  103   97   73   97   91   75   81  100  
 20   40   14   36    8   29   23   21   33   34   30   16    0  243  244  240  225   70   73   75   83   89   77   56   77   70   81   84   60   83   58   62   91   74   57   48   63   48  224  215  226   55   35  214  211  179  187  191  204  214  177  211  189  216  183  166  159  134  155  133  141  128  149  154  148  129  141  135  132  170  148  128  148  132  176  207  214  197  204  224  195  203  222  219  231  201  223  202  208  212  201  226  137  122  137  129  127  138  123  136  134  156  117  130  147  126  141  131  144  118  109  114  132  140  269  275  288  281  302  288  282  303  298  289  295  277  281  267  293  272  297  101  104   72  116   82   98   83  102   82   78   81   75  140  134  119  154  154  216  217  233  203  211  241  220  232  213  222  205  199  188  227  220   93  101  124  111  101  114  131  116  122  111  105   86  105   98   86   90  109  
223  202  229  211  241  215  225  233  225  218  214  236  243    0    3    3   22  173  170  174  162  157  173  197  171  172  166  171  186  162  192  183  171  191  237  263  256  230  109   92   94  283  271  185  175  200  179  189  181  188  181  189  193  188  177  121  118  185  178  211  196  171  196  190  172  179  189  186  190  188  173  173  186  179  142  134  140  155   61   69   69   54   74   58   47   55   50   63   49   53   64   66  106  121  106  121  116  110  121  108  117   97  128  116   98  123  117  118  176  152  168  155  166  151   28   33   46   38   60   46   41   61   56   47   53   41   47   26   58   30   56  233  210  204  223  233  218  211  217  206  222  212  205  180  172  176  207  198  168  153  175  142  159  182  142   45   49   41   47   47   67   49   55  164  152  124  155  161  138  121  143  142  134  141  264  306  303  278  293  301  
225  204  230  212  243  216  227  235  227  220  215  238  244    3    0    4   22  175  172  176  164  159  175  199  173  174  168  173  188  164  194  184  174  194  238  264  257  231  107   91   92  285  273  184  173  199  178  188  179  186  180  188  192  186  176  124  121  188  181  214  199  174  199  193  175  182  192  189  193  192  176  176  189  182  141  132  138  153   60   67   68   53   72   56   45   54   48   62   48   52   63   64  107  122  107  122  118  111  123  109  117   98  129  117   99  124  117  119  179  155  171  158  169  154   27   32   44   37   59   44   40   59   54   45   51   42   48   26   58   29   56  233  211  205  223  234  218  212  217  207  222  213  205  183  175  179  211  201  172  156  179  145  162  185  145   43   48   39   46   48   67   47   53  166  154  127  157  164  141  123  145  144  136  143  266  308  305  281  295  304  
221  200  226  208  239  212  223  231  223  216  212  234  240    3    4    0   19  171  168  172  160  155  171  195  169  170  164  169  184  160  190  180  170  190  234  260  254  227  106   90   92  281  269  183  172  197  176  186  178  185  178  187  190  185  174  120  117  184  177  210  195  170  195  190  171  178  188  185  189  188  173  172  185  178  139  131  137  152   58   66   66   51   71   55   45   52   47   60   46   51   61   64  103  118  104  118  114  107  119  105  114   95  125  113   95  120  114  115  175  151  167  154  165  150   30   36   48   40   63   48   43   63   58   49   55   44   50   29   61   32   59  230  208  201  221  230  215  209  214  204  219  210  202  179  171  175  207  197  169  154  176  142  160  183  143   43   46   38   44   44   65   46   52  162  150  123  153  160  137  119  141  140  132  139  262  304  301  277  291  300  
205  185  211  192  224  197  207  216  209  202  196  219  225   22   22   19    0  156  153  158  145  141  158  181  155  155  150  157  170  146  176  166  158  177  217  243  236  210   91   74   78  268  255  166  155  179  158  168  161  168  160  170  172  168  156  116  111  177  173  203  189  162  190  185  166  171  182  179  182  185  167  165  180  171  121  115  121  135   40   52   47   32   56   39   32   33   32   41   27   33   42   50   89  102   89  100   98   90  102   89   96   76  109   96   78  103   96   98  169  141  157  144  158  143   49   54   66   57   81   64   62   80   73   66   71   63   69   47   79   50   77  211  189  183  202  212  197  190  195  185  201  191  184  173  164  167  202  192  171  156  180  143  161  187  146   31   29   22   25   27   46   33   36  150  138  111  143  149  125  108  131  130  118  125  251  293  290  265  279  289  
 51   29   56   41   68   42   54   61   56   48   42   64   70  173  175  171  156    0    9   22   17   25   26   35   20    4   22   35   20   18   28   15   45   46   82   98  100   71  166  154  166  114   99  177  171  152  151  158  167  178  143  175  158  180  147  106   98  100  117  113  113   87  119  121  108   92  108  102  101  134  108   88  113   95  128  156  164  152  138  160  129  136  159  153  164  134  157  136  141  145  135  162   68   54   67   65   59   71   55   67   69   91   50   63   79   62   79   66  105   65   65   62   88   89  200  205  218  211  232  219  212  234  228  220  226  208  211  197  224  202  227  106   95   62  112   93   94   78   97   73   82   77   65  103   93   81  128  124  169  166  186  150  162  195  166  165  145  154  136  130  121  160  154   41   40   58   58   50   50   65   56   64   43   38  113  149  144  123  134  148  
 56   33   60   48   71   45   60   63   56   48   47   66   73  170  172  168  153    9    0   14   10   17   18   31   12   12   13   27   17   10   25   13   36   40   90  105  108   79  169  156  168  114  101  183  177  159  157  165  173  184  150  182  165  186  153   99   90   92  108  105  104   78  111  112   99   83   99   93   92  125   99   79  105   86  134  160  169  157  138  160  130  135  160  153  163  133  156  136  140  144  135  162   65   53   65   67   58   72   55   66   71   92   51   64   79   64   82   67   96   56   56   53   80   81  197  202  215  209  229  216  209  231  226  217  223  204  207  194  220  199  224  115  103   71  120  102  103   87  105   82   91   86   74   95   84   72  120  115  161  157  177  142  154  186  158  164  145  153  135  128  121  160  154   32   32   51   49   41   43   59   48   56   38   32  109  147  142  120  132  145  
 60   38   63   56   72   47   66   61   51   45   53   65   75  174  176  172  158   22   14    0   15   17    4   23    3   26    8   13   15   14   18   15   23   26  100  112  117   88  180  166  178  110   99  197  191  173  171  179  187  198  164  196  179  200  167   92   84   78   95   91   90   65   97   99   86   70   86   79   78  112   87   66   91   73  147  173  181  171  145  169  138  142  169  161  170  140  163  144  146  152  143  171   70   61   70   77   66   81   64   73   82  102   61   74   87   75   93   78   83   46   43   42   67   70  199  205  218  212  231  219  212  234  229  219  227  205  208  197  221  202  226  128  117   84  134  114  116  100  119   95  103   99   87   81   72   59  106  102  150  147  167  133  143  176  149  171  152  159  141  134  128  167  162   20   26   51   39   29   39   56   41   48   40   33   99  138  134  110  123  135  
 65   43   70   58   81   54   70   71   63   57   57   75   83  162  164  160  145   17   10   15    0    7   17   37   11   20    8   23   25    1   31   21   32   41   99  115  117   88  165  151  164  122  110  184  177  162  158  166  173  185  151  183  167  187  154   89   81   87  101  102   99   72  106  107   92   78   94   88   87  119   93   73   99   81  133  158  167  157  131  154  124  128  154  147  157  126  149  130  133  138  128  156   57   47   57   63   51   67   49   59   67   87   46   59   73   60   78   63   90   48   50   46   73   73  188  194  207  200  220  207  200  222  217  208  215  195  198  185  210  191  215  122  109   78  127  110  110   94  112   89   99   94   81   89   78   67  115  110  152  148  169  133  145  178  149  157  138  146  128  120  114  153  147   26   23   42   41   34   33   49   39   47   28   22  113  152  148  125  137  150  
 72   50   76   65   86   61   77   76   68   61   64   80   89  157  159  155  141   25   17   17    7    0   17   40   14   27    9   20   30    7   35   27   28   40  106  122  125   95  165  151  163  127  115  187  180  166  162  170  177  188  155  186  171  190  158   82   73   81   95   98   94   66  100  101   86   72   89   82   82  113   87   68   93   75  135  159  168  159  129  153  122  125  152  144  154  123  147  128  130  135  126  154   53   45   53   63   50   66   48   56   67   86   46   58   70   61   79   63   84   41   45   39   67   66  183  189  202  195  215  203  195  217  213  203  210  189  192  180  205  186  209  129  116   86  133  118  117  101  119   96  106  101   88   83   72   62  110  105  145  141  162  126  138  171  141  154  135  143  125  117  112  150  145   21   16   35   34   28   26   42   32   39   23   16  114  154  150  127  140  151  
 63   40   65   59   73   49   69   62   52   47   56   67   77  173  175  171  158   26   18    4   17   17    0   24    6   30    9    9   18   16   20   18   19   24  103  115  120   92  182  168  180  110  100  200  194  177  174  182  190  201  167  199  182  203  170   89   82   75   91   87   87   62   93   95   83   66   82   76   75  109   83   63   88   69  149  175  184  173  146  170  139  143  170  162  171  141  164  145  147  152  144  172   70   62   70   79   67   83   65   74   83  103   62   75   88   77   95   79   80   43   40   39   64   67  199  204  218  211  230  219  211  233  229  219  226  204  207  196  220  202  225  132  120   87  138  118  120  104  122   98  107  103   91   78   68   55  102   98  147  144  163  130  140  172  146  172  152  160  142  134  129  168  162   17   24   49   35   26   37   55   39   45   40   32   97  137  133  109  122  134  
 46   28   46   47   52   31   53   39   29   23   41   44   56  197  199  195  181   35   31   23   37   40   24    0   26   38   31   29   15   36    6   20   34   20   93   98  107   81  200  187  199   87   76  211  206  184  184  191  201  212  176  209  191  214  180  110  103   82  102   88   92   73   99  103   94   75   89   83   80  118   94   73   96   78  163  191  199  187  168  191  160  165  191  184  193  163  186  166  169  175  165  193   93   83   93   98   88  103   85   96  102  123   82   95  109   95  113   98   90   61   53   57   77   83  223  228  241  235  254  243  235  257  253  243  250  228  231  220  244  226  249  127  120   85  136  111  118  101  121   97  102  100   88   87   79   65  106  104  161  161  178  147  155  186  164  194  175  182  165  157  151  190  184   38   47   73   55   45   61   79   61   66   63   56   78  116  111   89  101  114  
 61   38   64   56   73   48   67   63   54   48   53   67   77  171  173  169  155   20   12    3   11   14    6   26    0   24    5   15   17   11   21   15   25   29   99  112  117   88  177  163  175  113  101  194  188  171  168  176  184  195  161  193  176  197  164   91   83   80   96   93   92   67   99  101   88   72   88   81   80  114   88   68   93   74  144  169  178  168  142  166  135  139  165  158  167  137  160  141  143  149  139  167   67   58   67   74   63   78   60   70   78   99   57   70   84   72   90   74   85   46   45   43   68   71  197  202  216  209  229  217  209  231  227  217  224  203  206  194  218  200  223  127  115   82  132  113  115   99  117   93  102   98   85   83   73   61  108  103  150  148  167  133  144  176  149  168  149  156  138  131  125  164  158   21   24   48   39   30   37   55   40   47   37   30  102  141  137  114  126  139  
 51   30   56   40   69   43   54   63   58   51   42   65   70  172  174  170  155    4   12   26   20   27   30   38   24    0   25   39   23   20   32   18   48   50   80   97   98   69  163  151  163  116  101  173  168  148  147  154  163  174  139  172  154  176  143  108  100  104  120  117  116   90  123  125  111   96  112  105  104  138  111   91  117   98  125  153  161  149  136  157  127  134  156  151  162  132  155  134  139  143  133  160   67   52   67   62   57   69   53   66   67   89   48   61   78   59   76   63  108   68   68   65   92   92  199  205  218  210  232  218  212  233  228  219  225  207  211  197  224  202  227  103   91   59  108   91   91   75   93   70   79   74   62  107   97   85  132  127  172  168  189  153  165  198  168  163  144  152  135  129  119  159  152   44   43   59   60   53   52   66   59   66   44   39  116  152  147  126  137  151  
 65   43   69   59   78   53   71   68   59   53   58   72   81  166  168  164  150   22   13    8    8    9    9   31    5   25    0   15   22    7   26   19   25   33  102  116  120   91  173  159  171  118  106  192  185  169  166  174  182  193  159  191  175  195  162   87   79   80   95   94   92   65   99  100   86   71   87   81   80  113   87   67   92   74  141  166  175  165  138  161  130  134  161  153  163  132  155  136  139  144  135  163   62   53   62   70   58   74   56   65   74   94   53   66   79   68   86   70   84   43   44   40   67   68  192  197  211  204  224  212  204  226  221  212  219  198  201  189  213  195  218  128  116   84  133  115  116  100  118   94  104   99   87   82   72   60  108  103  148  145  165  130  141  174  146  163  144  151  134  126  121  159  154   19   20   43   36   28   33   50   36   44   32   25  106  145  141  118  131  143  
 71   49   73   68   80   57   77   68   57   52   64   73   84  171  173  169  157   35   27   13   23   20    9   29   15   39   15    0   27   22   26   27   10   21  112  123  129  101  185  171  183  114  105  207  200  184  181  189  196  208  174  206  190  210  177   81   75   65   82   79   77   52   84   86   73   57   73   66   65   99   74   53   78   60  155  180  189  179  148  172  141  143  172  163  172  141  165  146  147  153  145  173   70   65   71   84   70   86   68   75   87  106   67   79   90   81   99   83   70   34   30   30   54   58  196  202  215  209  228  217  208  231  227  216  224  201  204  193  216  199  222  141  130   97  147  127  129  113  132  108  116  112  100   68   59   46   93   89  137  135  154  121  131  163  137  172  153  160  142  134  131  168  163    9   20   47   27   17   33   51   32   38   40   32   95  136  133  109  122  133  
 44   22   48   41   57   31   51   47   39   32   38   50   60  186  188  184  170   20   17   15   25   30   18   15   17   23   22   27    0   24    9    5   36   29   86   97  102   75  185  173  185   98   85  196  191  170  170  177  186  197  162  194  177  199  166  107   99   89  107   98  100   78  107  110   99   81   96   90   88  124   99   78  102   84  148  176  184  172  155  177  147  152  177  170  180  150  173  153  157  161  152  179   81   70   81   83   75   89   72   83   88  109   68   81   96   81   98   84   95   61   56   57   80   85  213  218  231  225  245  232  225  247  242  232  239  219  222  210  235  215  239  117  108   74  125  102  107   90  110   85   92   89   77   93   84   70  115  112  164  162  181  148  158  190  164  181  162  170  152  145  138  177  171   35   41   65   53   44   54   71   57   63   53   46   93  130  125  103  115  129  
 65   43   70   58   80   54   70   71   63   56   57   74   83  162  164  160  146   18   10   14    1    7   16   36   11   20    7   22   24    0   30   21   31   40   99  115  117   88  166  152  164  122  109  185  178  163  159  167  175  186  152  184  168  188  155   89   80   86  101  101   98   71  105  106   91   77   93   87   86  118   92   72   98   80  134  159  168  158  132  155  124  129  155  147  157  127  150  130  133  138  129  157   57   47   57   64   52   68   50   59   68   88   47   60   73   61   79   64   89   47   49   45   72   72  188  194  207  200  220  208  201  223  218  208  215  195  198  186  211  191  215  123  110   79  127  111  111   95  113   89  100   94   82   88   77   66  114  109  152  148  168  132  145  178  148  158  139  146  129  121  115  154  148   25   23   42   40   33   33   49   39   46   29   22  112  151  147  124  137  149  
 45   25   47   45   54   31   53   43   33   27   40   47   58  192  194  190  176   28   25   18   31   35   20    6   21   32   26   26    9   30    0   14   33   23   90   98  106   79  194  181  193   92   80  205  199  178  178  185  194  206  170  203  185  208  174  107  101   84  103   91   94   74  102  105   95   77   91   85   83  120   95   74   98   80  157  184  193  180  162  185  154  159  184  177  187  157  180  160  164  169  159  187   87   77   88   91   82   97   79   90   96  117   75   89  103   89  106   92   91   60   53   56   77   83  218  223  237  230  250  238  230  252  247  238  245  224  227  215  239  221  244  124  116   81  132  108  114   97  117   92   98   96   84   88   80   66  109  106  161  160  178  146  155  187  163  188  169  177  159  151  145  184  178   35   43   69   53   43   57   75   58   64   58   51   85  122  117   95  107  120  
 46   23   49   41   60   34   51   50   43   36   38   54   62  183  184  180  166   15   13   15   21   27   18   20   15   18   19   27    5   21   14    0   37   33   85   97  102   73  180  168  180  102   89  191  186  165  165  172  181  192  157  190  172  194  161  106   98   91  109  101  103   79  110  112  100   84   99   92   91  126  101   80  105   86  143  170  179  167  150  173  142  148  172  166  176  146  169  148  152  157  147  175   77   65   77   78   70   84   67   78   83  105   63   76   91   76   93   79   97   61   58   57   82   85  209  215  228  221  241  228  221  243  238  229  236  216  219  206  232  212  236  115  105   71  122  100  104   87  106   82   90   86   74   95   86   72  118  114  165  162  181  148  158  190  164  177  157  166  148  141  133  172  166   35   40   62   53   44   52   69   56   63   49   43   98  135  130  108  120  134  
 79   58   80   77   86   64   86   73   62   58   73   78   91  171  174  170  158   45   36   23   32   28   19   34   25   48   25   10   36   31   33   37    0   21  122  131  138  110  191  176  188  116  109  215  208  194  190  198  205  216  183  214  199  218  186   75   69   55   72   70   68   42   74   76   64   47   63   57   56   90   64   43   68   50  163  187  196  187  151  176  145  146  176  166  174  144  168  150  150  156  149  177   73   71   74   90   75   92   74   80   94  112   73   85   94   88  106   90   60   27   21   23   45   50  196  201  215  209  227  216  207  230  227  216  224  200  202  193  214  199  221  151  140  107  157  137  139  123  142  118  126  122  110   58   49   36   83   79  128  127  145  113  122  154  130  175  156  162  144  136  134  171  167    9   21   47   21   11   33   51   29   33   44   37   93  135  132  107  121  131  
 65   47   66   67   69   51   73   55   43   40   61   61   74  191  194  190  177   46   40   26   41   40   24   20   29   50   33   21   29   40   23   33   21    0  112  118  127  101  205  191  203   96   89  223  217  198  197  204  212  224  189  221  205  226  193   95   89   62   82   69   72   54   79   83   74   56   69   63   61   98   75   54   76   58  173  199  207  197  168  193  161  164  192  184  192  162  186  167  168  174  166  194   91   85   92  103   90  106   88   96  107  127   86   99  110  100  119  103   70   46   35   42   58   66  216  222  235  229  247  237  228  250  247  236  244  220  222  213  235  219  241  146  138  103  154  130  136  119  139  115  121  118  106   67   60   45   86   84  142  142  159  129  137  167  146  193  174  181  163  154  151  189  184   27   40   67   41   31   53   71   50   54   60   53   75  116  112   88  102  112  
 50   65   54   45   64   64   42   73   83   79   51   70   57  237  238  234  217   82   90  100   99  106  103   93   99   80  102  112   86   99   90   85  122  112    0   30   20   12  193  188  199  108   87  167  167  129  141  143  158  167  131  163  141  170  137  188  179  174  193  179  184  164  192  195  185  167  181  175  173  210  185  164  188  170  139  171  177  156  188  203  178  189  200  201  215  188  207  186  195  196  184  206  138  120  137  116  123  127  118  132  121  141  111  121  139  114  122  119  181  145  142  142  166  170  265  270  282  274  297  281  278  297  290  283  287  276  280  263  292  267  293   45   53   34   61   25   45   35   49   37   25   33   34  179  170  156  198  196  250  247  266  232  243  275  248  216  198  208  193  190  174  211  203  120  122  137  138  129  132  145  138  146  122  119  143  161  154  143  146  166  
 53   74   52   57   55   67   46   68   80   79   59   63   48  263  264  260  243   98  105  112  115  122  115   98  112   97  116  123   97  115   98   97  131  118   30    0   21   33  223  218  229   88   68  197  196  157  170  172  187  196  160  192  170  199  167  203  195  179  200  180  188  171  195  200  192  173  186  180  177  215  192  171  193  176  170  201  207  186  216  232  206  217  229  230  243  215  235  214  222  224  212  235  161  143  160  143  147  153  142  156  147  169  135  147  165  140  150  145  188  157  151  153  175  181  290  296  308  300  323  307  303  323  316  309  313  300  305  288  317  292  318   70   83   63   88   52   73   65   78   67   55   63   64  185  177  163  200  200  259  258  276  244  253  285  260  244  226  236  220  216  201  239  232  132  136  155  150  140  148  163  152  159  141  136  131  142  135  128  128  148  
 62   81   64   61   71   77   54   82   93   91   66   78   63  256  257  254  236  100  108  117  117  125  120  107  117   98  120  129  102  117  106  102  138  127   20   21    0   29  209  206  216  108   87  178  178  138  153  154  169  178  143  174  151  180  149  206  198  189  209  192  198  179  206  210  201  182  196  190  187  225  201  180  203  185  155  186  191  170  207  221  197  208  218  220  233  207  226  204  214  215  203  224  158  139  157  136  143  147  137  151  140  160  131  141  159  133  141  139  197  162  158  159  182  187  284  289  301  293  317  300  297  316  309  302  306  295  300  282  312  286  312   50   65   53   68   33   55   50   59   54   39   48   53  194  186  172  212  210  266  264  283  249  260  292  265  235  217  227  213  209  193  229  222  137  140  156  155  146  150  164  156  163  141  137  149  161  154  147  148  168  
 39   53   43   34   55   52   31   63   72   68   40   60   48  230  231  227  210   71   79   88   88   95   92   81   88   69   91  101   75   88   79   73  110  101   12   33   29    0  191  185  196  101   80  170  169  133  143  146  160  170  134  166  144  173  140  177  169  162  182  168  172  152  180  183  173  155  170  163  161  198  174  153  176  158  139  170  177  157  182  199  173  183  196  196  209  182  202  180  189  191  179  201  129  111  128  110  115  120  110  124  114  135  103  114  132  107  117  112  170  134  131  131  155  158  257  263  275  267  290  274  270  290  283  276  280  268  272  255  285  260  286   53   58   31   68   34   50   37   55   37   30   35   32  167  158  145  187  185  238  236  255  220  232  264  237  211  193  202  187  183  168  205  198  109  111  127  127  118  121  135  127  134  112  108  133  153  146  134  138  157  
204  190  210  188  226  202  202  223  221  213  195  224  224  109  107  106   91  166  169  180  165  165  182  200  177  163  173  185  185  166  194  180  191  205  193  223  209  191    0   19   15  276  258   80   69  106   81   90   78   82   88   84   94   81   81  183  175  231  234  254  244  213  247  244  225  222  237  232  234  249  226  216  238  224   56   31   33   55   57   40   57   67   35   52   62   68   60   57   69   60   57   43  121  121  120  103  116  100  117  112   98   80  119  107   98  105   87  102  226  187  200  188  211  199  127  130  136  126  151  130  138  145  135  137  131  146  152  128  159  127  151  169  148  160  154  178  157  159  154  156  170  161  159  229  218  215  259  251  250  237  261  221  240  270  228   64   64   70   75   84   67   60   55  183  171  150  184  186  163  153  172  176  148  155  278  315  310  289  300  314  
194  180  201  179  216  192  193  213  209  202  185  214  215   92   91   90   74  154  156  166  151  151  168  187  163  151  159  171  173  152  181  168  176  191  188  218  206  185   19    0   12  266  249   93   83  114   90  100   90   96   95   98  104   95   90  164  156  214  216  237  227  196  230  227  207  205  220  215  217  231  209  199  220  207   59   42   47   64   39   24   38   48   20   35   46   49   43   38   50   42   38   28  105  106  103   89  101   85  103   96   85   65  106   93   82   92   75   89  209  170  184  171  193  182  113  116  123  113  139  118  124  134  124  124  120  131  137  113  145  113  138  169  146  154  155  176  156  155  153  152  167  157  154  211  201  198  242  233  231  218  243  203  221  251  209   48   46   52   57   65   49   44   38  167  155  134  168  170  147  136  156  159  133  140  265  303  298  276  288  301  
206  192  213  191  228  204  205  225  221  214  197  226  226   94   92   92   78  166  168  178  164  163  180  199  175  163  171  183  185  164  193  180  188  203  199  229  216  196   15   12    0  278  261   94   84  119   95  103   92   96  100   99  108   96   94  174  166  225  226  249  238  208  241  238  218  216  231  226  228  242  219  210  231  218   67   45   48   68   46   26   47   55   21   39   47   57   46   46   56   48   47   28  116  118  115  102  113   97  115  108   97   77  118  105   94  104   87  101  220  181  195  183  204  192  112  115  122  111  137  116  123  130  120  122  117  131  138  113  145  112  136  178  156  166  163  186  166  166  163  163  177  168  165  222  212  210  253  244  240  226  251  211  230  259  217   49   51   56   64   73   59   46   41  179  167  145  180  182  158  147  168  171  145  151  277  315  310  288  300  313  
 74   86   67   90   51   74   78   53   59   66   82   52   55  283  285  281  268  114  114  110  122  127  110   87  113  116  118  114   98  122   92  102  116   96  108   88  108  101  276  266  278    0   21  269  267  234  242  246  259  270  233  266  245  272  238  189  184  140  161  128  142  140  149  156  157  138  144  140  136  172  157  139  151  140  231  261  269  252  252  273  243  249  272  267  278  247  270  250  254  259  248  275  179  167  179  178  172  185  168  180  183  205  164  177  193  175  191  179  152  141  128  137  146  158  309  315  328  322  341  329  321  344  339  329  337  315  317  306  330  312  335  153  159  127  169  133  152  138  156  137  132  136  130  147  145  131  149  153  224  228  239  218  221  247  234  279  259  267  250  243  235  274  268  122  133  160  136  127  147  165  145  149  150  143   56   54   47   45   41   61  
 55   71   48   71   33   58   58   39   48   54   64   36   35  271  273  269  255   99  101   99  110  115  100   76  101  101  106  105   85  109   80   89  109   89   87   68   87   80  258  249  261   21    0  249  246  213  222  226  239  249  212  246  224  251  218  184  178  140  162  133  145  138  152  158  157  137  145  141  137  174  157  138  153  140  212  242  250  232  236  257  228  235  256  252  263  233  255  235  240  244  233  260  166  153  166  162  158  170  154  166  167  189  149  162  179  159  174  163  152  135  123  131  143  154  298  303  316  310  330  317  310  332  327  317  324  304  307  295  320  300  324  132  138  107  148  112  131  117  135  116  111  115  109  147  143  129  154  156  225  228  241  216  221  248  233  264  245  253  236  229  220  259  253  113  123  149  129  119  137  155  137  142  138  131   68   74   67   62   61   81  
197  192  204  182  219  201  192  221  223  216  190  220  214  185  184  183  166  177  183  197  184  187  200  211  194  173  192  207  196  185  205  191  215  223  167  197  178  170   80   93   94  269  249    0   11   42   27   25   11    2   37    6   28    3   31  232  223  265  274  284  279  248  284  283  265  256  273  267  267  291  266  251  275  258   55   51   46   33  127  117  122  136  113  128  140  136  136  126  140  133  125  121  161  151  159  129  149  134  147  149  128  122  145  138  140  131  115  131  265  220  230  220  247  239  206  209  216  205  231  210  217  225  214  216  211  224  231  206  238  206  231  130  114  142  111  146  123  133  119  133  142  135  140  265  254  247  295  288  304  293  318  277  294  327  287  142  137  145  145  151  129  137  131  207  198  187  216  214  195  192  206  212  178  183  287  317  311  294  301  319  
