200

  0   27   41   27   23   43  269  276  269  289  271  270  260  288  245  273  249  262  279  254  252  173  175  171  183  184  160  192  154   71   69   78   74   72   92   71   91   71   81   91   90   85   90   82   66   68   69   96   67  159  165  153  169  150  161  182  172  171  168  165  163  176  174  186  178  169  306  315  320  336  321  310  307  317  314  337  317  304  328  313  321  333  331  308  297  321  324  303  347  311  311  324  328  160  162  184  164  160  181  164  176  164  154  167  186  182  177  180  147  166  184  184  153  162  180  147  157  165  157  173  183  120  112  122  130  130  129  103  119  126  131  110  126  107  134  119  145  180  168  162  152  148  178  144  161  180  162  145  174  143  180  159  147  167  181  151  149  157  148  167  157  172  168  178  196  201  208  170  194  186  209  196  173  170  191  173  210  192  291  322  302  315  328  288  318  327  326  319  305  301  300  296  290  318  313  299  296  308  289  264  
 27    0   23    4   12   23  283  292  284  305  287  284  276  304  260  288  264  277  293  269  267  181  181  179  190  190  167  198  160   66   62   82   69   65   98   78   95   77   79   94   86   92   97   88   70   64   69  100   67  185  192  179  196  177  188  209  199  198  194  192  189  203  200  213  204  196  325  334  339  355  339  329  325  336  333  355  334  323  346  331  341  351  349  326  315  339  343  321  365  330  330  342  345  186  189  211  191  187  208  191  203  191  181  194  213  209  203  207  174  193  211  211  180  189  207  173  184  192  184  200  209  146  138  148  155  157  154  129  145  153  158  137  152  133  161  146  171  207  194  189  179  174  204  170  188  207  189  171  201  170  207  185  174  194  208  178  175  184  174  193  184  199  195  169  192  196  202  163  186  182  201  189  168  164  185  167  202  187  308  340  320  332  346  306  336  345  344  337  325  321  318  313  309  337  330  318  315  325  310  285  
 41   23    0   27   18    5  270  279  271  294  276  270  264  291  247  276  251  264  279  257  255  164  163  161  172  172  149  180  142   45   41   64   47   43   81   63   78   62   58   75   64   76   81   73   55   43   50   82   49  198  203  191  207  187  200  221  211  208  206  202  201  215  211  224  216  206  315  324  330  345  328  319  315  326  323  344  324  313  335  320  332  341  339  315  305  329  334  311  355  320  320  333  333  196  197  221  200  198  217  202  214  201  193  206  222  218  214  217  185  204  221  220  192  200  216  183  196  201  193  210  221  151  139  151  156  163  155  133  151  159  164  141  153  137  165  151  184  216  206  200  191  187  215  182  198  217  201  184  211  181  216  198  184  203  218  188  187  193  186  205  193  209  205  145  169  174  179  140  163  159  178  166  145  141  163  145  179  164  298  329  310  322  336  296  326  335  334  326  317  313  307  302  300  328  318  309  305  314  303  278  
 27    4   27    0   16   26  287  295  287  309  290  287  279  307  263  291  267  280  296  273  271  185  185  182  194  194  170  202  164   70   66   85   72   69  101   81   99   81   82   97   90   96  100   92   74   68   73  104   71  185  192  179  196  177  187  208  199  198  194  192  189  202  200  213  204  196  328  337  342  357  342  331  328  338  336  358  337  326  349  334  343  354  352  329  318  342  346  324  368  333  333  345  348  186  189  211  191  187  208  190  203  191  180  194  213  209  203  207  174  192  211  212  179  189  207  174  183  192  184  200  209  147  139  149  157  158  156  130  146  154  158  138  153  135  162  147  170  207  194  189  178  173  204  170  188  207  188  170  201  170  207  185  174  194  208  178  175  184  174  193  184  199  195  172  195  200  206  167  189  185  205  192  171  168  189  171  205  190  311  343  323  335  349  309  339  348  347  340  328  324  321  316  311  340  333  321  318  328  312  287  
 23   12   18   16    0   21  271  280  272  293  275  271  264  291  247  276  252  265  280  257  255  169  169  167  178  178  155  187  148   56   53   70   59   56   86   66   83   65   68   82   76   80   85   76   58   54   57   88   56  181  187  174  191  171  183  204  194  192  190  186  185  198  195  208  199  190  313  322  327  342  327  317  313  324  321  342  322  311  334  318  329  339  337  314  303  327  331  309  353  318  318  330  332  181  182  206  185  182  202  186  198  185  176  189  207  203  198  202  169  188  205  205  175  184  201  168  179  186  178  194  205  138  128  139  146  149  145  121  137  145  150  128  142  125  152  138  167  201  190  184  175  170  199  165  183  201  184  167  195  165  201  181  168  188  202  172  171  178  170  188  178  194  189  161  182  187  193  155  178  172  193  180  158  155  176  158  194  178  296  328  308  320  334  294  324  333  332  324  313  309  306  301  297  325  317  306  303  313  298  273  
 43   23    5   26   21    0  274  284  275  298  280  274  268  295  251  280  255  268  283  261  259  168  167  165  175  175  152  183  145   48   43   68   50   46   85   67   82   66   61   78   67   80   85   77   59   46   54   86   53  201  206  194  210  191  203  224  214  211  210  206  205  218  215  227  219  209  320  328  334  349  332  323  319  331  328  348  328  318  339  324  337  345  343  320  310  334  338  315  360  325  325  337  337  200  201  225  204  201  221  205  217  205  196  209  226  222  218  221  189  208  224  224  196  203  219  187  200  205  197  213  224  155  144  155  161  167  160  137  155  163  168  146  158  141  169  156  187  220  210  203  195  190  219  185  202  221  204  187  214  184  220  201  188  207  222  192  191  197  190  208  197  213  208  146  171  175  181  142  164  161  179  167  147  143  164  147  180  165  302  334  315  326  340  300  331  340  338  330  321  317  312  307  304  333  322  314  309  319  308  282  
269  283  270  287  271  274    0   15    8   30   27    7   21   22   25   14   21    8   13   16   21  115  121  119  115  117  132  113  138  230  237  207  232  235  190  207  194  209  219  199  219  194  190  198  215  232  222  191  223  273  256  259  254  249  270  272  268  251  265  249  266  276  256  263  265  249   71   73   87   90   68   74   64   81   77   83   65   69   75   61   92   82   81   61   57   77   88   60   99   74   73   83   68  246  234  256  245  254  249  259  256  254  267  266  243  241  261  256  258  265  253  238  269  250  240  242  271  237  240  251  267  205  190  196  181  212  181  205  210  214  217  208  185  203  200  212  268  246  269  254  269  270  260  253  250  251  266  274  248  252  249  274  245  239  247  247  264  238  266  262  239  253  250  218  185  190  195  205  214  184  208  204  195  198  193  192  217  194   49   71   63   64   81   48   74   80   78   68   88   81   53   48   69   85   55   77   62   57   96   85  
276  292  279  295  280  284   15    0    9   16   15   21   18   12   32    4   28   17   22   23   24  127  134  132  128  131  145  127  151  241  247  217  242  245  200  216  204  218  229  210  230  204  199  207  225  242  232  202  233  272  254  258  252  248  269  270  266  249  263  247  264  274  253  260  263  247   56   58   72   76   54   58   49   65   62   69   51   54   61   46   77   68   67   46   42   62   73   45   85   58   58   68   55  245  233  253  243  253  246  257  253  252  266  264  239  238  258  254  257  263  250  235  268  248  237  242  269  235  239  249  264  206  193  197  183  212  183  208  211  215  217  211  186  206  200  213  268  243  268  252  268  269  258  253  248  249  265  274  246  251  247  273  244  237  244  246  264  237  265  261  237  250  248  232  200  205  209  219  228  198  223  219  209  212  207  206  231  209   34   57   48   50   67   33   60   66   63   54   73   66   38   33   54   70   42   62   47   43   82   74  
269  284  271  287  272  275    8    9    0   25   19   15   14   20   24    6   20    8   20   15   17  118  125  123  119  122  136  118  142  232  239  209  234  237  192  208  196  210  221  201  221  195  191  199  217  234  223  193  224  268  251  255  249  244  265  267  263  246  260  244  261  271  251  257  260  244   64   66   80   85   63   66   57   74   70   78   60   62   70   55   85   76   76   55   50   71   81   53   94   67   66   76   64  242  229  250  240  250  244  254  251  249  262  261  237  235  256  251  254  260  248  233  264  245  235  238  266  232  236  246  262  201  187  192  178  208  178  202  206  211  213  205  181  200  196  208  264  240  264  249  265  266  255  249  245  246  261  270  243  247  244  270  241  234  242  243  260  234  261  257  234  247  245  223  191  196  201  210  219  189  215  210  200  204  198  198  223  200   41   66   56   59   75   40   68   74   72   63   80   73   46   41   61   78   50   69   55   51   87   77  
289  305  294  309  293  298   30   16   25    0   19   36   29   13   47   19   43   32   33   38   39  143  150  147  144  147  160  143  166  256  262  232  257  260  215  231  219  232  244  225  245  218  214  222  239  257  246  217  247  277  259  264  257  254  274  274  271  254  268  252  270  279  258  264  267  252   43   43   58   60   38   44   34   51   47   53   35   41   45   30   63   52   51   31   29   47   58   31   69   44   43   53   40  250  238  257  248  258  250  262  258  257  272  269  243  242  263  258  264  268  254  239  274  254  241  248  275  240  244  254  269  215  202  206  191  220  191  217  219  223  224  219  195  215  208  221  274  247  273  257  274  276  262  259  254  253  270  280  250  258  251  279  250  242  248  252  270  243  271  266  243  255  253  248  216  221  225  234  244  214  239  235  225  228  223  222  247  225   22   41   35   34   51   22   44   50   47   38   61   54   23   19   45   56   26   51   35   27   74   71  
271  287  276  290  275  280   27   15   19   19    0   34   13   25   32   14   29   24   37   25   24  129  137  134  131  134  146  132  152  239  245  215  240  243  198  213  202  215  227  208  229  201  197  204  222  240  229  200  230  259  241  246  239  236  256  257  253  236  250  234  252  261  240  246  249  234   48   52   65   72   53   51   43   58   55   68   49   46   60   44   69   66   65   42   34   58   66   39   82   51   51   63   57  232  220  239  230  240  233  244  240  239  253  251  226  224  245  240  245  250  237  222  256  236  224  229  257  222  226  236  251  195  183  187  172  201  172  198  200  204  206  200  176  196  189  202  256  229  255  239  256  257  244  240  235  235  252  262  232  239  233  261  232  224  231  234  251  224  253  248  225  237  235  237  206  211  216  223  234  203  230  225  213  217  213  211  238  215   25   55   41   47   63   24   55   62   60   51   62   55   33   28   42   63   42   51   38   39   69   59  
270  284  270  287  271  274    7   21   15   36   34    0   28   25   28   20   25   13    9   21   26  113  118  117  112  114  130  110  137  230  236  207  231  234  189  207  194  209  218  198  218  194  189  197  215  231  221  190  222  277  261  264  259  253  275  277  273  256  270  254  271  281  261  268  270  254   77   78   93   95   72   79   69   86   83   87   70   75   79   65   98   86   86   67   63   83   93   66  103   79   78   88   71  251  239  261  250  259  254  264  261  259  272  271  248  246  266  262  263  270  258  244  273  255  245  247  275  242  245  256  272  209  194  200  185  216  185  208  213  219  221  212  188  207  204  215  272  251  274  259  274  274  265  257  255  257  271  279  253  256  254  279  250  244  252  252  269  243  270  267  243  258  255  214  181  186  190  201  209  180  204  200  191  195  188  189  212  190   55   76   69   69   86   54   80   85   82   73   94   87   58   54   75   91   59   83   69   63  102   92  
260  276  264  279  264  268   21   18   14   29   13   28    0   30   20   14   16   15   34   13   11  116  124  121  118  121  133  119  139  226  233  203  228  231  185  201  190  203  215  196  216  189  185  192  210  227  217  188  218  254  237  241  235  231  252  253  249  232  246  230  247  257  237  243  246  230   61   65   78   85   65   64   56   71   68   81   61   59   72   57   82   79   78   55   47   71   79   52   95   64   64   75   69  228  216  236  226  236  230  240  237  235  249  247  223  221  242  237  240  246  234  219  251  231  221  224  252  218  222  232  248  189  175  180  165  195  165  190  193  198  200  193  169  188  183  195  250  226  251  235  251  252  241  235  231  232  248  256  229  234  230  256  227  220  228  229  246  220  248  244  220  234  231  224  193  199  204  210  221  191  217  212  200  204  200  198  225  202   38   67   53   60   76   37   68   75   73   64   74   67   46   41   54   75   54   63   50   52   78   65  
288  304  291  307  291  295   22   12   20   13   25   25   30    0   44   16   40   27   21   34   37  137  143  141  137  139  154  135  160  252  258  229  253  256  211  228  215  229  240  221  241  215  211  219  236  253  243  213  244  284  266  270  264  260  281  281  278  261  275  259  276  285  265  271  274  259   55   54   70   70   47   57   46   63   59   61   45   54   54   40   76   61   61   43   41   58   70   43   78   56   55   64   46  257  244  264  255  265  258  269  265  264  278  276  251  249  270  265  269  275  262  247  280  260  249  254  281  247  251  260  276  219  205  210  195  224  195  220  223  228  229  223  199  218  212  225  280  254  279  264  280  281  269  265  260  260  277  286  257  263  258  285  256  249  256  258  276  249  277  272  249  262  260  239  206  211  215  226  235  205  229  225  216  220  214  214  237  216   35   51   48   45   61   35   56   60   58   48   74   67   35   32   57   68   34   64   48   38   86   82  
245  260  247  263  247  251   25   32   24   47   32   28   20   44    0   29    4   18   37   10    9   96  104  101   99  102  114  100  120  209  215  185  210  213  168  184  172  186  197  178  198  171  167  175  193  210  199  169  200  250  233  236  232  226  247  250  246  229  242  226  243  253  233  241  243  227   80   85   97  105   84   83   75   91   87  100   81   78   91   76  101   98   97   74   67   90   99   71  114   84   83   95   87  223  212  234  222  231  227  236  234  231  244  243  221  219  238  234  235  242  231  217  245  227  218  219  247  214  217  229  245  180  165  171  157  188  157  180  185  190  193  184  160  178  176  187  244  224  247  231  246  246  238  229  227  229  243  250  226  228  227  251  222  217  225  224  241  215  242  240  216  230  227  204  174  180  185  190  202  171  198  193  181  184  181  179  207  183   58   87   73   79   95   56   87   94   92   83   92   86   65   60   72   95   73   82   70   72   94   78  
273  288  276  291  276  280   14    4    6   19   14   20   14   16   29    0   25   14   23   19   21  124  131  129  125  128  142  124  147  237  244  214  239  242  196  213  201  215  226  206  227  200  196  204  221  238  228  198  229  269  251  255  249  245  266  267  263  246  260  244  261  271  251  257  260  244   58   60   74   78   57   60   51   67   64   72   54   56   64   49   79   70   70   49   44   65   75   47   88   60   60   70   58  242  230  250  240  250  243  254  251  249  263  261  237  235  255  251  254  260  247  232  265  245  234  238  266  232  236  246  262  203  189  194  179  209  179  204  208  212  214  207  183  202  197  210  264  240  265  249  265  266  255  249  245  246  262  271  243  248  244  270  241  234  241  243  261  234  262  258  234  247  245  229  197  203  207  216  226  195  221  216  206  210  205  204  229  206   35   60   50   52   69   34   62   68   66   56   74   67   40   35   55   72   45   63   49   45   82   73  
249  264  251  267  252  255   21   28   20   43   29   25   16   40    4   25    0   14   34    5    5  100  108  105  102  105  118  103  124  213  219  189  214  217  172  188  176  190  201  182  202  175  171  179  197  214  204  174  204  252  236  239  234  228  250  253  248  231  245  229  246  256  236  243  245  229   77   81   94  101   80   80   72   87   84   96   77   75   87   72   98   94   93   70   63   86   95   68  111   80   80   91   83  226  214  236  225  234  229  239  236  234  246  246  224  222  241  237  238  245  234  219  248  230  221  222  250  217  220  231  247  184  169  175  160  191  160  184  189  194  196  187  164  182  179  191  247  226  249  234  249  249  240  232  230  232  246  253  228  231  230  254  225  219  228  227  244  218  245  242  219  233  230  208  177  183  188  194  205  175  201  196  184  188  184  182  209  186   54   83   70   75   92   53   83   91   89   79   90   83   62   57   69   91   69   79   67   68   92   77  
262  277  264  280  265  268    8   17    8   32   24   13   15   27   18   14   14    0   21    8   13  110  117  115  111  114  128  111  134  225  231  202  226  230  184  201  189  203  213  194  214  188  184  192  210  226  216  186  217  265  248  251  246  241  262  264  260  243  257  241  258  268  248  255  257  241   71   74   87   92   70   73   64   81   77   86   67   69   77   63   92   84   83   62   57   78   88   60  101   74   73   84   72  238  226  248  237  246  241  251  248  246  259  258  235  233  253  248  250  257  245  231  261  242  232  234  263  229  232  243  259  197  182  188  173  204  173  197  202  207  209  201  177  195  192  204  260  238  261  246  261  262  252  245  242  244  258  266  240  244  241  266  237  231  239  239  256  230  258  255  231  245  242  216  184  189  194  202  212  182  207  203  192  196  191  190  216  193   48   73   63   66   83   47   75   82   80   70   86   79   53   49   66   85   58   75   61   59   92   80  
279  293  279  296  280  283   13   22   20   33   37    9   34   21   37   23   34   21    0   29   34  120  126  125  119  121  138  117  144  238  245  216  239  243  198  216  202  217  226  207  226  203  198  206  224  240  230  199  231  286  269  272  268  262  283  286  282  265  278  262  279  289  269  276  278  262   76   76   91   91   68   78   67   84   81   81   66   74   74   62   97   82   81   64   62   80   91   64   99   77   77   85   65  260  248  269  258  268  262  272  269  267  280  279  256  254  274  270  271  278  266  252  282  263  253  256  284  250  254  264  280  218  203  209  194  225  194  218  222  227  230  221  197  216  213  224  281  259  283  267  282  283  273  266  263  265  279  287  261  265  263  288  258  253  260  261  278  252  279  276  252  266  263  220  186  191  195  207  215  185  209  205  197  201  194  195  217  196   54   72   68   66   83   54   77   82   79   69   94   87   56   53   76   89   55   84   68   60  104   96  
254  269  257  273  257  261   16   23   15   38   25   21   13   34   10   19    5    8   29    0    5  105  112  110  107  109  123  107  128  218  224  195  219  223  177  194  182  195  206  187  207  181  177  184  202  219  209  179  210  257  240  243  239  233  254  257  253  236  249  233  250  260  240  247  250  234   74   77   90   97   75   76   68   84   80   91   72   71   83   68   95   89   88   66   60   82   91   64  106   77   76   87   78  231  219  241  229  239  234  243  240  238  251  250  227  226  245  241  242  249  238  223  253  234  225  226  255  221  225  236  252  189  174  180  165  196  165  189  194  198  201  192  169  187  184  196  252  230  254  238  253  254  245  237  234  236  251  258  232  236  234  259  229  224  232  232  248  223  250  247  223  237  234  212  180  186  191  198  208  178  204  199  188  192  187  186  213  189   51   78   66   71   87   49   79   86   84   75   87   80   57   52   67   88   64   76   63   63   91   77  
252  267  255  271  255  259   21   24   17   39   24   26   11   37    9   21    5   13   34    5    0  105  113  110  108  111  123  108  128  217  223  193  218  222  176  192  180  194  205  186  207  179  175  183  201  218  208  178  208  252  235  239  234  228  250  252  248  231  244  229  245  255  235  242  245  229   71   76   88   96   75   74   66   82   78   91   72   69   83   67   93   89   88   65   58   81   90   62  106   75   74   86   78  226  214  236  224  234  229  238  235  233  246  245  222  221  240  236  238  244  233  218  248  230  220  222  250  216  220  231  247  185  170  176  161  191  161  185  189  194  196  188  164  183  179  191  247  225  249  233  248  249  240  232  229  231  246  254  227  231  229  254  225  219  227  227  244  218  245  242  218  232  229  213  183  188  193  199  210  180  207  202  190  193  189  187  215  191   49   78   64   70   87   48   78   86   83   74   84   77   56   51   64   86   64   73   61   63   87   72  
173  181  164  185  169  168  115  127  118  143  129  113  116  137   96  124  100  110  120  105  105    0   11    5   14   17   18   24   24  121  127  100  121  125   83  103   86  104  108   89  107   89   84   93  111  122  114   82  115  237  226  223  227  214  236  247  239  226  235  221  233  247  230  241  239  223  176  181  192  201  180  179  172  187  183  196  177  174  188  172  196  194  193  171  163  186  194  167  211  180  179  191  182  216  208  235  217  223  228  228  232  224  230  235  226  223  236  234  220  234  233  222  231  221  221  207  234  211  210  226  243  159  138  151  140  172  140  149  163  172  177  157  142  150  163  165  227  226  238  223  231  230  235  214  220  230  233  232  224  213  228  238  209  214  227  213  226  209  226  232  209  227  223  112   89   95  102   97  113   83  114  105   88   91   93   86  122   95  154  183  169  176  192  152  183  191  189  180  185  179  162  157  165  190  169  175  165  168  180  158  
175  181  163  185  169  167  121  134  125  150  137  118  124  143  104  131  108  117  126  112  113   11    0    7    9    9   15   18   21  119  125  100  119  123   84  104   86  105  106   88  104   90   85   94  111  121  113   81  114  245  235  232  236  222  244  256  248  234  243  230  242  255  239  251  248  232  184  189  201  209  187  187  179  195  191  203  184  182  195  180  205  201  201  178  171  194  203  175  218  188  187  199  189  225  217  245  226  232  238  237  241  233  238  244  236  232  245  243  228  242  242  231  239  229  230  215  243  220  219  235  252  167  146  159  149  180  149  157  171  180  185  165  150  158  171  174  235  235  247  232  239  238  244  223  229  239  242  239  233  221  237  246  218  223  237  222  234  217  234  241  218  236  232  102   78   85   91   87  103   72  104   95   79   81   82   76  111   85  162  190  177  183  200  160  191  199  196  187  194  188  169  164  174  198  176  184  173  175  190  167  
171  179  161  182  167  165  119  132  123  147  134  117  121  141  101  129  105  115  125  110  110    5    7    0   13   15   14   23   20  118  124   98  118  121   81  101   84  102  105   87  103   87   82   91  108  119  111   79  112  239  229  225  230  216  238  249  242  228  237  224  235  249  233  244  242  226  181  186  197  206  185  184  176  191  188  201  182  179  192  177  201  199  198  175  168  191  199  172  216  185  184  196  187  219  210  238  220  225  231  230  234  227  232  238  229  226  238  236  222  236  236  225  233  223  224  209  236  214  213  229  246  161  140  153  143  174  142  151  165  174  179  159  144  152  165  168  229  228  240  226  233  232  238  216  222  233  235  233  227  215  231  240  212  217  230  215  228  211  228  235  211  230  226  107   84   91   98   92  108   78  109  100   83   86   88   81  117   90  159  188  174  180  197  157  188  196  194  184  190  184  167  161  170  195  173  180  170  173  185  163  
183  190  172  194  178  175  115  128  119  144  131  112  118  137   99  125  102  111  119  107  108   14    9   13    0    4   23   10   30  128  134  108  127  131   92  113   95  113  115   97  112   99   94  102  120  129  122   90  123  251  240  237  241  228  250  261  253  240  249  235  247  261  244  255  253  237  179  184  196  203  182  182  174  190  186  197  179  177  189  174  200  196  195  173  166  189  197  170  213  183  182  194  182  230  222  249  231  237  242  242  246  238  244  249  240  237  250  248  234  248  247  236  245  235  235  221  248  225  224  240  257  173  152  165  154  186  154  163  177  186  191  171  156  164  177  180  241  240  252  238  245  244  249  228  234  244  247  246  238  227  242  252  224  228  241  227  240  223  240  246  223  241  237  106   79   86   92   92  105   74  105   97   82   85   84   80  112   87  157  185  172  177  194  155  186  193  191  181  190  183  164  159  169  194  170  179  169  170  187  165  
184  190  172  194  178  175  117  131  122  147  134  114  121  139  102  128  105  114  121  109  111   17    9   15    4    0   23    9   30  127  133  108  127  130   92  113   95  113  114   97  111   99   94  102  120  129  122   90  123  253  243  240  244  230  252  264  256  242  252  238  250  264  247  258  256  240  182  187  199  206  184  185  177  193  189  200  181  180  192  177  203  198  198  176  169  192  201  173  215  186  185  197  185  233  225  252  234  240  245  245  249  241  247  252  243  240  252  251  237  251  250  239  248  237  238  224  251  228  227  243  260  176  155  168  157  188  157  166  180  189  193  174  158  166  179  182  243  242  255  240  248  246  252  231  237  247  250  248  241  230  245  255  226  231  244  230  242  225  243  249  226  244  240  103   76   82   88   88  102   71  101   93   79   82   81   77  109   83  160  187  175  180  197  158  189  196  194  184  193  187  167  162  172  197  172  183  172  173  190  168  
160  167  149  170  155  152  132  145  136  160  146  130  133  154  114  142  118  128  138  123  123   18   15   14   23   23    0   32    7  105  111   85  105  108   69   90   71   90   92   74   90   75   71   79   96  106   99   67  100  236  227  223  228  213  235  247  240  227  235  222  233  247  231  243  240  224  193  199  209  219  198  196  189  204  200  214  195  191  205  190  213  212  211  188  180  204  212  185  229  197  197  209  200  217  209  237  218  223  230  228  233  225  229  235  229  225  237  235  219  234  235  225  230  221  223  207  233  213  211  228  244  158  137  151  142  172  141  147  162  172  176  155  142  148  163  164  225  228  238  224  230  228  236  213  220  232  233  230  226  212  230  237  209  216  229  213  224  209  225  232  210  228  224   97   78   85   92   82  100   71  103   93   74   76   81   72  110   83  171  201  186  193  209  170  201  209  206  197  202  196  179  174  182  207  186  192  182  186  196  173  
192  198  180  202  187  183  113  127  118  143  132  110  119  135  100  124  103  111  117  107  108   24   18   23   10    9   32    0   39  135  141  117  135  138  101  122  103  122  122  105  119  108  103  111  128  137  130   98  131  261  250  247  251  238  260  271  263  249  259  245  257  271  254  265  263  247  180  184  196  203  181  183  174  190  187  196  178  178  188  173  201  195  194  173  166  189  198  170  212  183  183  194  181  240  231  259  241  247  252  252  255  248  254  259  249  246  259  257  244  258  257  245  255  244  245  231  258  235  234  250  267  183  162  175  164  196  164  173  187  196  201  181  165  174  186  190  251  249  262  247  255  254  259  238  244  254  257  256  248  237  252  262  233  238  251  237  250  232  250  256  233  251  247  105   76   82   87   91  103   72  101   94   82   85   82   79  109   84  157  184  172  177  194  156  186  193  190  181  191  185  164  159  171  194  168  181  169  170  189  168  
154  160  142  164  148  145  138  151  142  166  152  137  139  160  120  147  124  134  144  128  128   24   21   20   30   30    7   39    0   98  104   78   98  101   62   83   65   83   85   67   83   69   64   72   90  100   92   60   93  232  224  219  225  210  232  245  237  224  232  219  230  244  229  240  237  221  198  204  214  224  204  201  194  209  206  219  200  196  211  196  218  217  216  194  185  209  217  190  234  202  202  214  206  214  207  235  215  220  228  225  230  222  226  232  227  223  234  233  216  231  232  223  227  218  221  204  230  210  208  225  241  155  134  148  139  169  138  143  159  169  174  152  140  144  161  161  221  225  235  221  226  224  234  210  217  229  230  226  223  209  228  234  206  213  227  210  221  207  221  229  207  226  221   94   78   85   93   79   99   70  103   92   72   74   80   70  109   83  177  206  191  199  215  175  206  214  212  203  206  200  185  180  186  212  192  197  187  191  200  177  
 71   66   45   70   56   48  230  241  232  256  239  230  226  252  209  237  213  225  238  218  217  121  119  118  128  127  105  135   98    0    6   24    4    5   41   31   36   28   13   31   20   39   42   36   23    3   12   39   12  208  208  198  211  192  209  228  218  212  213  206  209  224  216  228  222  209  281  289  296  309  291  284  279  292  289  307  287  279  298  283  299  304  303  279  270  294  299  275  320  285  285  298  295  200  198  225  203  203  220  208  218  206  202  213  223  219  220  221  193  212  224  220  202  204  216  187  206  202  196  213  227  146  130  144  145  160  144  129  147  157  163  138  142  132  159  149  194  218  215  205  201  197  220  188  203  220  209  196  213  187  219  208  189  205  220  193  196  195  196  211  195  213  209  107  126  131  137   99  123  116  138  125  102   99  120  102  139  122  262  293  275  285  300  260  291  300  298  290  284  280  271  266  266  294  281  276  270  278  273  247  
 69   62   41   66   53   43  237  247  239  262  245  236  233  258  215  244  219  231  245  224  223  127  125  124  134  133  111  141  104    6    0   30    6    3   48   37   43   34   19   38   24   45   49   42   28    6   18   46   17  210  211  200  214  195  211  230  221  215  216  209  212  226  218  231  224  212  287  295  302  316  298  291  286  298  295  313  294  285  305  289  305  311  309  286  276  300  306  281  326  292  292  304  302  203  202  228  206  206  223  210  221  209  204  216  226  222  223  224  196  214  227  223  204  207  220  190  208  205  199  216  229  150  134  148  149  163  148  132  151  161  166  142  147  136  163  152  196  221  217  208  203  199  223  191  205  223  211  198  216  190  222  210  191  208  223  196  199  198  198  214  198  216  212  109  129  134  140  102  125  119  140  127  106  102  123  105  141  125  268  299  281  292  307  266  297  306  304  296  291  286  277  272  273  301  287  282  277  284  279  254  
 78   82   64   85   70   68  207  217  209  232  215  207  203  229  185  214  189  202  216  195  193  100  100   98  108  108   85  117   78   24   30    0   27   29   18   12   14   10   16   13   25   15   18   12   13   25   14   18   15  197  195  186  198  179  197  215  206  198  201  192  197  212  202  215  209  195  257  265  272  285  267  260  255  268  265  283  263  255  275  259  275  280  279  255  246  270  275  251  296  261  261  274  272  186  183  211  189  190  205  195  204  193  191  201  207  203  206  207  181  199  209  204  191  190  201  174  194  187  182  199  214  130  112  126  126  144  125  113  132  142  147  123  124  116  141  133  183  203  202  192  190  187  207  176  189  205  197  186  199  175  204  197  175  190  205  180  185  181  185  199  181  199  195  108  120  126  133   98  123  110  136  123   99   96  116   98  139  118  238  269  251  261  276  236  267  276  274  266  260  255  247  242  242  270  257  252  246  254  249  223  
 74   69   47   72   59   50  232  242  234  257  240  231  228  253  210  239  214  226  239  219  218  121  119  118  127  127  105  135   98    4    6   27    0    4   43   35   38   32   13   32   17   42   45   39   27    7   16   40   16  212  212  202  216  197  213  232  223  216  218  210  214  228  220  233  226  214  283  290  298  311  293  286  281  294  291  309  289  281  300  285  301  306  305  281  271  296  301  277  322  287  287  300  297  204  203  229  208  208  224  212  222  211  206  218  227  223  224  226  198  216  228  224  206  208  221  192  210  206  200  218  231  151  134  148  149  164  148  133  152  161  167  142  147  136  163  153  198  223  219  209  205  202  225  193  207  224  213  200  218  192  223  213  193  209  224  197  201  199  200  216  200  218  213  103  123  128  134   96  120  113  135  122   99   96  117   99  136  119  263  295  277  287  302  262  293  301  300  291  287  282  273  268  268  296  282  278  272  279  275  250  
 72   65   43   69   56   46  235  245  237  260  243  234  231  256  213  242  217  230  243  223  222  125  123  121  131  130  108  138  101    5    3   29    4    0   46   36   41   33   17   36   21   44   47   41   28    6   17   44   17  211  212  202  215  196  213  232  222  216  217  210  213  228  220  233  226  213  286  293  301  314  296  289  284  297  294  312  292  284  303  288  304  309  308  284  275  299  304  280  325  290  290  303  300  204  203  229  208  207  224  212  222  210  206  217  227  223  224  226  197  216  228  224  205  208  221  191  209  206  200  218  231  151  134  148  150  164  149  133  152  162  167  143  147  137  163  153  197  223  218  209  205  201  224  192  207  224  213  199  218  191  223  212  193  209  224  197  200  199  200  215  200  217  213  106  127  131  138   99  123  117  138  125  103  100  120  102  139  122  267  298  280  290  305  265  296  304  303  294  290  285  276  271  271  299  286  281  275  283  278  253  
 92   98   81  101   86   85  190  200  192  215  198  189  185  211  168  196  172  184  198  177  176   83   84   81   92   92   69  101   62   41   48   18   43   46    0   21    6   21   31   13   36    7    4   10   27   42   32    8   33  196  192  184  195  177  196  213  204  194  199  189  195  210  199  211  206  192  240  247  255  268  250  243  238  251  248  266  246  238  257  242  258  263  262  238  229  253  258  234  279  244  244  257  254  183  179  207  186  188  201  193  201  190  190  199  202  198  204  204  180  197  205  199  190  187  196  171  194  183  178  196  211  125  106  121  118  139  117  109  128  138  143  119  117  112  136  129  183  199  201  189  189  186  204  175  186  202  195  186  195  173  200  197  173  186  201  177  184  177  184  197  177  196  192  107  113  119  127   95  120  102  131  118   94   92  110   92  135  112  221  252  234  244  259  219  250  258  257  249  244  239  230  225  225  253  240  235  229  237  232  207  
 71   78   63   81   66   67  207  216  208  231  213  207  201  228  184  213  188  201  216  194  192  103  104  101  113  113   90  122   83   31   37   12   35   36   21    0   20    3   27   24   37   14   19   11    9   31   19   26   19  184  183  174  185  167  185  203  194  186  189  180  185  199  190  203  196  183  253  262  268  283  265  257  253  264  262  281  261  252  272  257  271  278  277  253  243  267  272  248  293  258  258  271  270  174  171  199  177  178  193  183  192  181  178  189  195  191  194  195  169  187  197  192  178  178  189  162  182  175  169  187  201  118  100  115  115  132  114  101  120  130  135  111  113  104  130  121  171  191  190  179  178  174  194  164  177  193  185  174  187  163  192  185  163  178  193  167  173  169  172  186  169  187  183  120  131  137  144  110  135  120  147  134  110  108  127  109  150  129  235  267  248  259  274  233  264  273  271  263  256  251  245  240  238  267  255  248  243  252  244  218  
 91   95   78   99   83   82  194  204  196  219  202  194  190  215  172  201  176  189  202  182  180   86   86   84   95   95   71  103   65   36   43   14   38   41    6   20    0   20   25    8   30   10    9   11   25   38   28    5   29  200  196  188  199  181  200  217  208  199  203  193  199  214  203  216  210  196  245  252  260  273  255  248  243  256  253  271  251  243  262  247  263  268  267  243  233  258  263  239  284  249  249  262  259  188  184  211  190  192  205  197  205  195  194  203  207  203  208  208  184  202  210  203  194  192  201  175  197  187  183  200  215  130  110  125  123  144  122  113  132  142  148  123  122  116  140  134  187  204  205  193  193  190  208  179  191  206  199  190  200  177  205  201  177  190  205  181  188  181  188  201  182  200  196  103  111  117  124   91  116  100  129  115   91   89  107   90  132  110  225  257  239  249  264  224  255  263  262  253  249  244  235  230  230  258  244  240  234  241  238  213  
 71   77   62   81   65   66  209  218  210  232  215  209  203  229  186  215  190  203  217  195  194  104  105  102  113  113   90  122   83   28   34   10   32   33   21    3   20    0   24   22   34   15   20   11    7   28   16   25   17  187  185  176  188  170  188  206  196  188  191  183  187  202  193  205  199  186  256  264  271  285  267  259  255  267  264  283  263  254  274  259  273  280  279  255  245  269  274  250  295  260  260  273  272  177  174  201  180  181  196  186  195  184  181  191  198  194  197  198  172  190  200  195  181  181  192  164  185  178  172  190  204  121  103  118  118  135  117  104  123  133  138  113  116  107  133  124  173  194  193  182  180  177  197  167  180  196  187  176  190  165  195  188  166  181  196  170  175  171  175  189  172  190  185  118  129  135  142  108  133  119  146  132  108  106  125  107  148  127  237  269  250  261  276  235  266  275  273  265  258  254  247  242  241  269  257  250  245  254  246  221  
 81   79   58   82   68   61  219  229  221  244  227  218  215  240  197  226  201  213  226  206  205  108  106  105  115  114   92  122   85   13   19   16   13   17   31   27   25   24    0   19   11   30   33   28   22   15   13   27   14  210  209  200  212  193  211  229  220  212  215  206  211  225  216  229  223  210  270  278  286  298  280  274  268  281  278  296  276  268  287  272  288  293  292  268  259  283  289  264  309  275  275  287  284  201  198  225  204  204  220  209  218  207  204  215  222  218  221  222  195  213  224  219  204  204  216  188  208  202  196  214  228  145  127  142  141  159  140  128  147  157  162  137  139  131  157  148  196  218  216  206  203  199  221  190  203  220  210  199  213  189  219  211  189  204  220  194  198  195  198  213  195  214  209   99  115  121  127   90  115  105  129  116   92   90  110   92  131  112  251  282  264  274  289  249  280  289  287  278  274  269  260  255  256  284  269  266  259  267  263  238  
