200

  0    5   13   14   15    8    9    8  185  187   69   56   77   60   81   79   61   70   77   61   73   80   83   86   75   70   77   77   72   58   66   67   78   77   84   58   87   64  199  201  191  196  186  198  208  193  211  188  180  204  164  171  155  167  170  173  162  173  161  167  153  171  199  192  207  208  205  203  209  198  191  217  208  189  189  203  200  196  206   80   91   90   88   92   88   93   93   96   76  289  288  278  295  302  290  283  288  283  288  293  293  270  269  285  197  189  196  194  188  204  185  200  192  203  198  201  200  194  183  167  158  166  178  159  178  160  165  158  178  183  112  110  109  113  114  116  116  113  114   58   56   47   55   51   57   44   52   53   42   48   64   55   47   60   75   97   81   92   99   77   96   99   80   99   93   87   73   83   89   75  124  122   50   62   59   63  166  189  165  175  177  177  183  174  177  184  183  179  184   77   85   63   80   77  190  200  201  188  189  209  
  5    0   13   12   11   13   14   13  180  182   64   51   72   55   76   74   56   65   72   56   68   76   79   81   70   66   72   74   69   54   61   62   74   72   80   54   84   60  197  198  188  193  184  195  205  190  209  185  177  202  165  171  156  167  171  173  162  174  161  167  154  172  195  189  204  206  202  200  206  195  188  214  205  186  186  200  197  193  204   76   87   85   84   88   84   90   89   92   72  285  284  274  291  297  286  279  284  279  284  289  289  266  265  281  194  186  193  191  185  200  182  197  188  200  195  198  197  191  178  162  153  161  173  154  173  155  160  153  173  178  108  105  104  109  109  112  111  108  110   53   51   42   50   46   54   42   48   51   39   44   61   53   43   57   70   92   76   87   94   72   92   94   75   94   88   82   68   78   84   70  122  119   50   61   57   63  161  184  160  170  172  172  178  169  172  179  178  174  179   78   86   64   82   78  185  195  196  183  184  203  
 13   13    0    3   20   20   15   15  180  181   65   55   72   55   74   75   58   66   73   59   68   87   90   91   80   76   80   84   80   64   70   72   85   81   89   64   94   70  209  210  200  205  196  208  218  202  221  197  189  214  177  183  168  180  183  186  175  186  173  180  166  184  207  201  216  218  214  212  217  206  200  226  217  198  198  212  209  205  216   86   99   95   93   99   94  101   98  101   82  295  294  283  300  307  295  289  293  288  294  299  299  275  274  291  205  197  205  202  196  211  194  207  199  211  206  208  208  203  181  165  156  163  176  156  175  158  163  156  176  180  106  104  105  107  108  112  111  106  108   58   58   47   54   49   66   55   60   64   51   55   72   65   54   69   70   95   79   89   97   72   92   97   78   97   90   85   70   79   86   70  112  110   37   49   46   50  162  185  161  171  174  173  180  171  173  180  180  176  182   90   98   76   93   90  187  198  199  185  187  205  
 14   12    3    0   18   21   17   17  177  178   62   52   69   51   71   71   54   63   70   56   65   85   88   88   77   74   77   82   78   62   68   69   83   78   86   62   92   67  207  208  198  203  194  206  216  200  219  195  188  212  178  183  168  180  183  186  174  186  173  180  166  184  204  199  213  216  212  209  215  204  198  224  215  196  196  209  207  202  214   83   96   92   90   96   92   99   96   98   79  292  291  280  297  304  292  286  290  286  291  296  296  272  272  288  203  194  203  199  193  209  191  205  197  209  203  206  206  201  178  162  153  160  173  153  171  155  160  153  172  177  103  101  101  104  105  109  108  103  105   55   55   44   50   46   65   53   58   63   49   53   70   63   52   67   67   92   76   86   94   69   89   94   75   93   87   81   67   76   82   66  111  108   38   48   45   51  159  182  158  168  171  170  177  168  170  177  177  173  178   90   98   76   94   90  184  194  195  182  183  202  
 15   11   20   18    0   22   24   23  172  175   55   42   64   47   69   66   48   57   64   46   60   67   69   71   60   56   62   64   59   44   51   52   65   62   69   44   74   50  189  189  179  184  176  187  197  182  200  176  169  193  163  168  152  165  169  170  159  171  157  164  152  168  186  180  195  198  193  191  197  186  180  205  197  178  177  191  189  184  196   66   78   75   73   79   74   81   79   82   62  275  274  264  280  287  275  269  274  269  274  279  279  256  255  271  185  176  184  181  175  191  173  187  179  191  185  188  188  183  168  152  143  151  163  144  163  146  150  143  163  168  100   97   95  101  101  103  102  101  102   43   41   33   40   36   46   36   39   45   31   35   52   45   34   48   61   82   66   78   84   64   83   85   65   84   79   73   59   69   75   62  120  117   55   63   60   68  152  174  150  161  163  163  168  160  163  170  168  165  170   76   86   64   83   76  175  185  186  174  174  194  
  8   13   20   21   22    0    8    6  193  195   77   64   84   68   89   87   69   78   85   68   81   82   85   90   78   73   82   80   75   62   70   70   80   81   88   61   90   67  199  201  192  196  186  198  208  194  211  188  180  205  159  166  151  161  165  169  157  169  156  163  148  167  200  193  208  208  205  204  210  200  192  218  208  190  190  204  200  197  206   84   92   94   91   95   91   95   97  100   80  293  291  281  297  305  293  286  292  285  291  296  296  273  272  288  198  191  198  196  190  206  187  202  194  204  200  203  201  195  190  174  165  173  185  166  185  167  172  165  185  190  120  118  117  121  122  124  124  121  123   65   62   54   62   58   58   44   54   52   43   51   66   56   50   62   82  104   88  100  106   85  104  106   86  106  100   94   80   91   97   82  132  130   56   69   65   69  174  196  172  183  184  185  190  182  184  191  190  186  191   73   79   57   73   72  197  207  208  195  196  216  
  9   14   15   17   24    8    0    2  193  194   77   65   84   67   88   87   69   78   85   69   80   88   91   95   84   79   86   86   81   67   75   76   86   86   93   67   96   73  207  209  199  203  194  206  215  201  219  195  187  212  167  174  159  169  173  177  166  177  164  171  156  175  207  200  215  216  212  211  217  206  199  225  216  197  197  211  207  204  214   89   99   99   97  101   97  102  102  105   85  298  297  287  303  310  299  292  297  291  297  302  302  279  278  294  205  197  205  202  197  212  194  209  200  211  207  209  208  202  191  176  167  174  187  167  186  169  173  167  186  191  119  117  117  120  121  124  123  119  121   67   65   56   64   59   65   51   60   60   50   57   72   63   56   69   82  105   89  101  108   85  104  108   88  107  101   96   81   91   97   82  127  125   48   62   59   61  174  197  173  183  186  185  191  183  185  192  191  187  193   81   86   65   81   80  198  209  210  197  198  217  
  8   13   15   17   23    6    2    0  192  194   76   64   84   67   87   86   69   77   85   68   80   86   90   93   82   77   85   85   79   65   73   74   85   84   92   65   95   71  205  207  197  201  192  204  213  199  217  194  185  210  165  172  158  168  171  175  164  175  163  169  154  173  205  199  213  214  211  209  215  205  197  223  214  195  195  209  206  203  212   88   97   97   95   99   95  100  100  104   84  297  295  285  302  309  297  290  296  290  296  300  300  277  277  293  204  196  203  201  195  211  192  207  199  209  205  208  206  201  191  175  166  173  186  167  185  168  173  166  186  190  119  117  116  120  121  124  123  119  121   66   64   55   63   58   63   50   59   58   48   55   71   62   54   67   82  105   89  100  107   84  104  107   87  106  101   95   80   90   97   82  128  126   50   63   60   63  174  196  172  183  185  184  190  182  184  191  190  187  192   79   85   64   79   78  197  208  209  196  197  216  
185  180  180  177  172  193  193  192    0   18  116  131  108  126  106  106  124  115  108  126  112  157  153  135  143  150  131  152  156  152  142  145  157  134  134  153  148  149  227  211  205  215  214  221  233  206  229  207  213  222  289  280  265  286  289  281  271  284  271  273  276  278  194  201  210  227  218  208  210  194  206  218  219  208  204  210  218  200  227  142  160  135  138  149  145  158  138  130  144  213  222  202  223  223  206  217  203  218  221  224  222  199  197  214  196  183  200  187  182  187  191  183  183  205  185  187  202  202   47   47   50   41   45   42   29   48   49   52   40   41   74   76   76   74   72   69   69   78   73  131  137  140  132  136  169  178  162  183  171  160  163  171  161  163  110   93  107   93   91  108   89   91  110   91   94  100  113  102   97  111  126  120  177  163  163  177   25   22   28   17   32   16   35   32   24   19   37   29   37  219  238  219  238  222   42   47   46   35   38   38  
187  182  181  178  175  195  194  194   18    0  119  135  111  128  107  109  127  118  111  131  115  167  163  145  152  159  140  161  165  159  150  153  167  143  144  161  158  157  243  228  221  231  230  237  249  223  246  223  228  239  300  293  277  298  300  293  283  296  283  286  287  290  211  218  227  243  235  225  227  211  223  236  236  225  220  227  235  217  243  151  170  145  149  160  155  169  149  141  153  232  241  220  242  241  224  235  221  237  240  242  240  218  215  233  213  200  217  204  199  205  208  200  200  223  202  205  219  219   65   64   66   58   63   57   47   64   66   68   58   59   75   78   81   74   74   73   73   76   73  137  143  144  136  140  177  185  170  190  177  166  172  179  167  171  113  101  112   98   98  111   92   98  116   98  100  106  117  106  101  113  116  110  174  160  159  173   39   40   43   34   51   33   54   50   42   38   55   47   56  227  245  225  245  230   60   65   64   53   57   54  
 69   64   65   62   55   77   77   76  116  119    0   17    9   11   18   10    8    1    8   14    6   70   69   56   54   57   44   64   64   50   45   49   69   46   54   51   68   51  188  182  173  180  173  184  196  175  196  171  168  189  198  197  181  198  201  199  187  200  186  191  185  196  173  172  186  194  187  182  187  173  173  196  190  173  171  183  184  174  192   57   79   60   61   72   66   80   65   62   56  246  248  234  253  258  244  243  242  243  248  252  251  227  226  244  173  162  174  167  161  174  163  170  164  181  169  172  177  174  117  101   92   99  112   91  110   94   99   92  111  116   45   41   40   46   46   48   47   48   48   22   30   25   18   21   67   70   58   78   62   53   65   68   53   63    6   32   17   24   34    9   28   34   20   33   26   21    8   14   21    7   89   84   74   68   65   80   98  120   96  107  109  108  115  106  108  115  115  111  117  115  131  110  130  117  123  133  134  120  122  140  
 56   51   55   52   42   64   65   64  131  135   17    0   26   17   35   27   11   18   25    4   23   56   56   47   41   43   34   50   50   34   31   35   55   36   44   35   56   36  178  173  164  171  163  175  186  166  187  162  158  180  182  181  165  182  185  183  171  184  170  176  169  180  166  164  178  184  179  174  179  166  164  188  182  164  162  175  175  166  183   45   66   50   51   61   55   68   55   54   43  245  246  233  252  257  244  241  242  241  246  250  250  226  225  242  166  155  167  160  154  168  155  164  158  173  163  166  170  166  126  111  102  109  122  102  121  104  108  102  122  126   62   57   54   63   62   62   62   66   65    7   14    9    2    6   50   53   41   61   45   36   49   51   36   47   23   40   25   37   43   26   43   43   23   42   37   31   17   29   34   24  103   98   72   71   67   81  111  133  109  120  121  122  126  118  121  128  126  123  128   98  114   93  113  100  133  144  145  132  133  152  
 77   72   72   69   64   84   84   84  108  111    9   26    0   17   11    3   16    8    3   22    4   76   75   61   60   64   49   70   71   58   52   56   75   52   59   59   74   59  192  185  176  184  178  188  200  178  200  175  173  193  206  205  188  206  209  206  195  208  194  199  193  203  176  175  189  198  191  185  190  176  177  199  194  177  174  186  188  177  196   63   85   64   66   78   71   86   69   66   62  245  248  233  253  257  243  243  241  243  248  252  251  227  225  243  176  164  177  170  163  176  166  172  166  184  171  175  180  177  111   96   87   93  106   86  103   89   93   87  105  110   37   33   33   38   38   40   39   40   39   30   38   34   27   30   75   78   66   86   70   61   73   76   62   71    3   30   18   19   31    1   20   31   22   30   23   19   12    9   16    2   84   78   77   70   67   83   91  113   89  100  103  101  109  100  102  108  109  104  111  124  140  118  138  126  117  127  128  114  116  134  
 60   55   55   51   47   68   67   67  126  128   11   17   17    0   22   20    7   13   19   16   13   73   73   62   58   59   50   67   67   51   48   52   72   52   60   52   73   53  194  189  180  187  180  191  202  182  203  178  174  196  197  197  181  198  201  199  188  200  187  192  184  197  181  179  193  200  194  189  194  181  180  204  197  179  178  190  191  182  199   62   83   66   67   78   71   85   71   69   60  256  258  244  263  268  255  253  253  253  258  262  262  238  236  254  181  170  182  175  169  183  170  179  172  188  178  181  185  181  128  112  103  110  123  102  120  105  110  104  122  127   53   50   50   54   54   57   56   54   55   24   31   21   18   18   66   67   57   75   58   51   66   67   52   63   16   44   28   35   45   18   37   46   30   44   38   33   19   25   32   15   86   81   62   58   55   70  108  130  106  117  120  118  126  117  119  126  126  122  128  112  127  105  125  114  134  144  145  131  133  151  
 81   76   74   71   69   89   88   87  106  107   18   35   11   22    0   13   24   18   14   32   12   88   86   72   71   75   61   81   82   68   63   67   86   63   70   70   85   69  203  196  187  194  189  199  211  189  211  186  184  204  216  215  199  216  219  217  205  218  205  210  203  214  186  186  199  208  202  196  200  186  188  210  204  187  185  197  199  188  207   74   97   75   77   89   83   97   81   77   73  253  256  241  261  265  251  251  248  251  256  260  259  235  233  251  186  175  188  180  174  186  176  182  177  194  181  185  191  188  113   98   89   94  108   87  104   91   96   90  107  111   32   31   33   33   34   39   38   32   34   40   48   42   36   38   85   87   76   95   79   71   83   86   71   81   14   37   28   24   38   10   21   39   33   37   30   28   23   18   22   11   73   67   74   64   63   78   90  113   89   99  104  100  110  101  102  108  110  105  112  133  148  127  147  135  118  129  129  115  117  134  
 79   74   75   71   66   87   87   86  106  109   10   27    3   20   13    0   18    9    2   23    7   76   74   60   59   63   48   70   71   58   52   55   75   51   57   59   73   59  190  183  174  182  176  186  198  176  198  173  171  191  206  204  188  206  209  206  194  207  194  199  193  203  173  173  187  195  189  183  188  173  175  197  192  175  172  184  186  175  194   62   84   63   64   76   70   85   68   64   61  242  245  230  250  254  240  240  238  240  245  249  248  224  222  240  173  162  175  167  161  174  164  169  164  182  169  172  178  175  108   92   83   90  103   82  100   85   90   84  102  107   35   31   30   36   36   37   37   39   38   31   38   35   28   32   75   79   66   87   71   62   73   76   62   71    5   26   15   15   28    4   17   28   20   26   20   16   11    6   12    5   86   80   80   73   71   86   88  110   86   97  100   98  106   97   99  105  106  101  108  124  141  119  139  127  114  124  125  111  113  131  
 61   56   58   54   48   69   69   69  124  127    8   11   16    7   24   18    0    9   16    9   13   67   66   55   51   53   43   61   60   45   42   45   65   45   53   47   66   47  187  182  172  179  173  184  195  174  196  171  167  189  193  192  176  193  196  194  182  195  182  187  180  191  174  172  186  193  187  182  187  174  173  196  190  172  170  183  184  174  192   55   77   59   60   71   64   78   64   62   53  249  251  238  256  261  248  246  246  246  251  255  255  231  229  247  173  163  175  168  162  176  163  171  165  181  170  173  178  174  123  108   99  106  118   99  117  101  106   99  118  123   53   49   48   54   53   55   55   55   55   18   25   18   12   14   62   63   52   71   55   47   60   62   47   58   13   38   22   31   40   17   35   40   23   39   33   27   13   22   28   14   92   87   69   65   62   77  105  127  103  114  117  116  122  114  116  123  122  118  124  109  124  103  123  111  130  140  141  128  129  148  
 70   65   66   63   57   78   78   77  115  118    1   18    8   13   18    9    9    0    7   14    6   70   68   56   53   57   43   63   64   50   45   49   68   46   53   51   68   51  187  181  172  179  173  183  195  174  196  170  168  188  198  197  181  198  201  199  187  200  186  191  185  196  172  171  185  193  187  181  186  172  172  195  189  172  170  182  184  173  192   57   79   59   60   72   65   80   64   61   55  245  247  233  252  257  243  241  241  241  247  251  250  226  225  242  172  161  173  166  160  173  162  169  163  180  168  171  176  173  115  100   91   97  110   90  108   93   97   91  110  114   44   40   39   46   45   46   46   48   47   22   30   26   19   22   67   70   58   78   62   53   65   68   54   63    5   31   16   23   32    9   27   33   19   32   25   20    7   13   19    7   90   84   75   69   67   82   96  119   95  105  108  107  114  105  107  114  114  110  115  116  132  110  130  118  121  132  133  119  120  139  
 77   72   73   70   64   85   85   85  108  111    8   25    3   19   14    2   16    7    0   21    6   74   72   58   57   61   46   68   69   56   49   53   73   49   56   57   71   56  189  182  173  180  174  185  197  175  197  171  170  189  204  202  186  204  207  204  192  205  192  196  191  201  172  172  185  194  188  182  186  172  174  196  190  173  171  183  185  174  193   60   82   61   63   75   68   83   66   62   59  242  245  230  249  254  240  239  238  239  244  248  248  224  222  240  172  161  174  166  160  173  162  169  163  180  168  171  177  174  109   93   85   91  104   84  102   87   91   85  103  108   37   33   32   38   38   39   39   41   40   28   36   33   26   29   73   77   64   84   69   59   70   74   60   69    3   26   14   16   28    4   19   28   19   27   20   16    9    6   13    5   87   81   80   73   70   86   89  112   88   98  101  100  107   98  100  107  108  103  109  122  138  117  137  124  115  125  126  113  114  132  
 61   56   59   56   46   68   69   68  126  131   14    4   22   16   32   23    9   14   21    0   20   57   57   46   42   44   34   52   51   37   32   36   56   36   44   38   57   38  178  173  164  170  164  175  186  166  187  162  158  180  185  184  167  185  188  185  174  187  173  178  172  183  165  163  177  184  178  173  179  165  164  188  181  163  162  174  175  166  183   46   67   50   51   61   55   69   55   54   44  243  244  231  249  255  242  239  240  239  244  248  248  224  223  240  165  154  166  160  153  167  154  163  157  172  162  165  169  165  122  107   98  105  117   98  117  100  104   98  117  122   58   53   50   59   58   58   58   62   61    8   16   14    6   10   53   56   44   64   48   39   52   54   40   49   19   36   20   33   38   23   39   39   19   38   33   27   13   24   30   21  102   96   75   72   69   83  106  128  104  115  117  117  122  114  116  124  122  119  124  102  118   97  117  104  129  139  141  127  128  148  
 73   68   68   65   60   81   80   80  112  115    6   23    4   13   12    7   13    6    6   20    0   76   74   61   59   63   49   70   70   56   51   55   74   52   59   57   73   57  193  186  177  185  178  189  201  179  201  176  173  194  204  203  187  204  207  205  193  206  192  198  191  202  177  176  190  198  192  186  191  177  178  200  195  177  175  187  189  178  197   63   85   65   66   78   71   86   70   66   61  248  250  236  255  260  246  245  244  245  250  254  254  229  228  246  177  166  179  171  165  178  167  174  168  185  173  176  182  178  115   99   90   97  110   89  107   92   97   91  109  114   40   37   37   41   41   44   43   43   43   28   36   31   24   27   73   76   64   84   67   59   71   74   59   69    4   33   19   22   34    4   24   35   23   33   26   22   12   13   19    2   84   78   74   66   64   79   95  117   93  103  107  105  113  104  106  112  113  108  115  121  137  115  135  123  121  131  132  118  120  138  
 80   76   87   85   67   82   88   86  157  167   70   56   76   73   88   76   67   70   74   57   76    0    5   22   17   14   29    6    8   25   25   21    2   26   23   24   11   20  124  123  113  119  110  122  133  115  135  110  104  128  134  130  113  133  135  131  119  133  119  124  121  128  119  114  128  132  127  124  130  119  113  139  130  112  111  125  123  117  130   16   12   23   19   14   14   14   22   29   15  211  209  200  216  224  213  204  211  204  210  214  214  192  192  207  118  109  118  114  109  124  106  121  112  124  119  121  121  116  136  122  114  124  132  119  139  117  120  113  134  138  105   98   91  107  104   98   99  112  109   49   43   55   56   56   24   39   28   37   38   32   16   26   33   19   73   68   63   76   70   77   85   70   58   71   71   67   65   74   75   76  159  154  118  122  118  130  133  151  130  142  137  144  140  134  140  148  140  140  141   64   84   69   86   68  144  153  155  146  145  167  
 83   79   90   88   69   85   91   90  153  163   69   56   75   73   86   74   66   68   72   57   74    5    0   18   15   14   26    6   10   26   25   21    6   23   20   26    7   21  123  121  111  117  109  120  132  113  133  108  103  126  137  132  116  136  139  133  122  136  122  126  124  131  117  112  126  131  126  122  128  116  112  137  129  110  109  123  121  115  129   13   11   18   15   10    9   12   17   25   13  208  206  196  212  220  209  201  207  200  206  211  211  188  188  203  115  107  115  112  106  121  104  118  109  122  116  119  119  114  131  118  109  119  127  114  134  112  115  109  129  133  102   95   88  104  101   95   96  110  106   49   43   55   55   57   28   44   31   41   42   35   20   31   36   23   72   65   61   74   67   76   82   67   55   68   68   65   63   71   72   75  158  152  120  123  119  131  129  147  126  138  132  140  136  130  136  144  135  135  136   69   89   74   91   73  140  148  150  141  140  162  
 86   81   91   88   71   90   95   93  135  145   56   47   61   62   72   60   55   56   58   46   61   22   18    0   12   19   13   17   22   28   20   19   22   11    3   29   14   23  132  127  117  124  117  128  140  119  141  115  112  133  155  150  134  153  156  150  140  153  139  143  142  148  120  117  131  138  132  127  133  120  118  142  135  117  115  128  129  120  137    7   26    4    4   17   11   26    9   11   11  204  203  193  210  216  204  198  203  198  204  208  208  185  184  200  119  109  120  114  108  123  108  119  112  126  117  120  123  119  115  101   93  102  111   97  117   95   98   92  113  117   86   78   71   87   84   78   79   94   89   40   36   49   47   49   39   53   38   54   49   39   31   42   40   33   59   48   46   58   50   62   66   49   40   51   52   49   50   57   56   61  145  139  116  117  113  127  111  130  108  120  115  122  119  113  118  126  118  118  120   85  105   89  107   89  123  132  134  124  124  146  
 75   70   80   77   60   78   84   82  143  152   54   41   60   58   71   59   51   53   57   42   59   17   15   12    0    7   12   10   13   17   11    8   16    9   11   17   15   11  137  134  124  130  123  134  145  126  147  122  117  139  150  146  130  149  152  147  136  149  136  140  137  145  128  124  139  144  139  135  140  128  124  149  142  123  122  135  135  127  142    6   26   15   13   20   15   27   18   23    2  215  214  203  220  227  215  209  214  208  214  219  219  196  195  211  127  118  127  123  117  132  116  128  120  134  126  129  131  126  125  111  102  112  121  106  126  105  108  102  123  127   88   82   75   90   87   82   83   96   92   34   28   41   41   42   28   42   26   43   37   27   21   30   28   21   57   52   46   60   54   61   69   54   41   55   55   51   48   57   58   60  143  138  108  109  106  119  120  139  117  129  124  131  128  122  127  135  128  128  129   76   95   78   96   79  133  143  144  134  134  156  
 70   66   76   74   56   73   79   77  150  159   57   43   64   59   75   63   53   57   61   44   63   14   14   19    7    0   19    9    7   12   12    8   12   16   19   12   18    7  137  135  126  131  123  135  146  128  148  123  118  140  144  141  125  143  146  143  131  144  131  135  131  140  131  126  141  145  140  137  142  130  126  151  143  124  124  137  136  129  143   12   25   22   19   23   18   27   24   29    8  220  218  208  225  232  221  213  219  213  219  223  223  200  200  216  129  121  130  126  120  135  118  131  123  136  130  132  133  128  132  118  110  119  128  114  134  112  116  109  130  134   94   87   81   95   93   88   89  101   97   36   29   41   42   43   21   35   19   35   31   22   13   23   23   14   61   59   51   65   61   65   74   61   46   62   61   56   52   62   63   63  146  140  106  108  105  117  127  146  124  136  132  138  136  129  135  143  136  135  137   69   88   71   89   72  141  150  152  141  141  163  
 77   72   80   77   62   82   86   85  131  140   44   34   49   50   61   48   43   43   46   34   49   29   26   13   12   19    0   22   25   23   12   14   28    3   10   24   24   19  144  139  130  137  130  141  153  132  153  128  125  146  162  158  142  161  164  159  148  161  148  152  149  157  132  130  144  151  145  140  145  132  131  154  148  130  128  141  141  132  149   14   36   16   17   28   22   37   21   21   14  214  214  203  220  227  214  209  212  209  215  219  219  195  194  211  132  121  133  127  121  135  121  131  124  139  130  133  136  132  115  101   92  101  111   95  115   94   98   91  112  116   76   69   63   78   75   70   71   84   80   27   24   37   34   37   38   50   33   53   44   33   32   40   34   32   47   40   35   48   42   50   57   42   29   43   43   39   38   45   46   49  133  127  105  104  101  115  108  128  105  117  114  119  118  111  116  124  118  117  119   88  106   88  107   91  123  133  134  124  124  145  
 77   74   84   82   64   80   86   85  152  161   64   50   70   67   81   70   61   63   68   52   70    6    6   17   10    9   22    0    6   21   19   16    5   19   18   20   10   16  129  127  117  123  115  126  137  119  139  114  109  132  140  136  120  139  142  137  126  139  125  130  127  134  122  117  132  136  131  128  133  122  117  142  134  116  115  128  127  121  135   10   16   19   15   15   11   18   19   26    9  212  211  201  217  225  213  206  212  205  211  216  216  193  192  208  121  112  121  117  111  127  110  123  115  127  121  124  124  119  131  118  109  119  127  114  134  112  115  109  129  133   99   92   85  100   98   92   93  106  102   44   37   50   50   51   25   40   26   38   37   29   16   27   30   19   67   62   57   70   64   71   79   64   52   65   65   61   59   67   68   70  153  148  114  117  113  126  128  146  125  137  132  139  136  130  135  143  135  135  136   69   88   72   90   72  140  149  151  141  141  162  
 72   69   80   78   59   75   81   79  156  165   64   50   71   67   82   71   60   64   69   51   70    8   10   22   13    7   25    6    0   17   19   15    6   23   23   17   16   13  132  130  121  126  118  129  140  123  142  118  112  135  137  134  118  136  139  135  124  137  123  128  124  133  127  121  136  139  135  132  138  126  121  146  138  119  119  132  131  125  138   15   19   24   21   20   18   21   25   32   12  218  216  207  223  230  219  211  218  211  217  221  221  199  198  214  125  117  125  122  116  131  114  128  120  131  126  129  129  123  137  123  115  124  133  119  139  117  120  114  135  139  101   94   88  103  100   95   96  108  105   43   36   48   49   50   18   34   21   32   32   25   10   21   25   13   68   65   59   73   68   72   81   67   54   68   68   63   60   69   71   71  153  147  111  114  111  122  133  151  130  142  137  144  141  135  140  148  140  140  142   63   83   67   84   67  145  154  156  146  146  168  
 58   54   64   62   44   62   67   65  152  159   50   34   58   51   68   58   45   50   56   37   56   25   26   28   17   12   23   21   17    0   10    9   23   21   27    2   30    6  149  147  137  143  135  146  157  140  159  135  129  152  148  147  131  148  151  149  137  150  136  142  135  146  143  138  153  157  152  149  154  142  138  163  155  136  135  149  148  141  155   22   36   32   30   35   30   38   35   39   18  231  230  220  237  244  232  225  230  225  230  235  235  212  211  227  142  133  142  138  132  147  130  143  135  148  142  144  145  140  137  123  114  123  133  117  137  116  120  113  134  139   91   85   79   92   90   87   87   96   94   28   20   31   33   33   18   28   11   32   22   11   15   19   12   13   55   58   48   63   61   59   71   61   44   61   59   54   47   57   60   57  137  132   94   97   93  105  129  149  126  138  136  140  140  133  138  145  140  138  141   68   86   67   86   71  146  155  157  146  146  167  
 66   61   70   68   51   70   75   73  142  150   45   31   52   48   63   52   42   45   49   32   51   25   25   20   11   12   12   19   19   10    0    4   24   11   19   12   26    8  147  144  135  141  133  145  156  137  157  132  128  150  155  153  137  155  158  154  143  156  142  147  142  152  139  135  149  155  149  145  151  138  135  160  152  134  133  146  145  138  153   16   35   24   23   31   25   37   28   31   13  224  224  213  230  236  224  219  223  218  224  228  228  205  204  221  138  128  138  133  127  142  127  138  131  145  137  140  141  137  127  113  104  113  123  107  127  106  110  103  124  128   83   76   71   84   82   78   79   89   86   24   18   31   31   32   27   38   21   41   32   20   22   29   22   21   49   49   40   55   51   53   63   51   35   52   50   45   40   50   52   51  134  128   97   99   95  108  119  139  116  128  125  130  130  123  128  135  130  128  131   77   96   77   96   80  135  145  146  135  136  157  
 67   62   72   69   52   70   76   74  145  153   49   35   56   52   67   55   45   49   53   36   55   21   21   19    8    8   14   16   15    9    4    0   20   12   18   10   23    5  144  141  132  138  130  141  153  134  154  129  124  147  152  149  133  151  154  150  139  152  138  143  138  148  136  132  147  151  146  143  148  136  132  157  149  131  130  143  142  135  150   14   32   23   21   28   23   33   27   30   10  223  222  211  228  235  223  217  222  217  222  227  227  204  203  219  135  126  135  131  125  140  124  136  128  142  134  137  139  134  129  115  106  115  125  109  129  108  112  105  126  130   86   80   74   88   86   82   82   93   90   28   21   34   34   35   25   36   20   39   31   20   19   26   21   18   53   52   44   58   54   57   66   54   39   55   54   49   44   54   56   55  138  132  100  102   98  111  122  142  119  131  128  133  132  125  130  138  132  130  133   74   93   75   94   77  137  147  148  137  137  159  
 78   74   85   83   65   80   86   85  157  167   69   55   75   72   86   75   65   68   73   56   74    2    6   22   16   12   28    5    6   23   24   20    0   25   23   22   12   19  126  125  115  120  112  124  134  117  137  112  106  129  134  130  114  133  136  132  120  134  120  124  121  129  121  116  130  134  129  126  132  121  115  140  132  114  113  126  125  119  132   15   13   23   20   16   15   16   22   30   14  213  211  202  218  225  214  206  213  205  211  216  216  194  193  209  120  111  119  116  111  126  108  123  114  126  120  123  123  118  136  123  114  124  132  119  139  117  120  113  134  138  104   97   91  106  103   98   98  111  108   48   41   53   54   55   23   38   26   35   37   30   14   25   31   18   72   68   62   76   70   76   84   69   57   70   70   66   64   73   74   75  158  152  116  120  116  128  133  151  130  142  137  144  140  134  140  148  140  140  141   64   83   69   86   67  145  154  155  146  145  167  
 77   72   81   78   62   81   86   84  134  143   46   36   52   52   63   51   45   46   49   36   52   26   23   11    9   16    3   19   23   21   11   12   25    0    9   22   22   17  142  138  128  135  128  139  150  130  151  126  123  144  159  155  139  158  161  156  145  158  145  149  146  154  131  128  142  149  143  138  143  131  129  152  146  128  126  139  139  131  147   11   33   15   15   26   20   34   20   20   11  214  214  202  220  226  214  209  212  208  214  218  218  195  194  210  130  120  131  125  119  134  119  130  122  137  128  131  134  130  117  103   94  103  113   98  118   97  100   93  114  119   79   72   66   81   78   73   74   87   83   29   25   38   36   38   36   48   32   51   43   31   29   38   33   29   49   43   38   51   45   53   59   45   32   46   46   42   40   48   49   52  136  130  106  106  102  116  111  130  108  120  116  122  120  114  119  126  120  119  121   85  104   86  105   88  125  135  136  126  126  147  
 84   80   89   86   69   88   93   92  134  144   54   44   59   60   70   57   53   53   56   44   59   23   20    3   11   19   10   18   23   27   19   18   23    9    0   28   16   22  134  129  120  127  120  131  143  122  143  118  115  136  157  152  136  155  158  153  142  155  141  145  144  150  122  119  134  140  135  130  135  122  120  144  138  120  118  130  131  122  139    8   28    6    7   19   13   28   11   12   11  206  205  194  212  218  206  200  204  200  206  210  210  187  186  202  122  112  122  117  111  125  111  121  114  129  120  123  126  121  114  100   92  101  110   96  116   94   97   91  112  116   83   76   69   85   82   76   77   91   87   37   33   47   44   47   39   53   37   54   48   38   32   42   39   33   56   46   43   55   47   60   64   47   38   48   49   46   47   54   54   59  143  137  114  114  111  124  110  129  107  119  114  121  118  112  117  125  118  117  119   86  105   89  107   90  123  132  133  123  123  145  
 58   54   64   62   44   61   67   65  153  161   51   35   59   52   70   59   47   51   57   38   57   24   26   29   17   12   24   20   17    2   12   10   22   22   28    0   30    6  148  147  137  143  134  146  157  139  159  134  128  152  147  146  129  147  150  147  136  149  135  140  134  145  143  138  152  156  151  148  154  142  137  162  154  136  135  148  147  141  154   23   36   33   30   35   30   38   35   40   19  232  230  220  237  244  232  225  231  225  231  235  235  212  211  228  141  132  141  138  132  147  130  143  135  148  141  144  145  140  139  124  115  124  134  119  138  118  121  115  136  140   92   86   81   94   92   89   89   98   96   29   22   32   35   34   16   26   10   30   21   10   14   18   11   11   56   60   50   64   62   60   72   62   45   63   61   55   48   59   62   58  138  133   94   98   94  106  131  151  128  140  137  142  141  134  139  147  141  140  143   67   85   66   85   69  147  156  158  147  147  168  
 87   84   94   92   74   90   96   95  148  158   68   56   74   73   85   73   66   68   71   57   73   11    7   14   15   18   24   10   16   30   26   23   12   22   16   30    0   24  121  118  109  115  107  118  130  111  131  106  102  124  142  136  120  140  143  137  126  139  126  130  129  134  113  109  123  128  123  119  125  113  109  134  126  108  107  120  119  112  127   11   13   13   10    5    3   12   11   18   13  202  201  191  207  214  203  196  202  195  201  206  206  183  182  198  112  103  112  108  102  117  101  113  105  119  112  115  115  111  125  112  104  113  121  109  128  106  109  103  123  127   99   92   85  101   98   91   92  107  103   49   44   57   56   58   34   50   36   48   47   39   26   37   40   29   71   61   59   71   63   75   80   63   53   64   65   62   62   70   70   74  157  152  123  125  121  134  124  141  120  132  126  134  130  124  130  138  129  130  130   75   95   81   97   79  134  142  144  135  134  156  
 64   60   70   67   50   67   73   71  149  157   51   36   59   53   69   59   47   51   56   38   57   20   21   23   11    7   19   16   13    6    8    5   19   17   22    6   24    0  144  142  132  138  130  142  153  134  155  130  124  147  148  146  130  147  151  147  136  149  135  140  135  145  138  133  147  152  147  143  149  137  133  158  150  131  130  144  143  136  150   17   32   26   24   29   24   33   29   34   13  226  225  214  231  238  226  220  225  219  225  229  229  206  206  222  136  127  136  132  126  142  125  138  130  143  136  139  140  135  134  119  110  119  129  114  134  113  116  110  131  135   90   84   78   92   90   86   86   97   94   30   23   34   36   36   20   32   15   34   27   16   15   22   17   14   56   57   48   62   59   60   70   59   43   59   58   53   47   57   60   58  140  134   99  101   98  110  126  146  124  136  132  137  137  130  135  142  136  135  138   70   88   70   89   73  142  151  153  142  142  164  
199  197  209  207  189  199  207  205  227  243  188  178  192  194  203  190  187  187  189  178  193  124  123  132  137  137  144  129  132  149  147  144  126  142  134  148  121  144    0   21   23   13   14    7    8   22   14   20   20   11  126  106  101  120  119  103  101  107  103   99  119  100   40   28   28   12   16   27   30   39   21   31   18   18   23   24   11   31    9  132  113  128  127  117  123  111  123  126  135  137  126  130  135  146  144  124  145  122  128  132  134  121  123  129   37   47   31   45   48   52   36   54   48   29   51   50   31   27  184  180  177  185  184  186  199  179  178  175  189  190  208  200  192  210  206  196  198  218  212  171  165  178  178  179  143  155  150  147  158  155  138  144  156  141  190  171  175  184  172  193  192  171  170  173  177  176  181  186  184  192  276  270  242  246  242  254  204  210  200  209  195  211  195  195  203  210  194  200  194  142  154  159  161  145  193  196  198  198  196  215  
