200

  0    7   15   12   14   38   20   29   24  224  193  208  193  205  206  191  226  200  208  224  214  189  200  187  207  201  176  158  190  172  180  178  171  182  186  190  211  210  209  214  217  184  208  222  182  195  192  214  192  204  203  214  195  208  192  203  207  182  196  202  217  207  204  204  194  213  207  185  128  138   81   62   56   76   47  218  193  203  200  185  212  199  185  222  230  227  196  106   91  133  131  133  131  129  134  145  140  134  125  140  160  149  145  140  128  141  153  134  151  142  132  149  145  127  119  100  103   91   92  132  164  153  145  134  129  151  156  164  137  152  128  128  132   99   87   85  101   92   83   87   70   83   92  102   95   80  105   74   70  100  106  103  178  152  175  168  140  178   63   59   56   57   77   74   51   74   59   78   66   60   41   47  175  180  171  184  176  164  185  192  188  198  182  170  166  181  170  144  127  145  138  125  130  146  128  117  128  148  112  156  
  7    0   19   19   20   42   27   31   29  224  193  208  193  206  205  191  226  200  208  224  215  190  199  188  206  200  183  164  196  179  175  173  166  177  181  187  207  206  205  210  213  180  204  218  179  192  188  210  189  200  200  210  191  205  192  203  207  182  196  202  217  207  205  205  194  213  207  186  130  138   81   63   58   75   47  211  187  197  193  178  205  192  178  215  223  220  189  113   97  134  131  133  131  127  135  145  139  134  123  133  154  143  138  134  122  134  146  127  144  135  125  142  138  120  112  100  101   89   90  139  171  159  152  140  136  158  163  170  144  159  134  135  139   97   86   84   97   88   81   84   68   81   90   99   93   78  103   71   67   98  105  102  184  156  180  173  144  183   56   52   49   50   71   67   44   68   53   72   59   53   35   40  171  175  166  180  172  160  180  188  183  193  178  165  162  187  176  138  120  138  131  118  124  139  122  110  121  142  106  149  
 15   19    0    7   11   23   18   16   11  211  180  197  180  191  194  179  214  188  196  211  202  176  188  175  195  189  165  146  179  162  178  176  168  179  184  182  206  205  204  207  210  180  203  215  176  188  185  208  185  199  196  209  189  201  180  191  195  168  184  189  204  194  192  191  181  200  194  172  139  151   95   73   68   90   60  223  197  207  205  190  215  204  190  228  234  232  202   98   81  121  119  121  118  119  121  133  130  122  115  148  170  161  154  152  138  149  162  145  160  153  141  158  153  137  130  114  117  106  106  124  155  142  138  123  119  140  147  153  128  144  117  118  124  114  101   99  115  107   98  102   85   97  106  117  110   94  120   89   85  114  120  117  165  137  161  154  125  164   67   69   62   66   79   77   54   77   65   84   73   67   46   54  170  178  169  181  172  159  181  188  184  193  179  168  162  168  157  149  133  149  141  127  132  148  131  119  133  151  113  159  
 12   19    7    0    4   28   12   23   12  218  186  203  186  197  200  186  220  195  203  217  208  183  195  181  201  196  164  146  177  160  185  183  175  185  190  189  213  212  211  214  217  187  210  222  183  195  192  215  192  206  203  216  196  208  186  198  202  175  191  195  211  200  198  197  187  206  200  179  132  145   89   67   61   84   55  227  202  212  209  195  220  208  194  232  239  236  206   95   79  127  126  128  124  126  128  139  137  129  122  151  172  161  156  153  140  151  164  146  162  154  143  160  156  138  131  108  112  101  102  121  153  141  134  121  117  139  145  152  126  141  116  116  121  109   96   94  112  104   94   98   81   93  102  113  106   89  115   84   81  110  115  112  166  140  163  156  128  166   71   71   65   68   84   82   58   81   68   88   76   70   50   57  177  184  175  188  179  166  188  195  190  200  185  174  169  168  158  153  137  154  146  132  137  153  136  124  137  156  119  164  
 14   20   11    4    0   30    8   26   14  221  189  207  189  200  203  189  223  198  206  220  211  186  198  184  205  200  163  145  176  159  188  186  179  189  194  193  217  216  214  218  221  190  214  226  187  199  195  219  195  209  206  219  200  212  189  201  205  178  194  199  214  203  201  200  190  209  203  182  129  142   87   64   58   82   53  230  205  215  212  197  223  211  197  234  242  239  209   93   77  130  129  131  127  130  131  143  140  132  125  153  174  163  158  154  142  154  166  147  164  156  145  163  158  140  133  105  110   99  100  119  151  139  132  120  116  138  143  150  124  139  114  114  119  107   94   92  111  103   92   97   79   91  100  112  104   87  113   83   80  108  113  110  166  141  163  157  130  166   74   72   68   70   87   85   61   85   71   91   79   73   53   59  181  188  179  191  183  170  192  199  194  203  189  178  172  168  157  156  139  157  149  136  140  156  139  128  140  159  122  167  
 38   42   23   28   30    0   33   13   16  192  160  179  161  170  175  161  195  171  178  191  182  157  170  155  177  172  149  128  163  147  177  176  166  176  182  172  200  199  197  199  200  174  197  206  167  178  175  201  175  192  185  202  183  191  160  173  176  148  166  170  185  174  172  171  161  179  174  153  157  172  117   94   88  112   83  232  204  215  214  200  222  214  200  238  243  241  212   89   70  102  101  104   98  106  102  114  115  105  100  161  186  179  170  171  155  163  178  163  176  171  157  172  167  154  147  135  140  128  129  113  144  127  129  107  106  124  135  140  117  134  103  105  114  136  124  122  138  130  121  125  108  120  129  140  133  116  142  112  108  137  143  140  144  115  139  132  102  142   80   88   75   84   87   88   65   86   78   97   86   81   60   69  164  175  168  178  167  154  177  183  180  187  174  167  157  150  139  157  144  159  149  134  136  153  138  127  143  157  118  166  
 20   27   18   12    8   33    0   32   17  226  193  212  194  204  209  194  228  204  211  224  216  190  203  188  210  205  158  141  171  154  196  194  186  197  202  200  224  223  222  225  228  198  222  233  194  206  203  226  203  217  213  227  208  219  194  206  210  182  199  203  219  207  206  204  195  213  207  186  123  139   85   61   55   81   52  237  213  223  219  205  231  219  205  242  249  246  216   87   72  135  134  137  131  136  135  148  146  137  131  160  180  168  165  159  148  161  172  153  170  161  152  169  165  146  139  103  109   99   99  112  145  134  125  116  110  133  137  145  118  132  109  109  112  107   93   91  112  104   92   98   80   91  100  113  104   86  113   83   81  108  112  109  164  141  162  156  130  165   82   79   75   76   95   93   69   92   79   98   86   80   60   67  189  196  187  199  190  178  199  206  202  211  197  186  180  164  154  164  147  164  157  143  148  164  147  135  147  167  130  175  
 29   31   16   23   26   13   32    0   17  196  164  181  164  176  178  163  198  172  180  195  186  161  172  159  179  174  162  141  176  160  169  167  158  168  174  169  194  193  191  194  196  168  191  202  162  174  171  195  171  186  182  196  177  187  164  176  179  153  168  173  189  178  176  176  165  184  178  157  154  167  110   89   84  105   76  219  193  203  202  188  211  202  188  225  231  228  199  101   82  105  103  106  102  104  106  117  114  106   99  148  173  166  157  158  142  150  165  150  163  158  143  159  154  141  134  129  132  120  121  125  156  140  141  120  119  137  147  152  129  146  115  118  126  128  116  115  128  120  112  115   99  112  121  130  124  109  134  103   98  129  136  133  156  126  151  144  114  155   67   75   62   71   74   75   52   73   65   84   73   68   47   56  158  167  159  170  160  147  170  176  172  181  167  158  150  163  152  145  131  146  137  122  125  142  127  115  130  146  107  154  
 24   29   11   12   14   16   17   17    0  208  176  195  177  187  191  177  211  186  194  207  199  173  186  171  193  188  155  135  168  151  184  183  174  184  190  185  210  209  208  211  213  184  208  218  179  190  187  212  187  203  198  213  193  203  177  189  192  165  182  186  202  190  188  187  178  196  190  169  141  156  100   77   72   96   67  232  206  216  214  200  224  214  200  237  244  241  211   88   70  118  117  120  114  120  118  130  129  120  115  158  180  171  165  163  149  159  173  155  171  164  152  168  163  148  140  119  124  113  113  114  145  131  128  112  109  129  137  143  118  134  106  108  114  121  108  106  124  116  106  110   93  105  114  125  118  101  127   96   93  122  127  124  155  128  151  144  116  154   77   80   72   77   87   87   63   86   75   94   83   77   56   64  175  183  175  187  177  164  186  193  189  197  184  174  167  158  147  158  142  159  150  136  140  156  140  128  142  160  121  168  
224  224  211  218  221  192  226  196  208    0   35   24   32   37   22   33    4   29   23   12   10   37   30   38   22   32  235  208  242  239  172  177  163  155  168  102  140  137  132  121  111  138  141  119  115  103  107  128  104  133  101  133  132  103   32   25   17   46   30   23    7   23   21   31   31   21   23   40  349  362  305  285  279  299  270  272  244  254  265  257  251  265  258  286  281  278  267  237  220   91   93   91   95  107   90   79   91   90  105  260  290  303  280  299  275  263  285  290  282  296  268  270  265  277  275  324  324  312  312  246  258  230  264  219  231  220  250  243  244  261  220  231  248  318  309  308  312  304  302  302  290  303  312  316  313  301  325  293  286  319  328  325  176  142  160  156  140  167  213  239  217  235  199  208  206  203  215  221  221  221  212  219  134  161  170  157  140  137  151  144  149  139  148  167  139  213  202  228  232  230  219  206  196  205  210  207  227  213  193  221  
193  193  180  186  189  160  193  164  176   35    0   36    8   19   29   19   36   31   34   31   24    4   31    7   31   36  203  175  211  207  167  171  157  152  164  103  144  142  136  128  119  136  144  128  113  105  109  134  105  136  106  139  133  110   10   29   23   11   25   13   29   14   14   14    6   20   14    9  316  330  274  253  247  268  239  265  236  247  256  246  245  256  248  279  275  272  257  203  186   59   64   62   62   85   58   50   69   62   81  243  273  283  262  278  255  246  267  269  265  276  249  253  248  256  253  293  294  282  283  212  225  197  230  185  197  187  217  210  210  227  186  196  214  289  279  277  285  276  273  273  260  273  282  288  284  271  295  263  257  290  298  295  146  110  130  125  106  137  188  213  191  209  175  184  180  179  190  198  196  195  184  192  130  157  163  153  135  130  148  143  147  140  145  160  133  182  171  213  215  216  204  190  180  192  194  189  210  200  175  208  
208  208  197  203  207  179  212  181  195   24   36    0   28   48    7   21   28    9    2   34   24   35    9   34    5    8  237  210  246  241  148  153  139  131  144   78  117  114  109   99   89  114  118   97   91   79   84  106   80  110   78  111  109   81   27    7   14   43   14   24   20   32   26   41   30   35   33   35  335  346  289  270  264  282  255  248  220  230  241  233  227  241  234  262  257  254  242  232  214   78   78   75   84   86   79   65   71   75   86  237  267  280  257  277  252  240  261  268  259  274  245  247  242  255  252  308  306  294  295  244  258  230  261  217  229  221  250  244  242  259  218  228  245  301  293  291  294  285  285  284  273  285  294  298  295  284  307  275  269  301  312  309  182  144  165  161  140  173  193  220  197  216  178  187  187  182  195  200  200  201  193  200  110  137  146  132  115  113  127  120  125  115  124  143  115  217  206  204  209  207  195  183  172  181  186  184  203  189  170  197  
193  193  180  186  189  161  194  164  177   32    8   28    0   26   21   10   34   23   26   32   22    7   23    7   23   28  209  182  218  213  160  164  149  144  157   95  136  133  128  119  111  128  136  119  105   97  100  126   97  128   98  130  125  102    2   22   17   16   16    9   25   16   12   20    3   23   17    8  317  330  274  253  248  268  239  258  229  240  250  240  238  250  241  272  268  265  250  207  190   59   62   60   63   81   59   48   64   60   78  238  268  279  257  274  250  241  262  265  260  272  244  248  243  252  249  293  293  281  282  217  231  202  235  190  202  193  223  216  216  233  191  202  219  288  279  277  283  274  272  272  259  272  281  287  283  270  294  262  256  289  298  295  154  117  137  133  112  145  185  211  188  207  172  181  178  176  187  194  193  192  182  190  122  149  156  146  128  123  140  135  140  132  138  153  125  189  178  208  210  210  198  184  175  186  188  184  205  194  170  202  
205  206  191  197  200  170  204  176  187   37   19   48   26    0   42   36   36   46   46   27   28   22   46   25   43   51  199  172  206  203  186  190  176  170  183  121  162  159  154  145  136  154  162  144  132  123  127  151  123  154  124  156  151  127   28   43   34   26   41   25   34   16   23    7   24   16   16   27  326  342  286  264  258  281  252  284  255  266  275  265  264  275  267  298  294  291  276  206  190   74   80   78   75  103   72   65   87   78   99  261  291  301  280  296  272  264  285  286  283  294  266  271  266  274  270  305  307  295  296  213  223  195  230  185  198  185  215  207  211  227  187  197  214  302  292  290  299  290  286  287  273  286  295  302  298  284  309  276  271  303  311  308  140  107  123  120  106  130  204  229  206  224  192  201  195  196  206  215  212  211  199  207  149  176  182  172  154  149  167  162  166  158  164  179  152  177  166  232  233  234  222  208  199  211  212  208  228  219  193  227  
206  205  194  200  203  175  209  178  191   22   29    7   21   42    0   16   26    7    5   30   19   29    8   28    2   11  231  203  239  234  152  156  142  135  148   83  123  120  114  104   95  118  123  103   95   84   88  111   85  115   84  116  113   87   20    3    8   37    9   17   16   26   19   34   23   30   27   29  332  343  286  267  261  280  252  252  223  233  244  235  231  244  237  265  260  258  245  227  209   74   74   72   79   85   74   61   70   71   85  238  268  281  258  277  253  241  263  268  260  274  246  248  243  255  253  305  304  292  293  238  252  224  255  211  223  215  244  237  236  253  212  222  239  299  290  289  292  283  283  282  270  283  292  296  293  282  305  273  267  299  309  306  175  138  159  154  134  166  192  219  196  214  177  186  186  182  194  200  200  200  191  199  114  141  149  136  119  116  131  124  130  120  128  146  118  211  199  206  210  208  197  184  174  183  188  185  205  191  171  199  
191  191  179  186  189  161  194  163  177   33   19   21   10   36   16    0   36   14   20   36   25   17   14   15   17   19  217  189  225  220  150  155  140  135  147   85  126  123  118  109  101  118  126  109   96   87   90  116   87  118   88  120  115   92    9   14   16   23    7   14   26   24   18   30   13   30   24   15  317  329  272  253  247  266  238  249  220  231  241  231  229  241  233  263  259  256  242  211  193   59   60   58   64   75   59   46   59   57   73  231  261  272  251  268  244  234  255  259  253  266  238  241  236  246  243  291  291  279  280  222  237  209  240  196  208  200  229  223  221  238  197  207  224  286  277  275  280  271  270  269  257  270  279  284  280  268  292  260  254  286  296  293  162  124  146  141  119  153  180  207  184  203  167  176  174  171  183  189  188  188  179  186  113  140  147  136  118  114  131  125  130  122  128  144  116  197  185  200  203  202  190  177  167  178  181  178  197  186  163  194  
226  226  214  220  223  195  228  198  211    4   36   28   34   36   26   36    0   33   27   10   12   38   33   40   26   36  235  208  242  239  176  181  167  159  172  106  144  141  135  124  114  142  144  122  119  106  111  131  108  137  105  136  136  107   34   29   20   47   33   25   10   23   23   31   33   20   23   42  351  364  307  287  282  301  273  276  248  258  269  260  255  269  262  290  285  282  270  238  222   93   96   94   97  110   93   81   94   93  109  264  294  307  284  302  278  267  288  293  286  300  271  274  269  281  278  327  326  314  315  247  258  230  264  219  232  221  250  243  245  261  221  231  249  321  312  311  315  307  305  305  293  305  315  319  316  304  327  295  289  322  331  328  176  142  159  156  140  166  216  243  220  238  202  211  210  206  218  224  224  224  215  222  138  165  174  160  143  141  154  147  153  143  152  171  143  213  202  232  236  234  222  210  199  209  214  211  230  216  197  224  
200  200  188  195  198  171  204  172  186   29   31    9   23   46    7   14   33    0    8   37   25   30    1   28    7    5  230  203  239  234  145  150  135  128  141   77  117  114  109   99   90  112  117   98   89   78   82  106   79  109   78  111  107   81   21    4   15   37    6   21   23   31   24   39   25   35   31   29  327  337  280  262  256  274  246  245  216  226  237  228  224  237  230  259  254  251  238  224  206   69   69   67   75   79   70   56   63   66   78  231  261  274  251  270  246  234  256  261  253  267  239  241  236  248  246  300  298  286  287  236  250  223  254  210  221  214  242  236  234  252  210  220  237  293  284  283  286  277  277  276  264  277  286  290  287  276  299  267  260  293  303  300  176  138  159  154  133  167  185  212  189  208  171  180  179  175  188  193  193  193  185  192  107  134  142  130  112  109  124  118  123  114  122  139  111  211  199  199  203  201  190  177  166  176  181  178  198  184  164  192  
208  208  196  203  206  178  211  180  194   23   34    2   26   46    5   20   27    8    0   32   22   34    8   33    3    9  236  208  244  239  149  154  140  133  145   80  119  116  111  101   91  115  120   99   93   81   85  107   82  112   80  112  110   83   25    5   13   42   13   22   18   30   24   39   28   34   31   34  335  345  288  270  264  282  254  249  221  231  242  234  228  242  235  263  258  256  244  231  213   77   77   75   83   86   78   64   71   74   86  238  268  281  258  277  253  241  262  268  260  275  246  248  243  255  253  308  306  294  295  242  256  228  260  216  227  219  248  242  241  258  217  227  244  301  293  291  294  285  285  284  272  285  294  298  295  284  307  275  268  301  311  308  180  143  163  159  138  171  193  220  197  216  178  187  187  183  196  200  201  201  193  200  111  138  147  134  117  114  128  122  127  117  126  144  116  216  204  205  210  208  196  184  173  182  187  185  204  190  171  198  
224  224  211  217  220  191  224  195  207   12   31   34   32   27   30   36   10   37   32    0   12   34   37   36   31   41  226  199  233  230  182  186  172  165  178  112  151  148  143  132  122  148  152  130  125  113  118  139  114  144  112  144  143  115   32   33   22   43   36   23   14   17   20   23   30   12   17   38  348  361  305  284  278  299  270  282  253  263  274  265  261  274  267  295  290  288  275  232  215   90   94   92   93  111   89   79   95   91  109  266  297  308  286  304  280  269  291  295  289  302  273  277  272  282  279  324  324  312  313  240  250  222  257  212  224  212  242  235  237  254  213  224  241  319  310  308  314  305  303  303  291  304  313  318  314  302  326  294  288  320  329  326  167  134  150  147  132  157  216  242  220  238  203  212  209  207  218  225  224  224  214  221  144  171  179  166  149  146  161  154  159  149  158  176  148  204  193  235  239  237  226  213  202  213  217  213  233  220  199  228  
214  215  202  208  211  182  216  186  199   10   24   24   22   28   19   25   12   25   22   12    0   26   26   28   20   30  225  198  232  229  170  175  161  154  166  102  141  138  133  122  113  137  142  121  114  103  107  129  104  134  102  134  132  105   22   21   11   35   24   13    6   13   10   21   21   13   13   30  339  352  295  275  270  290  261  270  242  252  262  253  249  263  255  284  279  277  264  227  210   81   84   82   85  100   81   70   84   81   98  255  285  297  275  293  269  258  279  284  277  290  262  265  260  271  268  315  315  303  303  236  248  219  253  208  221  210  240  233  234  250  210  220  237  310  300  299  304  295  294  293  281  294  303  308  304  292  316  284  278  310  319  316  167  132  150  146  130  157  205  232  209  227  192  201  198  196  208  214  213  213  203  211  132  159  168  155  138  135  150  143  148  139  147  165  137  203  193  224  227  226  214  201  191  201  205  202  221  209  187  217  
189  190  176  183  186  157  190  161  173   37    4   35    7   22   29   17   38   30   34   34   26    0   30    3   31   35  202  175  210  206  164  168  153  149  161  100  142  139  134  126  117  133  142  126  111  103  106  132  103  134  104  136  130  108    9   29   24    9   24   14   31   17   16   18    6   23   17    5  313  327  271  250  244  265  236  262  233  243  253  243  242  253  244  275  272  269  253  201  184   56   60   59   59   82   55   46   65   58   78  239  270  279  258  275  251  242  263  265  261  272  245  250  245  253  250  290  290  279  279  211  224  195  228  184  196  186  216  209  209  226  185  195  212  286  276  274  281  272  270  270  257  270  279  285  281  268  292  260  254  286  295  292  146  109  130  125  105  137  184  210  187  205  172  180  176  176  186  194  192  192  181  189  127  154  160  150  132  127  145  141  145  137  142  157  129  182  171  210  211  212  200  186  177  189  190  186  206  196  171  205  
200  199  188  195  198  170  203  172  186   30   31    9   23   46    8   14   33    1    8   37   26   30    0   28    8    5  231  203  239  234  144  149  135  128  141   76  116  114  108   99   89  111  117   98   88   77   82  105   78  109   78  110  106   81   21    5   15   37    7   22   24   31   24   39   25   36   32   29  327  337  280  261  256  274  246  244  216  226  237  228  223  237  229  258  253  251  238  224  206   69   69   66   75   78   70   56   63   66   78  230  261  273  251  270  245  234  255  260  253  267  238  241  236  248  245  299  298  286  286  236  250  223  253  210  221  214  242  236  234  252  210  220  237  292  284  283  285  277  276  275  264  277  286  290  287  276  298  266  260  293  303  300  176  138  159  155  133  167  185  212  189  208  170  179  179  175  187  192  192  193  185  192  106  134  142  129  112  109  124  118  123  113  121  139  111  211  199  199  203  201  189  177  166  176  180  178  197  183  163  191  
187  188  175  181  184  155  188  159  171   38    7   34    7   25   28   15   40   28   33   36   28    3   28    0   30   33  203  175  211  207  161  165  150  146  158   98  139  137  131  123  115  130  139  124  108  100  103  129  100  131  102  134  127  105    8   28   24    9   22   15   31   20   17   21    6   26   20    2  312  325  269  248  242  263  234  259  230  240  250  240  239  250  241  272  269  266  250  200  183   54   58   56   57   79   53   44   62   56   75  236  267  276  255  272  248  239  260  262  258  270  242  247  242  250  247  288  288  276  277  211  224  196  228  184  196  187  216  209  209  226  185  195  212  283  274  272  279  270  267  268  255  267  277  282  278  266  290  257  252  284  293  290  148  110  131  126  106  138  181  207  185  203  169  178  174  173  183  191  190  189  178  186  124  151  157  147  129  124  142  138  142  135  139  154  126  183  171  207  208  209  197  183  174  186  187  183  203  193  168  202  
207  206  195  201  205  177  210  179  193   22   31    5   23   43    2   17   26    7    3   31   20   31    8   30    0   10  233  205  241  236  151  156  141  134  147   82  121  118  113  103   93  117  122  102   94   83   87  110   84  114   82  115  112   85   22    3   10   39   11   19   17   28   21   36   25   31   28   31  333  344  287  268  262  281  253  251  223  233  244  235  230  244  236  265  260  257  245  228  210   75   76   73   81   86   76   62   70   72   85  238  268  281  258  277  253  241  263  268  260  275  246  248  243  255  253  306  305  293  294  240  253  225  257  213  225  216  245  239  238  255  214  224  241  300  291  290  293  284  284  283  271  284  293  297  294  283  306  274  267  300  310  307  177  140  160  156  135  168  192  219  196  215  178  187  186  182  195  200  200  200  192  199  113  140  148  136  118  116  130  123  129  119  127  145  118  212  201  206  210  208  196  184  173  183  188  185  205  191  171  198  
201  200  189  196  200  172  205  174  188   32   36    8   28   51   11   19   36    5    9   41   30   35    5   33   10    0  235  207  244  238  141  146  131  124  137   72  112  109  104   94   85  107  112   93   84   73   78  101   74  105   73  106  102   76   26    8   19   42   11   26   27   36   29   44   30   40   36   34  328  338  281  263  257  275  247  241  213  223  234  225  220  234  227  255  250  247  235  227  209   71   71   68   78   78   73   58   63   68   78  229  259  272  249  268  244  232  253  259  251  266  237  239  234  246  244  300  298  286  287  239  255  227  257  214  225  218  246  241  238  256  214  224  241  293  285  283  286  277  277  276  265  277  286  290  287  276  299  267  261  294  304  301  181  142  164  159  137  172  184  212  189  207  170  179  179  174  187  192  192  192  185  192  103  130  138  126  108  106  120  114  119  109  117  135  108  215  204  196  201  199  187  175  164  173  178  176  195  181  162  189  
176  183  165  164  163  149  158  162  155  235  203  237  209  199  231  217  235  230  236  226  225  202  231  203  233  235    0   29   13    8  308  309  296  301  311  276  314  312  308  305  302  293  313  310  278  280  281  310  279  305  286  313  298  291  211  231  226  194  224  216  230  212  216  204  208  214  212  202  225  261  223  197  192  223  201  378  349  361  361  347  366  361  348  385  390  387  359   77   87  178  186  188  169  213  174  189  210  189  203  311  335  325  319  317  304  312  327  310  325  318  306  321  316  302  295  235  251  243  244   56   35   24   59   43   50   26   34   20   48   49   49   51   57  252  235  232  264  257  240  249  230  238  245  262  252  231  256  234  234  252  249  247   62   93   78   80   98   72  229  234  225  232  235  237  215  234  227  247  236  230  209  218  284  303  300  303  288  276  301  302  302  304  297  298  279   26   33  305  292  306  296  280  280  297  285  274  291  302  263  311  
158  164  146  146  145  128  141  141  135  208  175  210  182  172  203  189  208  203  208  199  198  175  203  175  205  207   29    0   40   31  281  282  269  273  283  247  286  284  280  277  273  265  284  281  249  252  252  281  250  277  257  284  269  263  183  203  199  166  196  188  203  185  189  177  181  187  185  174  222  256  213  186  181  212  187  353  324  335  337  323  340  337  323  361  365  362  335   69   73  150  158  160  141  185  146  160  181  160  175  289  314  306  298  297  283  290  306  290  304  299  284  299  294  282  275  227  241  232  233   57   52   25   68   30   44   17   46   36   51   61   37   45   58  240  224  222  251  243  228  236  217  226  234  250  240  220  246  221  220  241  240  237   43   65   55   55   70   50  207  215  203  211  211  214  193  211  205  224  214  209  188  197  255  275  273  276  260  248  273  274  274  276  270  271  251   23   15  280  269  282  271  255  254  271  260  249  267  277  238  286  
190  196  179  177  176  163  171  176  168  242  211  246  218  206  239  225  242  239  244  233  232  210  239  211  241  244   13   40    0   18  320  321  308  313  323  287  325  323  319  316  312  305  324  320  289  291  291  320  289  317  296  324  309  302  219  239  234  202  233  223  238  220  224  211  216  221  219  210  235  272  236  209  205  236  213  391  362  374  375  361  379  374  361  399  403  400  372   89  100  189  197  199  180  224  185  199  221  199  215  324  348  339  333  330  317  326  340  323  338  332  319  335  330  315  308  247  263  256  256   67   42   37   67   56   62   39   43   30   60   57   62   63   68  264  247  245  277  270  253  262  242  251  258  275  264  244  269  247  247  265  261  259   67  101   83   86  108   76  242  248  238  245  248  250  228  248  241  260  249  244  222  231  295  315  312  315  299  288  312  314  314  315  309  310  291   29   40  318  306  319  309  293  293  310  298  287  304  315  276  324  
172  179  162  160  159  147  154  160  151  239  207  241  213  203  234  220  239  234  239  230  229  206  234  207  236  238    8   31   18    0  308  309  296  301  311  277  315  313  310  307  303  294  314  311  279  282  282  311  280  307  288  314  299  293  214  234  230  198  227  219  234  216  220  208  212  219  216  206  218  254  217  191  187  218  195  376  348  359  359  345  365  359  346  383  388  385  357   71   82  180  188  190  171  214  176  191  211  190  204  308  331  322  316  313  300  309  324  306  321  314  302  318  313  298  291  229  245  237  238   49   27   19   51   39   44   24   26   12   42   41   45   45   50  246  229  227  258  252  235  244  224  233  239  257  246  226  250  228  229  247  243  241   69   97   83   85  101   78  226  231  222  228  232  234  212  232  224  244  233  227  206  215  284  303  300  304  288  276  301  303  302  305  298  298  280   33   39  303  290  304  294  278  278  295  283  272  289  301  261  310  
180  175  178  185  188  177  196  169  184  172  167  148  160  186  152  150  176  145  149  182  170  164  144  161  151  141  308  281  320  308    0    6   12   17    8   71   50   51   55   67   78   35   47   75   57   72   67   62   70   50   77   58   45   78  158  149  160  164  147  164  167  174  167  180  162  179  175  160  296  287  236  231  227  229  211  100   73   83   95   89   79   95   91  115  109  106   97  264  244  142  132  130  150  100  146  137  110  131  109  114  139  162  135  162  139  117  136  154  135  158  128  120  117  143  144  253  241  231  231  286  313  291  304  272  276  284  304  305  289  307  269  275  287  234  234  234  217  210  221  214  213  223  230  224  227  226  239  213  205  234  249  247  273  231  260  253  220  267  125  149  133  146  107  113  132  111  129  118  127  132  142  141   38   11    9   17   33   38   23   33   25   41   24   11   35  298  285   76   92   78   71   70   58   53   70   78   86   58   73   61  
178  173  176  183  186  176  194  167  183  177  171  153  164  190  156  155  181  150  154  186  175  168  149  165  156  146  309  282  321  309    6    0   15   23   14   76   56   57   60   73   84   41   53   81   62   78   72   68   75   56   82   64   51   83  163  154  164  168  152  168  172  179  172  184  167  184  179  164  292  283  233  228  224  225  207   95   68   77   89   83   74   90   85  109  104  102   91  264  243  144  134  133  152  102  149  140  113  133  111  108  133  156  130  156  133  111  130  149  129  152  122  114  111  137  139  249  237  227  227  286  313  291  303  272  276  285  304  305  289  307  269  275  287  230  231  230  212  206  217  209  209  219  225  219  222  222  234  209  201  230  245  243  275  233  262  255  222  269  122  145  130  143  104  110  129  108  126  114  124  128  139  138   43   17    9   23   38   41   29   39   31   46   30   12   39  299  286   70   86   72   66   66   54   48   65   73   80   53   69   56  
171  166  168  175  179  166  186  158  174  163  157  139  149  176  142  140  167  135  140  172  161  153  135  150  141  131  296  269  308  296   12   15    0   14   16   64   50   51   53   64   74   29   47   73   49   65   60   60   63   48   71   57   41   73  148  139  150  153  138  154  158  164  157  170  152  169  164  149  289  281  230  223  219  222  203  109   81   91  103   95   89  103   97  123  118  116  104  253  233  130  120  118  137   88  134  125   98  119   97  114  141  162  136  162  138  118  138  154  136  158  127  122  118  142  143  247  236  225  226  275  301  279  292  260  265  272  292  293  277  295  257  263  276  229  228  227  212  205  215  208  206  217  224  219  221  220  234  207  199  229  243  241  261  219  248  241  208  255  118  142  125  140   99  106  124  103  122  112  120  125  133  133   29   10    7   16   24   27   20   31   23   38   20    4   24  286  273   77   90   79   71   67   54   53   68   74   84   59   67   64  
182  177  179  185  189  176  197  168  184  155  152  131  144  170  135  135  159  128  133  165  154  149  128  146  134  124  301  273  313  301   17   23   14    0   13   54   35   36   39   51   61   18   32   59   40   55   49   46   52   34   59   43   28   60  143  132  143  149  131  148  151  158  151  164  147  163  159  144  302  295  243  236  232  235  216  117   91  100  112  106   96  113  108  132  126  123  114  261  240  130  120  119  138   89  135  125   98  119   99  128  155  176  150  176  152  132  152  168  150  172  141  136  132  156  157  260  250  239  239  282  308  284  299  266  271  277  299  299  284  302  263  270  283  242  242  241  227  219  229  222  220  230  238  233  235  233  247  220  212  243  257  255  264  221  250  243  210  257  131  156  138  153  112  119  136  116  135  126  134  138  145  146   22    6   20    2   16   25    6   16    9   24    7   18   22  290  277   91  105   93   85   81   69   67   82   88   98   73   81   77  
186  181  184  190  194  182  202  174  190  168  164  144  157  183  148  147  172  141  145  178  166  161  141  158  147  137  311  283  323  311    8   14   16   13    0   66   42   43   47   59   70   30   39   67   53   67   61   54   65   42   71   50   38   71  155  145  156  162  144  161  163  171  164  177  160  176  171  157  303  295  244  238  234  236  218  105   79   88  101   96   84  101   98  120  113  111  103  269  248  142  132  131  150  100  147  137  110  131  110  122  147  170  144  170  147  125  144  163  143  166  136  128  125  151  153  261  249  239  239  290  316  294  308  275  280  287  307  308  292  311  272  279  291  242  242  241  225  218  229  222  220  230  237  232  234  234  247  221  213  242  257  254  275  232  261  254  221  268  132  156  140  154  114  120  139  118  136  126  135  139  148  148   35    8   16   11   29   37   17   26   19   33   20   16   34  300  287   84  100   86   80   78   67   62   79   86   94   67   81   70  
190  187  182  189  193  172  200  169  185  102  103   78   95  121   83   85  106   77   80  112  102  100   76   98   82   72  276  247  287  277   71   76   64   54   66    0   42   39   35   30   28   36   42   35   15    5    6   34    3   34   13   38   30   18   93   80   91  103   80   97   98  107  100  114   97  112  108   97  317  317  262  249  244  254  231  171  144  154  166  159  150  166  161  186  179  177  168  248  228   98   90   87  107   68  102   88   67   87   76  173  202  220  195  218  193  176  197  209  195  214  184  182  178  197  196  280  273  262  262  266  288  262  284  246  254  254  279  277  267  285  244  253  267  267  263  262  254  246  252  248  241  253  261  260  260  254  272  242  235  267  280  277  230  189  215  209  179  223  152  180  158  176  134  143  152  139  156  153  158  160  161  165   34   60   71   55   39   42   49   42   47   37   47   68   42  261  248  137  147  139  129  121  108  113  123  125  140  120  113  126  
211  207  206  213  217  200  224  194  210  140  144  117  136  162  123  126  144  117  119  151  141  142  116  139  121  112  314  286  325  315   50   56   50   35   42   42    0    3    8   20   32   26    3   27   37   39   36   14   39    9   39    9   17   37  135  120  131  145  121  138  137  148  141  155  139  152  148  138  333  329  276  267  262  268  247  142  119  126  140  136  120  141  139  157  148  146  143  281  261  137  129  127  146  102  142  129  105  126  111  163  189  211  185  211  187  166  186  203  184  207  177  170  167  191  192  293  283  272  273  301  324  300  319  282  289  292  315  314  302  320  280  288  302  276  275  274  261  254  262  256  253  264  271  267  269  266  282  254  246  277  291  288  271  229  256  250  219  264  163  189  170  186  144  152  167  149  167  160  167  171  176  178   36   41   55   34   35   47   30   20   27   13   31   53   45  300  288  126  140  128  120  117  104  102  117  123  134  108  115  111  
210  206  205  212  216  199  223  193  209  137  142  114  133  159  120  123  141  114  116  148  138  139  114  137  118  109  312  284  323  313   51   57   51   36   43   39    3    0    5   18   29   26    5   24   34   37   34   11   37    7   36    7   16   34  132  117  128  142  118  135  134  145  138  152  136  149  145  136  333  329  276  266  262  268  247  144  121  129  143  139  122  143  141  160  151  149  145  280  259  135  126  124  144  100  140  126  103  124  109  165  190  213  186  212  189  168  187  204  186  208  178  171  168  192  193  293  284  273  273  299  323  298  317  280  287  290  314  312  300  319  278  286  300  277  275  274  262  254  262  257  253  264  272  268  269  266  282  254  246  277  291  288  269  227  254  247  217  261  163  189  170  186  144  152  167  149  167  160  167  171  176  178   35   42   56   35   34   46   31   20   28   13   32   54   44  298  285  127  141  129  121  118  105  103  118  124  135  109  115  113  
209  205  204  211  214  197  222  191  208  132  136  109  128  154  114  118  135  109  111  143  133  134  108  131  113  104  308  280  319  310   55   60   53   39   47   35    8    5    0   13   25   26    9   21   31   32   29    7   32    6   31    5   15   29  127  112  123  137  113  130  129  140  132  147  131  144  140  131  333  329  275  266  261  268  246  149  125  133  147  142  127  147  145  164  156  154  150  277  256  131  122  120  140   97  135  122   99  120  106  167  193  215  189  215  191  170  190  207  188  210  180  174  171  195  195  293  284  273  273  296  319  294  314  277  284  286  310  308  297  315  275  283  297  277  275  274  262  255  263  257  253  264  272  268  270  266  282  254  246  277  291  289  265  223  249  243  213  257  163  190  170  187  144  152  166  149  167  160  167  171  176  178   34   45   58   38   34   46   33   22   30   15   34   57   44  294  282  130  143  132  124  119  107  106  120  125  137  112  116  116  
