150

    0     18     37      7      9     26     15      8     46     35     54     38     39     45     38     26     26   1297   1304   1295   1322   1344   1317   1303   1317   1303   1312   1294   1302   1336   1256   1334   1346   1263   1325   1348   1327   1327   1323   1307   1336   1308   1028   1015   1021   1010    984   1010   1029   1020   1051   1042   1029   1058   1009   1045    979   1007    982   1008   1053   1020   1004   1020   1052   1038   1038   1025   1014   1024    999   1040    997   1037   1005   1028   1049   1025   1063   1043   1018   1052   1051   1099   1073   1057   1042   1041   1040   1047   1289   1260   1281   1329   1270   1273   1277   1279    554    574    590    572    587    548    566    518    568    574    586    566    609    595    563    567    552    576    548    516    556    555    604    573    544    590    535    527    563    556    544    517    607   1991   1985   1952   1959   1942   1911   1958   1990   1974   1903   1897   1966   1986   1936   1963   1947   1916   1923   1940  
   18      0     53     23     10     34      6     13     42     22     47     29     48     49     55     10     36   1283   1291   1281   1309   1330   1303   1290   1303   1289   1298   1281   1288   1322   1242   1321   1332   1249   1312   1334   1313   1313   1309   1293   1322   1295   1011    998   1004    993    967    993   1012   1003   1034   1025   1012   1041    992   1028    962    990    965    991   1035   1003    987   1003   1035   1020   1021   1007    997   1007    981   1023    980   1020    988   1011   1032   1010   1048   1028   1004   1037   1036   1084   1058   1043   1028   1026   1025   1032   1274   1244   1265   1313   1254   1257   1261   1264    541    561    576    559    573    534    552    504    554    561    573    552    595    580    549    553    539    563    535    503    542    540    590    560    531    577    522    513    549    542    532    504    593   1974   1968   1935   1942   1925   1894   1941   1973   1957   1886   1881   1949   1969   1919   1946   1930   1899   1906   1923  
   37     53      0     34     45     26     48     40     56     72     89     74     23     41     24     62     50   1334   1341   1331   1359   1381   1353   1340   1354   1340   1349   1331   1338   1373   1292   1371   1383   1300   1362   1385   1364   1363   1360   1344   1372   1345   1061   1047   1054   1042   1017   1043   1061   1053   1083   1075   1061   1090   1041   1077   1011   1039   1014   1041   1085   1052   1036   1051   1084   1070   1070   1057   1047   1057   1030   1072   1030   1070   1037   1061   1081   1062   1100   1079   1055   1089   1088   1135   1110   1094   1079   1078   1077   1084   1326   1296   1317   1365   1306   1309   1313   1316    591    611    627    609    623    585    603    555    605    611    622    603    646    631    600    604    588    612    585    553    593    591    640    609    581    627    572    564    599    593    581    554    643   2025   2019   1986   1993   1975   1945   1991   2024   2007   1937   1931   1999   2020   1969   1996   1981   1950   1956   1974  
    7     23     34      0     14     28     21     14     51     39     56     40     40     48     32     32     23   1300   1307   1298   1325   1347   1320   1306   1320   1306   1315   1297   1304   1339   1259   1337   1349   1266   1328   1351   1330   1329   1326   1310   1339   1311   1034   1020   1027   1015    990   1015   1034   1025   1056   1048   1035   1064   1014   1051    985   1012    987   1014   1058   1025   1009   1025   1057   1043   1043   1030   1019   1030   1004   1045   1003   1042   1010   1034   1055   1028   1066   1046   1022   1056   1054   1102   1076   1061   1046   1045   1044   1051   1293   1264   1285   1333   1274   1277   1281   1283    557    577    593    575    590    552    569    521    571    577    588    569    612    598    566    570    554    579    551    519    560    558    607    575    547    593    538    530    566    559    547    520    610   1996   1991   1958   1964   1947   1917   1963   1995   1979   1908   1903   1971   1991   1941   1968   1953   1921   1928   1946  
    9     10     45     14      0     30      8      7     45     28     49     31     44     48     46     18     29   1290   1297   1287   1315   1336   1309   1296   1310   1296   1305   1287   1294   1329   1248   1327   1339   1256   1318   1341   1320   1319   1316   1300   1328   1301   1020   1007   1013   1002    976   1002   1021   1012   1043   1034   1021   1050   1001   1037    971    999    974   1000   1045   1012    996   1012   1044   1030   1030   1017   1006   1016    991   1032    989   1029    997   1020   1041   1017   1055   1035   1011   1044   1043   1091   1065   1050   1035   1034   1032   1040   1281   1252   1273   1321   1262   1265   1269   1271    547    567    583    565    580    541    559    510    561    567    579    558    602    587    555    559    545    569    541    509    549    547    596    566    537    583    528    520    555    549    537    510    599   1983   1977   1944   1951   1933   1903   1950   1982   1966   1895   1889   1957   1978   1928   1955   1939   1908   1915   1932  
   26     34     26     28     30      0     29     24     32     56     79     61     14     22     42     43     50   1317   1324   1314   1342   1363   1337   1323   1336   1322   1332   1314   1321   1356   1275   1354   1366   1283   1345   1368   1347   1347   1343   1327   1355   1328   1036   1022   1029   1017    993   1018   1037   1028   1059   1050   1036   1065   1016   1053    986   1014    989   1016   1060   1027   1011   1026   1059   1045   1045   1032   1023   1032   1006   1047   1005   1046   1012   1036   1057   1042   1081   1060   1036   1070   1068   1116   1090   1075   1061   1058   1058   1065   1305   1276   1296   1345   1285   1289   1293   1296    575    594    609    592    607    566    585    537    587    595    606    585    628    613    582    587    573    596    568    536    574    573    624    594    565    611    556    547    582    576    565    537    626   2000   1994   1962   1969   1951   1920   1967   2000   1983   1913   1907   1975   1996   1945   1972   1957   1926   1932   1950  
   15      6     48     21      8     29      0      9     38     27     52     34     43     44     52     15     37   1288   1296   1286   1314   1335   1308   1294   1308   1294   1303   1285   1293   1327   1247   1326   1337   1254   1317   1339   1318   1318   1314   1298   1327   1300   1015   1001   1008    996    971    997   1016   1007   1037   1029   1016   1044    995   1032    966    993    968    995   1039   1006    990   1006   1038   1024   1024   1011   1001   1011    985   1026    984   1024    991   1015   1036   1015   1053   1033   1009   1042   1041   1088   1063   1047   1033   1031   1030   1037   1278   1249   1269   1318   1259   1262   1266   1269    546    566    581    564    578    539    557    509    559    566    578    557    600    585    554    558    544    568    540    508    547    545    595    565    536    582    527    518    554    547    537    508    598   1978   1972   1939   1946   1928   1898   1945   1977   1961   1890   1884   1952   1973   1923   1950   1934   1903   1910   1927  
    8     13     40     14      7     24      9      0     40     33     55     38     38     41     44     22     33   1295   1302   1293   1321   1342   1315   1301   1315   1301   1310   1293   1300   1334   1254   1333   1344   1261   1324   1346   1325   1325   1321   1305   1334   1307   1023   1009   1016   1005    979   1005   1024   1015   1046   1037   1024   1053   1004   1040    974   1002    977   1003   1047   1014    999   1014   1046   1032   1033   1019   1009   1019    993   1035    992   1032   1000   1023   1044   1022   1060   1040   1016   1050   1048   1096   1070   1055   1040   1039   1038   1045   1286   1257   1277   1326   1267   1270   1274   1276    553    573    588    571    585    546    564    516    566    573    584    564    607    592    561    565    550    574    546    515    554    552    602    571    543    589    534    525    561    554    543    515    605   1986   1980   1948   1954   1937   1907   1953   1985   1969   1899   1893   1961   1981   1931   1958   1943   1911   1918   1936  
   46     42     56     51     45     32     38     40      0     59     87     69     36     21     73     46     72   1306   1314   1302   1331   1351   1327   1312   1324   1311   1321   1303   1311   1345   1265   1343   1355   1271   1334   1357   1336   1336   1331   1316   1344   1317   1011    998   1005    992    968    993   1012   1004   1034   1026   1010   1039    991   1028    961    989    964    992   1034   1002    987   1001   1034   1020   1020   1008    999   1007    980   1023    980   1021    987   1011   1032   1029   1067   1046   1023   1055   1054   1101   1076   1062   1048   1043   1043   1051   1288   1259   1278   1328   1268   1272   1276   1280    567    585    598    583    598    554    575    527    576    585    598    574    617    601    572    576    565    588    559    527    562    562    614    586    556    602    546    536    572    566    558    527    616   1977   1970   1938   1945   1927   1897   1943   1976   1959   1890   1883   1952   1972   1922   1949   1934   1902   1909   1926  
   35     22     72     39     28     56     27     33     59      0     29     12     70     69     70     14     41   1263   1270   1260   1288   1309   1282   1269   1283   1268   1278   1260   1267   1302   1221   1300   1312   1229   1291   1314   1293   1292   1289   1273   1301   1274    997    983    990    979    953    979    998    989   1019   1011    999   1027    978   1014    949    976    951    977   1022    989    973    989   1021   1007   1007    993    982    993    968   1009    966   1005    974    997   1019    990   1028   1008    984   1017   1016   1064   1038   1023   1008   1007   1006   1013   1255   1225   1246   1294   1235   1238   1242   1245    520    540    556    538    553    514    532    483    534    540    552    531    575    560    528    532    518    542    514    482    522    520    569    539    510    556    501    493    528    522    511    483    572   1959   1953   1920   1927   1909   1879   1926   1958   1942   1871   1865   1933   1954   1903   1930   1915   1884   1890   1908  
   54     47     89     56     49     79     52     55     87     29      0     19     92     95     80     41     44   1246   1253   1245   1272   1294   1266   1253   1267   1253   1262   1244   1251   1285   1205   1284   1296   1213   1275   1298   1277   1276   1273   1256   1285   1258    997    983    989    979    952    978    997    988   1019   1010   1000   1028    979   1014    949    976    951    977   1022    988    973    990   1021   1007   1007    993    980    993    969   1008    966   1004    975    997   1019    977   1015    995    970   1005   1003   1051   1026   1009    994    995    993   1000   1244   1215   1236   1284   1225   1228   1231   1233    503    524    541    521    536    500    516    468    519    524    535    517    559    546    513    517    500    525    497    466    508    506    553    521    493    539    485    478    512    506    493    467    556   1956   1951   1917   1924   1906   1877   1924   1955   1940   1868   1862   1930   1951   1900   1927   1912   1881   1887   1905  
   38     29     74     40     31     61     34     38     69     12     19      0     75     77     68     23     35   1260   1267   1258   1286   1308   1280   1267   1281   1266   1275   1258   1265   1299   1219   1298   1309   1227   1289   1312   1291   1290   1287   1270   1299   1272   1002    988    994    984    957    983   1002    993   1024   1015   1004   1032    983   1019    953    980    956    981   1026    993    977    994   1025   1011   1012    998    986    998    973   1013    971   1010    979   1002   1023    989   1027   1007    982   1017   1015   1063   1037   1021   1006   1006   1005   1012   1255   1226   1247   1295   1236   1238   1242   1244    517    538    554    535    550    512    529    481    532    538    549    530    573    559    526    530    515    539    511    480    521    518    567    536    507    554    499    491    526    519    507    481    570   1962   1957   1924   1930   1913   1883   1930   1961   1946   1874   1869   1937   1957   1906   1934   1918   1887   1894   1912  
   39     48     23     40     44     14     43     38     36     70     92     75      0     18     45     57     61   1330   1338   1327   1356   1377   1350   1336   1350   1336   1345   1327   1335   1369   1289   1368   1379   1296   1359   1381   1360   1360   1356   1340   1369   1342   1045   1032   1039   1027   1003   1028   1047   1038   1069   1060   1045   1074   1025   1062    996   1024    999   1026   1069   1037   1021   1036   1069   1055   1055   1042   1033   1042   1015   1057   1015   1056   1021   1045   1066   1056   1094   1073   1050   1083   1081   1129   1103   1089   1074   1071   1071   1078   1318   1289   1308   1357   1298   1301   1305   1309    589    608    623    606    621    580    599    551    601    608    620    599    642    626    596    600    586    610    582    550    588    587    637    607    578    625    569    560    596    589    579    551    640   2011   2005   1972   1979   1961   1931   1977   2010   1993   1924   1917   1985   2006   1956   1983   1968   1936   1943   1960  
   45     49     41     48     48     22     44     41     21     69     95     77     18      0     61     56     70   1324   1332   1321   1349   1370   1345   1330   1343   1330   1339   1321   1329   1363   1283   1361   1373   1290   1353   1375   1354   1354   1350   1334   1362   1336   1031   1018   1025   1013    989   1014   1033   1024   1055   1047   1030   1060   1011   1048    981   1010    985   1012   1055   1023   1007   1021   1055   1041   1040   1028   1020   1028   1001   1043   1001   1042   1007   1032   1052   1048   1086   1065   1042   1075   1073   1121   1095   1081   1067   1063   1062   1070   1308   1279   1298   1348   1288   1292   1296   1300    584    603    616    601    616    573    593    545    595    603    615    592    636    620    590    594    582    605    577    545    581    580    632    603    573    620    564    554    590    584    575    545    634   1997   1991   1959   1966   1948   1917   1964   1997   1980   1911   1904   1972   1993   1943   1970   1955   1923   1929   1947  
   38     55     24     32     46     42     52     44     73     70     80     68     45     61      0     64     36   1326   1332   1324   1351   1373   1345   1332   1347   1332   1341   1323   1330   1365   1284   1363   1375   1292   1354   1377   1356   1355   1353   1336   1364   1337   1066   1052   1058   1047   1022   1047   1066   1057   1088   1079   1067   1096   1046   1083   1017   1044   1019   1046   1090   1057   1041   1057   1089   1075   1075   1062   1051   1062   1036   1077   1035   1074   1042   1066   1087   1056   1094   1074   1049   1084   1082   1130   1105   1088   1073   1074   1072   1079   1322   1293   1314   1362   1303   1306   1310   1312    582    603    620    600    615    579    595    547    598    603    614    596    639    625    592    596    579    604    576    545    587    585    632    600    572    618    564    557    592    585    572    547    636   2028   2022   1989   1996   1978   1948   1995   2027   2011   1940   1934   2002   2023   1972   1999   1984   1953   1959   1977  
   26     10     62     32     18     43     15     22     46     14     41     23     57     56     64      0     41   1274   1281   1271   1299   1321   1294   1280   1294   1280   1289   1271   1279   1313   1233   1311   1323   1240   1302   1325   1304   1304   1300   1284   1312   1285   1003    989    995    984    959    984   1003    994   1025   1016   1004   1032    983   1019    954    981    956    983   1027    994    978    994   1026   1012   1012    999    988    999    973   1014    972   1011    979   1003   1024   1001   1039   1018    994   1028   1026   1074   1048   1033   1018   1017   1016   1023   1264   1235   1255   1304   1245   1248   1252   1254    532    552    567    550    564    524    543    495    545    552    563    543    586    571    540    544    530    554    525    494    532    531    581    551    522    568    513    504    540    533    522    494    584   1965   1959   1927   1933   1916   1886   1932   1964   1948   1877   1872   1940   1960   1910   1937   1922   1890   1897   1915  
   26     36     50     23     29     50     37     33     72     41     44     35     61     70     36     41      0   1290   1296   1289   1315   1338   1309   1296   1311   1296   1305   1288   1294   1329   1249   1328   1339   1257   1318   1341   1320   1319   1317   1300   1329   1302   1037   1023   1029   1018    992   1018   1037   1027   1058   1050   1039   1067   1017   1053    988   1015    990   1016   1061   1028   1012   1029   1060   1046   1046   1032   1021   1032   1007   1048   1006   1044   1013   1036   1058   1021   1059   1039   1014   1048   1047   1095   1069   1053   1038   1039   1037   1043   1288   1258   1280   1328   1269   1271   1275   1277    546    568    585    565    579    544    560    512    563    567    578    560    603    590    557    560    543    568    541    509    552    550    597    564    537    583    529    521    556    550    536    511    600   1997   1992   1958   1965   1947   1918   1965   1996   1980   1909   1903   1971   1992   1941   1968   1953   1922   1928   1946  
 1297   1283   1334   1300   1290   1317   1288   1295   1306   1263   1246   1260   1330   1324   1326   1274   1290      0     30     53     27     69     29     16     57     28     19     21      6     40     42     41     53     46     29     57     35     35     47     15     44     16    731    717    704    732    701    711    713    700    702    700    775    754    748    725    756    730    743    713    746    725    728    766    730    730    743    716    673    723    753    722    732    687    747    726    738    309    271    303    302    291    294    265    283    267    275    324    307    293    285    277    333    291    297    286    273    238    745    723    709    726    711    754    732    780    730    723    713    733    689    707    735    731    748    722    750    781    747    746    694    727    754    708    762    771    735    742    755    780    691   1075   1080   1041   1042   1027   1026   1065   1055   1073    980    995   1044   1054   1005   1032   1010   1003   1006   1023  
 1304   1291   1341   1307   1297   1324   1296   1302   1314   1270   1253   1267   1338   1332   1332   1281   1296     30      0     82     42     89     15     43     83     55     40     50     32     46     60     54     65     72     39     69     51     26     70     40     59     40    757    743    731    759    727    737    740    727    729    726    802    781    775    752    782    756    769    739    773    751    755    793    757    756    769    742    700    749    780    749    758    714    774    752    765    328    290    323    319    311    314    288    305    285    292    345    327    313    314    306    362    319    326    315    302    267    751    730    718    732    718    763    740    788    739    730    719    741    697    716    743    738    754    729    756    788    756    754    701    733    760    714    769    779    742    749    761    788    698   1098   1104   1064   1066   1051   1050   1089   1078   1097   1004   1019   1067   1077   1028   1055   1033   1027   1030   1047  
 1295   1281   1331   1298   1287   1314   1286   1293   1302   1260   1245   1258   1327   1321   1324   1271   1289     53     82      0     53     50     78     40     23     28     46     33     50     65     60     56     62     39     59     62     50     78     33     44     53     45    688    674    662    690    660    669    670    658    658    656    732    710    706    682    715    688    702    671    702    682    686    723    686    686    699    673    631    680    712    679    690    644    705    683    694    288    248    278    285    266    269    234    255    248    259    295    282    269    232    225    280    238    245    234    221    186    746    722    705    725    710    749    729    777    727    722    713    729    686    702    732    729    749    722    749    780    741    741    693    729    753    708    761    768    733    739    756    778    689   1028   1033    994    995    980    978   1018   1009   1026    933    947    997   1008    958    986    964    956    959    977  
 1322   1309   1359   1325   1315   1342   1314   1321   1331   1288   1272   1286   1356   1349   1351   1299   1315     27     42     53      0     48     31     20     45     27     11     31     22     15     67     14     27     64      7     30     10     28     30     16     19     14    739    726    713    742    712    721    722    710    710    708    784    762    758    734    767    740    753    723    754    734    738    775    738    738    751    725    683    732    763    731    742    696    757    735    746    329    290    321    323    309    312    280    300    287    296    341    325    312    281    276    330    283    295    284    270    235    771    748    734    751    736    779    757    805    755    749    738    758    714    732    760    756    773    748    775    807    771    770    719    753    779    734    787    796    760    767    781    806    716   1057   1062   1023   1024   1010   1009   1048   1036   1055    962    978   1026   1035    987   1014    992    986    989   1006  
 1344   1330   1381   1347   1336   1363   1335   1342   1351   1309   1294   1308   1377   1370   1373   1321   1338     69     89     50     48      0     78     55     28     48     52     58     64     49     98     37     31     83     52     28     38     72     24     54     31     54    721    709    696    725    697    704    704    692    691    689    765    742    741    715    751    723    738    706    734    717    722    757    719    720    732    707    667    714    747    712    725    678    740    717    727    336    296    325    334    314    316    279    301    296    308    341    329    317    246    245    296    244    263    251    237    203    794    771    754    774    759    798    779    827    776    771    762    779    735    751    782    778    798    771    798    829    790    790    742    778    802    757    810    817    782    789    805    827    738   1010   1015    976    977    963    962   1001    989   1008    915    931    979    988    940    967    944    939    942    959  
 1317   1303   1353   1320   1309   1337   1308   1315   1327   1282   1266   1280   1350   1345   1345   1294   1309     29     15     78     31     78      0     38     75     50     32     48     29     32     67     41     51     75     26     56     40     11     60     34     47     33    759    746    733    761    730    740    742    729    731    728    804    783    777    754    785    759    772    742    774    754    757    795    759    758    771    744    702    751    782    751    760    716    776    755    767    336    298    330    328    318    321    293    311    293    301    352    334    320    309    302    357    313    322    311    298    263    764    743    730    745    730    775    752    800    751    743    732    753    710    728    755    751    767    741    769    801    768    766    714    746    773    727    782    791    755    762    774    800    711   1087   1092   1053   1054   1040   1039   1078   1066   1085    992   1008   1055   1065   1017   1043   1021   1016   1019   1036  
 1303   1290   1340   1306   1296   1323   1294   1301   1312   1269   1253   1267   1336   1330   1332   1280   1296     16     43     40     20     55     38      0     41     13     10     11     12     35     49     32     44     44     25     46     25     40     32      5     33      7    723    710    697    725    695    704    706    693    695    692    767    746    741    718    750    723    736    706    738    718    722    759    722    722    735    708    667    715    747    715    725    680    740    718    731    309    270    302    303    290    292    262    281    267    276    321    306    292    272    265    320    277    285    273    260    226    752    729    715    732    717    759    738    786    736    730    719    739    695    712    741    737    755    729    756    788    752    751    700    734    760    715    768    777    741    748    762    787    697   1059   1065   1025   1027   1012   1010   1050   1039   1057    964    979   1028   1038    989   1016    994    988    991   1008  
 1317   1303   1354   1320   1310   1336   1308   1315   1324   1283   1267   1281   1350   1343   1347   1294   1311     57     83     23     45     28     75     41      0     30     43     40     52     54     77     42     45     58     51     44     38     72     17     43     38     43    702    689    676    705    676    684    684    672    672    670    746    723    721    696    731    703    717    686    715    697    701    738    700    700    713    687    646    694    727    693    705    658    720    697    708    309    270    299    307    287    290    254    275    269    281    315    303    290    237    232    285    239    251    239    226    191    768    744    728    748    733    771    752    800    749    745    735    752    708    724    755    751    771    744    772    802    763    763    715    751    775    731    783    790    755    762    778    801    711   1019   1024    984    986    971    969   1009    999   1017    924    939    988    998    949    976    954    947    950    967  
 1303   1289   1340   1306   1296   1322   1294   1301   1311   1268   1253   1266   1336   1330   1332   1280   1296     28     55     28     27     48     50     13     30      0     19     11     24     41     51     34     44     40     33     46     27     51     24     16     34     17    713    700    687    716    685    694    696    683    684    682    758    736    732    708    740    714    727    697    728    708    712    749    712    712    725    698    657    706    737    705    715    670    731    709    720    304    265    296    300    284    287    254    274    263    273    315    300    287    260    253    308    264    273    261    248    213    752    729    714    732    718    758    737    786    736    730    720    738    695    711    741    737    755    729    756    787    751    750    700    735    760    715    768    776    741    747    762    786    697   1048   1053   1014   1015   1001    999   1039   1028   1046    953    968   1017   1027    978   1005    983    977    980    997  
 1312   1298   1349   1315   1305   1332   1303   1310   1321   1278   1262   1275   1345   1339   1341   1289   1305     19     40     46     11     52     32     10     43     19      0     21     13     25     57     23     36     53     16     39     17     32     30      6     26      4    732    718    706    734    704    713    714    702    703    701    776    755    750    726    758    732    745    715    746    726    730    767    731    731    743    717    675    724    755    723    734    689    749    727    739    319    280    311    313    299    302    271    290    277    286    331    315    302    277    271    326    281    291    279    266    231    760    738    724    741    726    768    747    795    745    738    728    747    704    721    750    746    763    737    765    796    761    760    709    743    769    723    777    786    750    757    771    795    706   1059   1065   1025   1027   1012   1011   1050   1039   1057    965    980   1028   1038    989   1016    994    988    991   1008  
 1294   1281   1331   1297   1287   1314   1285   1293   1303   1260   1244   1258   1327   1321   1323   1271   1288     21     50     33     31     58     48     11     40     11     21      0     19     45     41     41     52     33     36     54     34     51     34     16     42     18    713    699    686    715    684    693    695    683    684    682    757    736    731    707    739    713    726    696    727    707    711    748    712    712    725    698    656    705    736    704    714    670    730    708    720    299    260    291    293    279    282    251    270    257    266    311    295    281    264    256    312    270    277    265    252    218    743    721    706    724    709    750    729    777    727    721    711    729    686    703    732    728    746    720    748    779    742    742    691    726    751    706    760    768    732    739    753    778    688   1057   1063   1023   1024   1010   1008   1047   1038   1055    962    977   1026   1037    987   1015    993    986    989   1006  
 1302   1288   1338   1304   1294   1321   1293   1300   1311   1267   1251   1265   1335   1329   1330   1279   1294      6     32     50     22     64     29     12     52     24     13     19      0     35     46     36     48     48     24     51     29     33     42     10     39     11    731    717    704    733    702    711    713    701    702    700    775    754    749    725    757    731    743    714    746    725    729    766    730    730    743    716    674    723    754    722    732    688    748    726    738    312    273    305    305    293    296    266    285    270    278    326    309    295    282    275    330    288    295    284    271    236    750    728    714    730    716    758    736    785    735    728    717    737    694    711    740    735    752    727    754    786    751    750    698    732    758    713    767    775    739    746    760    785    695   1070   1075   1036   1037   1023   1021   1061   1050   1068    975    990   1039   1049   1000   1027   1005    999   1002   1019  
 1336   1322   1373   1339   1329   1356   1327   1334   1345   1302   1285   1299   1369   1363   1365   1313   1329     40     46     65     15     49     32     35     54     41     25     45     35      0     81     13     20     78     11     24     16     24     38     31     18     29    752    739    726    755    725    733    735    722    723    721    796    774    771    746    780    753    766    736    766    747    751    788    751    751    764    737    696    745    776    743    755    709    770    747    759    344    305    336    338    324    327    295    315    302    311    355    340    326    289    285    338    290    304    293    279    244    784    762    748    765    750    793    771    819    769    762    752    771    728    746    774    770    787    761    789    820    785    784    733    766    793    747    801    810    774    780    794    819    730   1056   1062   1023   1024   1009   1009   1048   1035   1055    962    978   1025   1035    986   1013    991    986    989   1005  
 1256   1242   1292   1259   1248   1275   1247   1254   1265   1221   1205   1219   1289   1283   1284   1233   1249     42     60     60     67     98     67     49     77     51     57     41     46     81      0     80     92     25     70     94     73     75     75     52     81     53    701    686    674    702    669    680    683    670    673    670    745    726    718    696    724    699    711    682    717    695    698    736    701    700    713    686    643    693    722    693    701    658    717    696    709    269    231    264    261    252    255    229    246    226    234    286    268    253    276    263    321    287    285    274    262    228    704    682    668    685    670    712    690    739    689    682    672    691    648    665    694    689    707    681    709    740    705    704    653    687    712    667    721    729    694    700    714    739    650   1086   1091   1051   1053   1038   1035   1075   1067   1083    991   1004   1055   1066   1016   1044   1022   1014   1017   1034  
 1334   1321   1371   1337   1327   1354   1326   1333   1343   1300   1284   1298   1368   1361   1363   1311   1328     41     54     56     14     37     41     32     42     34     23     41     36     13     80      0     13     73     16     16      8     35     26     28      6     27    742    729    716    745    715    723    725    712    713    711    786    764    761    736    770    743    757    726    756    737    741    778    740    741    754    727    686    734    766    733    745    699    760    737    749    338    299    329    333    318    320    287    308    296    306    348    333    320    277    273    326    278    292    281    267    233    783    761    746    764    749    790    769    817    767    761    751    770    726    743    772    768    786    760    788    819    783    782    731    766    791    746    800    808    772    779    793    818    728   1046   1052   1012   1013    999    999   1037   1025   1044    952    967   1015   1024    976   1003    980    975    978    995  
 1346   1332   1383   1349   1339   1366   1337   1344   1355   1312   1296   1309   1379   1373   1375   1323   1339     53     65     62     27     31     51     44     45     44     36     52     48     20     92     13      0     84     27      5     20     44     30     41     11     39    746    733    720    749    720    728    729    717    716    714    790    768    765    740    775    747    761    730    759    741    746    782    744    744    757    731    691    739    771    737    749    703    764    741    752    347    308    338    343    327    329    295    316    306    316    356    342    329    276    274    325    275    292    280    267    232    795    772    757    775    760    802    781    829    779    773    762    781    738    755    784    780    798    772    799    830    794    794    743    778    803    758    811    820    784    791    805    829    740   1037   1043   1003   1004    990    990   1029   1016   1036    943    959   1006   1015    967    994    972    967    969    986  
 1263   1249   1300   1266   1256   1283   1254   1261   1271   1229   1213   1227   1296   1290   1292   1240   1257     46     72     39     64     83     75     44     58     40     53     33     48     78     25     73     84      0     68     86     66     80     61     48     74     50    686    672    659    688    656    666    668    656    658    655    730    710    704    681    711    685    698    668    701    680    684    721    686    685    698    671    629    678    708    678    687    643    702    681    694    266    227    258    260    247    249    219    238    224    233    279    263    249    252    241    298    263    262    251    239    205    713    690    674    693    678    718    698    746    696    690    680    698    655    671    701    697    716    690    717    748    711    710    661    696    721    676    729    737    701    708    723    747    657   1062   1067   1027   1029   1014   1010   1051   1043   1059    966    980   1031   1042    992   1020    998    989    993   1010  
 1325   1312   1362   1328   1318   1345   1317   1324   1334   1291   1275   1289   1359   1353   1354   1302   1318     29     39     59      7     52     26     25     51     33     16     36     24     11     70     16     27     68      0     31     14     22     36     21     21     19    746    733    720    748    718    727    728    716    717    714    790    768    764    740    773    746    760    729    760    740    744    782    745    745    757    731    689    738    769    737    748    702    763    741    753    334    295    326    328    315    317    286    306    292    301    346    330    317    287    282    336    289    301    290    276    242    773    751    737    754    739    782    760    808    759    751    741    761    717    735    763    759    776    750    778    809    774    774    722    756    782    736    790    799    763    770    783    809    719   1061   1066   1027   1028   1014   1013   1052   1040   1059    966    982   1030   1039    991   1018    996    990    993   1010  
 1348   1334   1385   1351   1341   1368   1339   1346   1357   1314   1298   1312   1381   1375   1377   1325   1341     57     69     62     30     28     56     46     44     46     39     54     51     24     94     16      5     86     31      0     23     48     29     44     13     42    745    732    719    748    719    727    727    715    715    713    789    766    764    738    774    746    760    729    758    740    744    781    743    743    756    730    689    737    770    735    748    701    763    740    751    348    309    339    344    327    330    295    316    307    317    356    343    330    273    271    323    272    289    278    264    230    797    774    759    777    763    804    783    831    781    775    765    783    740    757    786    782    800    774    802    833    796    796    745    780    805    760    813    822    786    793    807    831    742   1033   1039    999   1000    986    986   1025   1012   1032    939    955   1002   1011    963    990    967    963    965    982  
 1327   1313   1364   1330   1320   1347   1318   1325   1336   1293   1277   1291   1360   1354   1356   1304   1320     35     51     50     10     38     40     25     38     27     17     34     29     16     73      8     20     66     14     23      0     35     23     21     10     20    736    723    711    739    709    718    719    707    707    705    781    759    755    731    764    737    751    720    750    731    735    772    735    735    748    722    680    729    761    727    739    693    754    732    743    331    291    322    326    311    313    280    301    289    299    341    326    313    274    270    323    276    289    277    264    229    776    753    739    756    741    783    762    810    760    754    743    762    719    736    765    761    779    753    780    812    775    775    724    758    784    739    792    801    765    772    786    810    721   1047   1053   1014   1015   1000   1000   1039   1027   1046    953    969   1016   1026    978   1004    982    977    979    996  
 1327   1313   1363   1329   1319   1347   1318   1325   1336   1292   1276   1290   1360   1354   1355   1304   1319     35     26     78     28     72     11     40     72     51     32     51     33     24     75     35     44     80     22     48     35      0     57     36     41     34    763    749    737    765    734    743    745    733    734    732    807    786    781    757    789    763    776    746    777    757    761    799    762    762    775    748    706    755    786    754    764    720    780    758    770    344    305    337    336    325    328    299    318    301    309    358    341    327    308    302    357    310    322    310    297    262    774    753    740    755    740    785    762    810    761    753    742    763    719    738    765    761    777    751    779    811    777    776    723    756    783    737    792    801    765    771    784    810    721   1080   1086   1046   1047   1033   1033   1072   1059   1079    986   1001   1049   1058   1010   1037   1014   1010   1012   1029  
