60

  0  759  784  731  323  852   26  899  755  358  249   21    0  408  664  864  459  113  904  362  323  388  163  589  250  104  517  590  131   81  461  866  383  376  888   58   20  628  446  514  640  198   61  918  333  340  504  275  670  241  367  953  382  638  764   48  194  858  157  825  
759    0  566  382  313   33  985   60   24  723  892  598  259  390  194  525  322  599  848  841  457  318  117  689  227  633  654  665  863  516   43  466   55  863  167  605  494  145  130  719  132  726  954  223  915  113  860  327   46   24  263  258   40  587  725  541   37  529   22  988  
784  566    0  589  739  675  716  891  824  918   54  842  479  690  357  122  880  619  314  983  124  451  208  636  246  360  174  384  278  156  199  441  884  690  306  174  921  312  158  301  987  826  303  742  232  656  298  829  596  368  231  845  852  435  551  115  325  725  986  781  
731  382  589    0  708  109  298  906  373   39   13  947  984  315  976  294  331  269  684  275  417  788  149  752  315  161   78  902  687  303  982  622  345  997  576  929  642  749  352  558  699  908  775    4  605  603  644  757  368   32  851   59  408  650  784  414   46  351  322  400  
323  313  739  708    0   81  724  901  240  485  223  605  926  309  590   14  124  856  719  141  966  457   42  812  281  264  731  471  696  311  533  829  744  776   37  792  281  994  863  871  582  821  405  376  985  918  481  148  709  870  114  130  275  329  352  507  105  352  636   98  
852   33  675  109   81    0   50  240  632  904  422  574  240   28  371  561  636  354  810  752  850  591  950  862  751  217  881  114  569  615   20  850  645  134  316  369  305   83  211  715  862   44  982  810  780  705  381  470   80   15  615   97  351    8  358  896  390  262  230  233  
 26  985  716  298  724   50    0  190  298  962  393   76  159  508  274  513  924  957  689  904  249  290  563  699  712  712  596  403  709  272  320  663  113  697  775   73  184  577  847  450  394  737  371  133   29  995  231  144  212  733  645  789  615  971  944  398  906  620  497  353  
899   60  891  906  901  240  190    0  411  650  374  487  921  388  569  152  873   25  219  654  667  259  396  806  391  483  391  728  876  325  943   29   99  428  472  453  101  462  461  894   55  289  435  126  633  922  472  251    7  557  673  100  601  404  336  231  941  945  502  465  
755   24  824  373  240  632  298  411    0  735  143  643  348  685  712  418   25  202  399  634  996  507  846  731  624  391  834  286  409  966  196  709  240  894  536   79  353  461  872  502  714  351  826  770  229  463  728  948  619  219  161  465  926    8  375  691  791  860  941  996  
358  723  918   39  485  904  962  650  735    0  745   83  324  490  628  639  150  791   52  839    7  517  299  322  644  900   61  640   99  298  620  469  934  138   13  242  190   58  885  689  695  232   11  619  600  417  983  435  395  998  310  952  630  520  825  795  178  573  961  710  
249  892   54   13  223  422  393  374  143  745    0  270  789  529  724  647  676  448  603  548  106    4    9  812  240  211  849  989  223  692  913  828  676  766  399  155  148  143  817  928  935  716  181  339  211  352  180  295  790  459  335  633   50  233  250  831  489   17  351  393  
 21  598  842  947  605  574   76  487  643   83  270    0  598  217  386  990  940  557    1  127  974  391  453  164  752  788    8  261  972  934  329  880  554  793   11  853  452  115  521  407    4  254  119  625  339  579  378  435  910   50  348  406  397  232  241  222  513  646  388  882  
  0  259  479  984  926  240  159  921  348  324  789  598    0  651  794  767  908  459  319  622  228  303   44  132  818   61  405  364  469  377  830  653   28  558  422  301  880  622  939  250  406  764  401  118  799    4  850  863  464  394  615  850  880  390  110  651  940  574  983  159  
408  390  690  315  309   28  508  388  685  490  529  217  651    0  503  509  854  390  537   90  303  821  673  324  286   97  811  401  139  169  644  851  310  671  341  847  960  546  904  125  744  417  225  177  159   51   53  611  107  561  753  716   72  771  391  293  718  628  997    5  
664  194  357  976  590  371  274  569  712  628  724  386  794  503    0  110  716  959  496  513    2  647  717  410   43  410  688  761  765  989  143  963  884  904  221  497  804  910  395  370  304  305  598  823  381   99  323  559  775   10  571  224  228  334  155  208  294  294  900  249  
864  525  122  294   14  561  513  152  418  639  647  990  767  509  110    0  362  305  405  127  852  394    9  296  103  257  292  228  224  950   48  586  342  773  771  179  321  842  866   90  886  523  515  811  188  862  424  606  601  700  392  647  627  238  409  512  682  750  979  497  
459  322  880  331  124  636  924  873   25  150  676  940  908  854  716  362    0  356  307   66  502   45  656  348  904  635  122  750  765  327  618  171  840  573  969  282  379  409  254  148   79  767  243  760  840  420  539  255  860  594    3  357  464  681   34  303  522  601  160   57  
113  599  619  269  856  354  957   25  202  791  448  557  459  390  959  305  356    0  214  354  428  339  415  112  815   87  973  380  144  880  991  868  784  772  148  954  453  243  887   49  130  221  881  236  969  369  940  135  522  962  705  651  636  522  117  295  733  985  767  776  
904  848  314  684  719  810  689  219  399   52  603    1  319  537  496  405  307  214    0  704  399  848   67  257  764  876  984  850  255  413  210  274  150  616  596  478  970  928  428  655  293  198  379  302  488  227  794  470  107  657  147  634  265  373  723  971  750   67  164  802  
362  841  983  275  141  752  904  654  634  839  548  127  622   90  513  127   66  354  704    0   29  452  617  753    4  369  659  719  442  894  710  401  203  439  659  297  848   62  852  103  354  478  838  973  842  936  547  747  434  685  777  511  836   43  786   83  758  885  781  387  
323  457  124  417  966  850  249  667  996    7  106  974  228  303    2  852  502  428  399   29    0  630  649  220    7  166   55  541  841  793  223  580  303  618  619  336  727  554   88   60  274  296  249  781  439  898  135  834  552  959  426  717   16  305  703  438  575  214  101  233  
388  318  451  788  457  591  290  259  507  517    4  391  303  821  647  394   45  339  848  452  630    0  658  974  510  509  914  312  223  122  575  192  458  928  580  474  809   24  163  725  787  979  737  169    3  751  211  501  532  937  200  116  594  527  317  864   91  402  513  398  
163  117  208  149   42  950  563  396  846  299    9  453   44  673  717    9  656  415   67  617  649  658    0  184  233  687  150  143  388  443  312  942  261  865  604  226  321  159  623  634  339  378  368  524  177  572  257  126  108   66  911  638  931  570  652  102  227  735  482  189  
589  689  636  752  812  862  699  806  731  322  812  164  132  324  410  296  348  112  257  753  220  974  184    0  451  686  736  517   17  644  988  788  571  568  180  353  548  759  474  688  583  599  955  225  679  204   46  219  435  166  852  933  727  462  294  142  311  347  275  921  
250  227  246  315  281  751  712  391  624  644  240  752  818  286   43  103  904  815  764    4    7  510  233  451    0  290  326  436  563   12  782  989  862  863  654  105  877  267  949  462  168   37   17  442  411   72  129  516   36  572  680  717  512  541  637  673  603  564  453  235  
104  633  360  161  264  217  712  483  391  900  211  788   61   97  410  257  635   87  876  369  166  509  687  686  290    0   97  946  120  766  524   97  494  376  895  486  656  638   84   19  338  722  706  281  906  108  157  997  201  752  595  705  610  989  820  360  276  757  567  365  
517  654  174   78  731  881  596  391  834   61  849    8  405  811  688  292  122  973  984  659   55  914  150  736  326   97    0  850  477  461  701  122  790   19  819  935  747  371  349  588  849  428   66  760  114  967  222  701  801   67  913  993  485  432  586  709  391  100  670  419  
590  665  384  902  471  114  403  728  286  640  989  261  364  401  761  228  750  380  850  719  541  312  143  517  436  946  850    0  375  475  569   61  242  808   84  722  905  584  927  924  235  877  227  165  471  387   74  320  665  840  699  540  373  902   30  266  418  706  830  687  
131  863  278  687  696  569  709  876  409   99  223  972  469  139  765  224  765  144  255  442  841  223  388   17  563  120  477  375    0  304  631  566  873  322   69   76  536  379  410  151  238  181   27  593  990  353   97  829  243  761  896  953  780  118  220  895  901  301   76  774  
 81  516  156  303  311  615  272  325  966  298  692  934  377  169  989  950  327  880  413  894  793  122  443  644   12  766  461  475  304    0  952  291   20  675  333  465  205  479  894  202   39  438  103  168  965  960   90  878  254  913   90  329  894  906  117  986  480  793  483  831  
461   43  199  982  533   20  320  943  196  620  913  329  830  644  143   48  618  991  210  710  223  575  312  988  782  524  701  569  631  952    0  424  413  806  386  997  353  818  675  303  196  232  147  605  662  348  177   36  531  562  804  214  429  946  923  619   58  844  100  795  
866  466  441  622  829  850  663   29  709  469  828  880  653  851  963  586  171  868  274  401  580  192  942  788  989   97  122   61  566  291  424    0  163  646  781  520    3   86  208  186  135  997   45  360   32  791  908  641  731  131  175   53  472  604  729  229  753   43  326  728  
383   55  884  345  744  645  113   99  240  934  676  554   28  310  884  342  840  784  150  203  303  458  261  571  862  494  790  242  873   20  413  163    0  335  609  383  472  541  830  508  264  302  271  385  497  306  605  967  294  640  558  487   19  193   44   10  979  706  836  865  
376  863  690  997  776  134  697  428  894  138  766  793  558  671  904  773  573  772  616  439  618  928  865  568  863  376   19  808  322  675  806  646  335    0  308  948  309   79  918  505  968  755  839  361  593  703  165  597  600  803  968  799  544  545  411  507  488  468  224  117  
888  167  306  576   37  316  775  472  536   13  399   11  422  341  221  771  969  148  596  659  619  580  604  180  654  895  819   84   69  333  386  781  609  308    0  336  249  760  254  231  140  217  731  584  799  216  732  652  928   55  471  211   75  454  216  541   48  613  789  923  
 58  605  174  929  792  369   73  453   79  242  155  853  301  847  497  179  282  954  478  297  336  474  226  353  105  486  935  722   76  465  997  520  383  948  336    0  660  150  108  210  430  534  917  868  545  445  997  143  979  840  729  939   77  719  449  258  106   44  949   71  
 20  494  921  642  281  305  184  101  353  190  148  452  880  960  804  321  379  453  970  848  727  809  321  548  877  656  747  905  536  205  353    3  472  309  249  660    0  389  836  463    7  845  521  711  629  364  549  526  871  943  541  854  755  661  914  277  445  745  811  649  
628  145  312  749  994   83  577  462  461   58  143  115  622  546  910  842  409  243  928   62  554   24  159  759  267  638  371  584  379  479  818   86  541   79  760  150  389    0   80  669  414  563  408  280  670  115  445  452  151  680  324  672  514  732  668  293  375  332  116  517  
446  130  158  352  863  211  847  461  872  885  817  521  939  904  395  866  254  887  428  852   88  163  623  474  949   84  349  927  410  894  675  208  830  918  254  108  836   80    0  567  661  611  724  824  589  666  837  552  332  316  572  695  456  609  107  864  167  136  147  950  
514  719  301  558  871  715  450  894  502  689  928  407  250  125  370   90  148   49  655  103   60  725  634  688  462   19  588  924  151  202  303  186  508  505  231  210  463  669  567    0    8  430  386  222  957  467  378  258    1  330  125  203  818   78   13  665  571  682  483  807  
640  132  987  699  582  862  394   55  714  695  935    4  406  744  304  886   79  130  293  354  274  787  339  583  168  338  849  235  238   39  196  135  264  968  140  430    7  414  661    8    0  881   18   52  138  779  878  684  505  135  767  427    0  111  846  338  819  340  437   38  
198  726  826  908  821   44  737  289  351  232  716  254  764  417  305  523  767  221  198  478  296  979  378  599   37  722  428  877  181  438  232  997  302  755  217  534  845  563  611  430  881    0  541  770   15  980  586  932  972  656  740  961  705  502  819  348  526  387  832  639  
 61  954  303  775  405  982  371  435  826   11  181  119  401  225  598  515  243  881  379  838  249  737  368  955   17  706   66  227   27  103  147   45  271  839  731  917  521  408  724  386   18  541    0  157  761  575  728  365  959  491  686  359  907  102  726   10  586   26  382  764  
918  223  742    4  376  810  133  126  770  619  339  625  118  177  823  811  760  236  302  973  781  169  524  225  442  281  760  165  593  168  605  360  385  361  584  868  711  280  824  222   52  770  157    0   66    1  621  975  207  613  879  816  354  668  428  561   62  331  121  875  
333  915  232  605  985  780   29  633  229  600  211  339  799  159  381  188  840  969  488  842  439    3  177  679  411  906  114  471  990  965  662   32  497  593  799  545  629  670  589  957  138   15  761   66    0  273    3    5  569   19  293  339   84  617  575  227  577  479  203  334  
340  113  656  603  918  705  995  922  463  417  352  579    4   51   99  862  420  369  227  936  898  751  572  204   72  108  967  387  353  960  348  791  306  703  216  445  364  115  666  467  779  980  575    1  273    0  512  601  194  234  857  400  215  758  130  770  222   27  514  139  
504  860  298  644  481  381  231  472  728  983  180  378  850   53  323  424  539  940  794  547  135  211  257   46  129  157  222   74   97   90  177  908  605  165  732  997  549  445  837  378  878  586  728  621    3  512    0  616  607  731  247  807  587  296  983  645  223  270  772    7  
275  327  829  757  148  470  144  251  948  435  295  435  863  611  559  606  255  135  470  747  834  501  126  219  516  997  701  320  829  878   36  641  967  597  652  143  526  452  552  258  684  932  365  975    5  601  616    0   75   33   99  121  318  901  122  572  107   71   34  663  
670   46  596  368  709   80  212    7  619  395  790  910  464  107  775  601  860  522  107  434  552  532  108  435   36  201  801  665  243  254  531  731  294  600  928  979  871  151  332    1  505  972  959  207  569  194  607   75    0  565  375  151  303  538  262   26  175  369   28  722  
241   24  368   32  870   15  733  557  219  998  459   50  394  561   10  700  594  962  657  685  959  937   66  166  572  752   67  840  761  913  562  131  640  803   55  840  943  680  316  330  135  656  491  613   19  234  731   33  565    0   92  294  161   20  628  349  993  643  603  146  
367  263  231  851  114  615  645  673  161  310  335  348  615  753  571  392    3  705  147  777  426  200  911  852  680  595  913  699  896   90  804  175  558  968  471  729  541  324  572  125  767  740  686  879  293  857  247   99  375   92    0  389  640  725  357  757  511  242  728  580  
953  258  845   59  130   97  789  100  465  952  633  406  850  716  224  647  357  651  634  511  717  116  638  933  717  705  993  540  953  329  214   53  487  799  211  939  854  672  695  203  427  961  359  816  339  400  807  121  151  294  389    0  833  131   27   61  167  143  932  348  
382   40  852  408  275  351  615  601  926  630   50  397  880   72  228  627  464  636  265  836   16  594  931  727  512  610  485  373  780  894  429  472   19  544   75   77  755  514  456  818    0  705  907  354   84  215  587  318  303  161  640  833    0   79   35  626   34  236  825  865  
638  587  435  650  329    8  971  404    8  520  233  232  390  771  334  238  681  522  373   43  305  527  570  462  541  989  432  902  118  906  946  604  193  545  454  719  661  732  609   78  111  502  102  668  617  758  296  901  538   20  725  131   79    0  164  797  888   97  534  579  
764  725  551  784  352  358  944  336  375  825  250  241  110  391  155  409   34  117  723  786  703  317  652  294  637  820  586   30  220  117  923  729   44  411  216  449  914  668  107   13  846  819  726  428  575  130  983  122  262  628  357   27   35  164    0  378  993  906  210  855  
 48  541  115  414  507  896  398  231  691  795  831  222  651  293  208  512  303  295  971   83  438  864  102  142  673  360  709  266  895  986  619  229   10  507  541  258  277  293  864  665  338  348   10  561  227  770  645  572   26  349  757   61  626  797  378    0  593  243  767  967  
194   37  325   46  105  390  906  941  791  178  489  513  940  718  294  682  522  733  750  758  575   91  227  311  603  276  391  418  901  480   58  753  979  488   48  106  445  375  167  571  819  526  586   62  577  222  223  107  175  993  511  167   34  888  993  593    0  757  799  739  
858  529  725  351  352  262  620  945  860  573   17  646  574  628  294  750  601  985   67  885  214  402  735  347  564  757  100  706  301  793  844   43  706  468  613   44  745  332  136  682  340  387   26  331  479   27  270   71  369  643  242  143  236   97  906  243  757    0   61  359  
157   22  986  322  636  230  497  502  941  961  351  388  983  997  900  979  160  767  164  781  101  513  482  275  453  567  670  830   76  483  100  326  836  224  789  949  811  116  147  483  437  832  382  121  203  514  772   34   28  603  728  932  825  534  210  767  799   61    0  952  
825  988  781  400   98  233  353  465  996  710  393  882  159    5  249  497   57  776  802  387  233  398  189  921  235  365  419  687  774  831  795  728  865  117  923   71  649  517  950  807   38  639  764  875  334  139    7  663  722  146  580  348  865  579  855  967  739  359  952    0  

  0  564  779  217  304  699  314  751  250  195   40  184  389  654  743  658  735  159  803  693  857  367  689  368  771  863  103  187   72  882  211  809  511  904  942  566  800  990  633  717  257  341  588  364  905  792  807  214  739  609  492  663  462  908  710  960   15  770  493  566  
564    0  905  155   32  323  519  791  370  151  926  953  646  116  129  995  592  766  714  514  418  267  123  735  539  759  701  626  708  889  953  322  485  430  377  867  210  227  212  279  299   30   61  664  400  830  874  199  263  165  635  659  635  205  929  191  313  543  646  959  
779  905    0  996  958  363  441  168  387  839  320  552  578  693  873  166  926  592  702  226  404  835  311  242  770   45  570  623   17  420  897   73  238  113  933  584  317  888  590  440  941   58  446  230   84  549  721  733  118  108  678  956  597  459  142  410  356  427  113  780  
217  155  996    0  205   47  715  209   79  418  680  346  104   92  692  572  487  154  328  692  830  256  656   76  283  882  782  731  806  701  119  377  197  522  780   87  605  669  535  260  546  305  378  496  221  145  763  845  935  875   11  996  835  336  561  545  469  137  548  407  
304   32  958  205    0  681  157  268  921  984  911  797  884  897  368  999   16  189  536  689  559  241  394  811  454  611   79  674  894  188  232  768  478  603  216  676  310  369  670  660  733  438   74  335  465  710  667  420  847  566  432  340  806  567  396  817    5  685   75  857  
699  323  363   47  681    0  853  376  968  447  318  819  574  575  854  547   90  524  969  940  980  840  918  124  877  534   74  643   30  848  424  709   20  191  463  990  137  439  671  259  727  881   53  689  984  823  113   60  879  559  181   58  206  395  912  777  868  373  171  582  
314  519  441  715  157  853    0  716  534  451  296  877  829  821  902  843  813  929   49  362  716  626  484  184  177  150  733  818   14  943  668  622  354  434   83  870  703  174  116  542  318  306  417  878  361  234  384   28   35  218  345  668  522  195  745  470   12  554  206  980  
751  791  168  209  268  376  716    0  206  814  275  862  372  925  367  517  978   65  141  545  953  192  565  435  470   36  165  186  572  656  610  576   83  975  911  119  920  643  267  950  867  957  307  740  125   78   38  464  535  868   29  682  776  730  607  174  623  333  682  481  
250  370  387   79  921  968  534  206    0  418  678   15  904  197  228  195  555  318  208  613  650  416  488  227  905  980   77  699  714  150  542  150  245  471  980  333   44  159  349  820  137  611  100  894  389   74   85   67  533  169  973  847  901  255  609  717  693  840  852  770  
195  151  839  418  984  447  451  814  418    0  379  747  344  170  207  843   39  182  224  931  265  848  913  107  563  157   56    4  787  837  512  164  895  610   70  262  253   25  919  936  959  956   58  390  944  321  184  264  329  387   43  750  528  261  132  483  995  687  243  283  
 40  926  320  680  911  318  296  275  678  379    0  318  737  647  292   99   94  337  928  162  450  342  748  148  470  900  394  219  820   83  772  746  828   24  966  495  891  526  725  240  977  129  748  527  471   61  499  929  123  931   74  716  412  709  223  867  910  920  555  653  
184  953  552  346  797  819  877  862   15  747  318    0  107  252  614  535  680  683   67  681  497  516  952  569  421  361   24  490  488   24   78  238  406   60  629  293  673  564  144   71  478  664  241  960  246  295  695  534  430  557  356  859  607  547   93  666  631  611   82  837  
389  646  578  104  884  574  829  372  904  344  737  107    0  193  729  409  882  616  785  197  173  403  521  509  560  768  231  925  268  444  491  819  391  267  131  871  979   44  705  209  448   51  885  129  256  456  684  593  289  919   37  224  544  940  821   85  785  309  239  477  
654  116  693   92  897  575  821  925  197  170  647  252  193    0  545  149  138   89  962  788  549  993  322   75  601   94  796  914   13  369  985  947  140   28  808   17  414  189  306  857  406  222  121  240  246   18  859  717  905  612  390  778  292  425   46  919  688  491  645  362  
743  129  873  692  368  854  902  367  228  207  292  614  729  545    0  754  627  109  573  407  983  733  501  930  575  544  398  374  633   13  794  816  678  854  683  561   51  278  494  354  407  344  581  578  901  711  800  186  669  431  418  668  528  743  113  462  115  384  190  227  
658  995  166  572  999  547  843  517  195  843   99  535  409  149  754    0  103  596  182  464  319   85  439  289  938  526  467  731  934  778  695  434  510  189  293  512  429  340  354   58  618  244  780  235  956  349  904  160  934  609  239  640  765  508  519  914   22  377  319  228  
735  592  926  487   16   90  813  978  555   39   94  680  882  138  627  103    0    1  446  670  714  990  931  601  749  188  996  836  269  981  944  226  295  905  583  850  129  742  322  855  791  771  969  474  662  264  699  118  116  720  651  947  794  191  414  838  479  314  336  467  
159  766  592  154  189  524  929   65  318  182  337  683  616   89  109  596    1    0  533  342  275  252  138  327   33  286  631  537  650  971  394  542  965  821  316  742  383  898  538  305  413  791  301   30  111  160  460  770  906  309  390  826  751  500  635  581  707  256  108  913  
803  714  702  328  536  969   49  141  208  224  928   67  785  962  573  182  446  533    0  998    0  167  726  696  205  516   33  357   51  761  897  902  935  532  410  472  564   66  485  202   46  395  256  900  296  881  919   61  691  447  141  575  138  387  827   37  213   98  999  415  
693  514  226  692  689  940  362  545  613  931  162  681  197  788  407  464  670  342  998    0  857  435    3  823  307  306  986  702  860  616  619  830  136  274  483  372  924  462  606  389  475  664  558  672  527  375  898   17  495  474  190  532  282  381  663  344  175  845  429  603  
857  418  404  830  559  980  716  953  650  265  450  497  173  549  983  319  714  275    0  857    0  332  780  338  590  574  700  835  270  445  128  465  952   26  924  408  923   89  441  598    5  563  933   60  526  258  119  738  918  302  528  854  939  286  876   85   46  875  518  561  
367  267  835  256  241  840  626  192  416  848  342  516  403  993  733   85  990  252  167  435  332    0  346  494  759  252  799   55  664  394  933  923  396  835   59  372  999  248  746  252  885  159  658  132  758  450  885   81  255  257  959  442  874  112  195  179  708  248  598  571  
689  123  311  656  394  918  484  565  488  913  748  952  521  322  501  439  931  138  726    3  780  346    0  456  491  163   88  475  133  541  547  697  135  615  599  524  808  730   92  849  782  546  283    7  696  503  409  496  128  193  161  642  736  112  705  359  480  694  205  393  
368  735  242   76  811  124  184  435  227  107  148  569  509   75  930  289  601  327  696  823  338  494  456    0  635   49  903   90  536  601  871  744  279  723  331  578  378  240  262  952   51  181  635  647  415  128  436  673  400  603  493  400  609  438  993  952  811  825  218  778  
771  539  770  283  454  877  177  470  905  563  470  421  560  601  575  938  749   33  205  307  590  759  491  635    0  596  668  319  536  363  341  263  738  532  488  195   41    9  580  849  840  977  940  655  752  480  273  373  931  411  955  494  296  222  260  133  214  990  723  526  
863  759   45  882  611  534  150   36  980  157  900  361  768   94  544  526  188  286  516  306  574  252  163   49  596    0  620  456  559  816   98  570  691  286  605  653  581  534  707  746  631  899  436  937  796  861  446   12  529   88  579  955  457  987  275  723   32  825  273  108  
103  701  570  782   79   74  733  165   77   56  394   24  231  796  398  467  996  631   33  986  700  799   88  903  668  620    0  296  697  900  612  781  984   37   91  886  632  109  981  455  317  761  171  762  235  622  862  366  760  895  865    2  511  352  521  809  700  256  712  224  
187  626  623  731  674  643  818  186  699    4  219  490  925  914  374  731  836  537  357  702  835   55  475   90  319  456  296    0  782  278  166  844  825  466  672  848   79  650   84  211  980  485  145  117  461   53   23  162  873  559   57  421  286  726  488  830  112  411   59  942  
 72  708   17  806  894   30   14  572  714  787  820  488  268   13  633  934  269  650   51  860  270  664  133  536  536  559  697  782    0  467  739   34  874  729  816  933  774  543  493  990  243  343  401  261  821  780  320  490  909  735  774  879  801  797  113  228  151  307  176  704  
882  889  420  701  188  848  943  656  150  837   83   24  444  369   13  778  981  971  761  616  445  394  541  601  363  816  900  278  467    0   27  590  931  352  949  384  421  522  367  549  951   68  879   62  245  970  273  250  204  631  802  538  444  506  111  979   89   80   63  909  
211  953  897  119  232  424  668  610  542  512  772   78  491  985  794  695  944  394  897  619  128  933  547  871  341   98  612  166  739   27    0  746  229  807  793   95   19  991  385  468  579    4  944  871  729  597  388  852  879  686  774  463   30  761  307  226  986  795  419  478  
809  322   73  377  768  709  622  576  150  164  746  238  819  947  816  434  226  542  902  830  465  923  697  744  263  570  781  844   34  590  746    0  161  158  276  964  859  269  700  693  328  188  707  800  973  628  193  611  424  176  128  831  617  437  139  574   84  720  896  126  
511  485  238  197  478   20  354   83  245  895  828  406  391  140  678  510  295  965  935  136  952  396  135  279  738  691  984  825  874  931  229  161    0  894  423   10  616  654  642  880  423  606  328  621  819  655  543  149   88  337  311   68   84  163   48  560  493  725  218  177  
904  430  113  522  603  191  434  975  471  610   24   60  267   28  854  189  905  821  532  274   26  835  615  723  532  286   37  466  729  352  807  158  894    0  237   68  590  811  783  414  682   49  264  135  771  269  174  828  948  370  739  801  429  594  743  967  733  112  143  881  
942  377  933  780  216  463   83  911  980   70  966  629  131  808  683  293  583  316  410  483  924   59  599  331  488  605   91  672  816  949  793  276  423  237    0  939  820  184  382  946  186  589  878  824  852   26   94  464  150  506  332  348  542  468  238   67  209  365  417  611  
566  867  584   87  676  990  870  119  333  262  495  293  871   17  561  512  850  742  472  372  408  372  524  578  195  653  886  848  933  384   95  964   10   68  939    0   34  986  807  461  405  703  930  976  258  459  456  651  693   62  220  280  503  595  320  238   41  578   85   55  
800  210  317  605  310  137  703  920   44  253  891  673  979  414   51  429  129  383  564  924  923  999  808  378   41  581  632   79  774  421   19  859  616  590  820   34    0  664  222  877  885  763  321   15  871  930  801  199  280  642   27  847   51  856  855  243  874  370  582  652  
990  227  888  669  369  439  174  643  159   25  526  564   44  189  278  340  742  898   66  462   89  248  730  240    9  534  109  650  543  522  991  269  654  811  184  986  664    0  557  850  169  289  348  656  385  588  966  297  761  449  376  878  431  185  768  323  615  175  759  134  
633  212  590  535  670  671  116  267  349  919  725  144  705  306  494  354  322  538  485  606  441  746   92  262  580  707  981   84  493  367  385  700  642  783  382  807  222  557    0   66  275  727  513  584  429  236   58  503  328  910  214  380  363  212  640   80  298  817  763  384  
717  279  440  260  660  259  542  950  820  936  240   71  209  857  354   58  855  305  202  389  598  252  849  952  849  746  455  211  990  549  468  693  880  414  946  461  877  850   66    0  577  440  119   59  561   47  123  176  402  460  156  510  566  818   90   91  450   77  966  645  
257  299  941  546  733  727  318  867  137  959  977  478  448  406  407  618  791  413   46  475    5  885  782   51  840  631  317  980  243  951  579  328  423  682  186  405  885  169  275  577    0  639  334  426  778  715   97  932  402  799  909  340  446  255  133   99  719   39  303  502  
341   30   58  305  438  881  306  957  611  956  129  664   51  222  344  244  771  791  395  664  563  159  546  181  977  899  761  485  343   68    4  188  606   49  589  703  763  289  727  440  639    0  748   61  714  476  717  649  334  959  857  249  750  641   45  567  878  643  193  827  
588   61  446  378   74   53  417  307  100   58  748  241  885  121  581  780  969  301  256  558  933  658  283  635  940  436  171  145  401  879  944  707  328  264  878  930  321  348  513  119  334  748    0  970  855  763  463  840  527   59  150   25  875  792  206  150  874  531  134  935  
364  664  230  496  335  689  878  740  894  390  527  960  129  240  578  235  474   30  900  672   60  132    7  647  655  937  762  117  261   62  871  800  621  135  824  976   15  656  584   59  426   61  970    0   13  633  203  140  783    6  666  735  412  365  420  991  732  628  785  126  
905  400   84  221  465  984  361  125  389  944  471  246  256  246  901  956  662  111  296  527  526  758  696  415  752  796  235  461  821  245  729  973  819  771  852  258  871  385  429  561  778  714  855   13    0  447  371  227  700  484  920  570  736  983  725  307  953  709  271   74  
792  830  549  145  710  823  234   78   74  321   61  295  456   18  711  349  264  160  881  375  258  450  503  128  480  861  622   53  780  970  597  628  655  269   26  459  930  588  236   47  715  476  763  633  447    0  419  266  714  223  133  354  145  119  667  695  545  940  182  703  
807  874  721  763  667  113  384   38   85  184  499  695  684  859  800  904  699  460  919  898  119  885  409  436  273  446  862   23  320  273  388  193  543  174   94  456  801  966   58  123   97  717  463  203  371  419    0   34  161  756  900  148  217  198  656  972  164  717  626  554  
214  199  733  845  420   60   28  464   67  264  929  534  593  717  186  160  118  770   61   17  738   81  496  673  373   12  366  162  490  250  852  611  149  828  464  651  199  297  503  176  932  649  840  140  227  266   34    0   85  222  832  885  785  742    8  205   88  216  611  322  
739  263  118  935  847  879   35  535  533  329  123  430  289  905  669  934  116  906  691  495  918  255  128  400  931  529  760  873  909  204  879  424   88  948  150  693  280  761  328  402  402  334  527  783  700  714  161   85    0  964  486   24  944  566  705  968  743  833  815  496  
609  165  108  875  566  559  218  868  169  387  931  557  919  612  431  609  720  309  447  474  302  257  193  603  411   88  895  559  735  631  686  176  337  370  506   62  642  449  910  460  799  959   59    6  484  223  756  222  964    0  113  368  107  690  708  561  585   33  433  390  
492  635  678   11  432  181  345   29  973   43   74  356   37  390  418  239  651  390  141  190  528  959  161  493  955  579  865   57  774  802  774  128  311  739  332  220   27  376  214  156  909  857  150  666  920  133  900  832  486  113    0  127  926  915  319  632   39  982  289   13  
663  659  956  996  340   58  668  682  847  750  716  859  224  778  668  640  947  826  575  532  854  442  642  400  494  955    2  421  879  538  463  831   68  801  348  280  847  878  380  510  340  249   25  735  570  354  148  885   24  368  127    0   32  198  365  518  247  534  737  791  
462  635  597  835  806  206  522  776  901  528  412  607  544  292  528  765  794  751  138  282  939  874  736  609  296  457  511  286  801  444   30  617   84  429  542  503   51  431  363  566  446  750  875  412  736  145  217  785  944  107  926   32    0  591  595  965  673  370  886  852  
908  205  459  336  567  395  195  730  255  261  709  547  940  425  743  508  191  500  387  381  286  112  112  438  222  987  352  726  797  506  761  437  163  594  468  595  856  185  212  818  255  641  792  365  983  119  198  742  566  690  915  198  591    0  271   31  505  963  749  382  
710  929  142  561  396  912  745  607  609  132  223   93  821   46  113  519  414  635  827  663  876  195  705  993  260  275  521  488  113  111  307  139   48  743  238  320  855  768  640   90  133   45  206  420  725  667  656    8  705  708  319  365  595  271    0  633  213  575  141  473  
960  191  410  545  817  777  470  174  717  483  867  666   85  919  462  914  838  581   37  344   85  179  359  952  133  723  809  830  228  979  226  574  560  967   67  238  243  323   80   91   99  567  150  991  307  695  972  205  968  561  632  518  965   31  633    0  704   22  645  327  
 15  313  356  469    5  868   12  623  693  995  910  631  785  688  115   22  479  707  213  175   46  708  480  811  214   32  700  112  151   89  986   84  493  733  209   41  874  615  298  450  719  878  874  732  953  545  164   88  743  585   39  247  673  505  213  704    0  149   27  229  
770  543  427  137  685  373  554  333  840  687  920  611  309  491  384  377  314  256   98  845  875  248  694  825  990  825  256  411  307   80  795  720  725  112  365  578  370  175  817   77   39  643  531  628  709  940  717  216  833   33  982  534  370  963  575   22  149    0  284  633  
493  646  113  548   75  171  206  682  852  243  555   82  239  645  190  319  336  108  999  429  518  598  205  218  723  273  712   59  176   63  419  896  218  143  417   85  582  759  763  966  303  193  134  785  271  182  626  611  815  433  289  737  886  749  141  645   27  284    0  227  
566  959  780  407  857  582  980  481  770  283  653  837  477  362  227  228  467  913  415  603  561  571  393  778  526  108  224  942  704  909  478  126  177  881  611   55  652  134  384  645  502  827  935  126   74  703  554  322  496  390   13  791  852  382  473  327  229  633  227    0  
