95

  0  294  429  154  825  593  123  476  456  843   57  904  367    2  593  861  782  384  969  829  419  294  113  489   21  506  601  266  975  244  189  679  259  153  732  754  384  446   30  375  336  941  163  969  892  713  880  497  423  218    7    2   88  582   56  932  745  421  583   68  926  543  318  264  497  325  448  506  290  854  590  169  474  268  183  331  945  930  429  649  636  300  561  898  668  696  559   26  841  789  909  835  664  697  148  
294    0  438  285  222  124  669  869  673  710  975  506   31  337   67  752  937  449  855   32  117  397  227  347  469  675  422  812  566  133  459  856  128  817  229  475   77  981  436  678  184  899  750   94  459  184   83  915  528  345  644  214  829  999  838  130   89  387  928  209  533  567  684  472   47  890  652  411  143  370  339  383  759  310  414  920  515  518  704  293  935  485  732  267  730  197   53  670  268  164  849  356  209  707  710  
429  438    0  528  854  989  665  745  628  842  278  727  248  130  934  565  102  517  608   26  673  674  314  926  324    6  208  345  847  300  624  387   85  479  797  486   48  223  169  323  609  920  468  549  304  510  369  797  517  658  193  751  669  762  142  883  763  425   99  111  506  597  420  485  916  534  739  336  289  451  130  197  973  952   14  264  350  307   20  705  326   47  786  559  493  529  347  119  321  960  268  436  371  306  333  
154  285  528    0  168  382  653  495  619  491  117  701    2  456   49  528  373  168  710  887  762  526  978  125  547  251  679  921   99  618   35  644  727  471  467  301  906  174  257  567  257  672  887  119  281  340  627  167  981    5   12  820  595  568  102  279  401  485  744   48  786  362   17  525  695  896  731    5   65  192  638   15  133  996   18  881  712  437  769  280  445  866   33  458  158  795  498  447  353  565  102  985  924  764  422  
825  222  854  168    0  225  300  213  551  947  464  661  159  733  433  459  637  122  334  919  732  879   19  482  185  652   36   31  337  435  334  602  554  710  983  573  785  595   37  324  687  713  157  564  779  450  643  359  939  677  341  661  253  531  406  365  579  723  165  339  676  235  200  919  192  916  747  954  766  875  335  641  637  450  846  479  347  311  642  152  615  131  360  420  679  129  283   25  639  341  776  478   18  505  490  
593  124  989  382  225    0  254   93   70   21  863  766  268  960  685  414  497   80  659  718  153  585  967  119  259  161  549  492  387  852  720  870  206  127   55   62  272  159  305  962  179  881  850  891  922  662  955  724  848  520  448  798  352  983  774  503  317  498  581  734  209  213  146  769  450  512  882  974  289  152  413  391  556  620  759  707  151  391  200  383  612  882  674  230  944  548  859  262  827  716  469  633  240   92  844  
123  669  665  653  300  254    0  563  302    9  243  903  800  290  722  722  880  696  137  631  795  663  489  126    7  930  962  126  272  554   23  852  566  552  385  708  480  435   97   40  650  316  184  952  241  868  321  602  542  475  937  624  980  126  909   69  367   11  512  915  809  454  174    1  588  601  870  699  318  566  455  139   53  678  381  792  212  729  282  919  778  725  106  368  207  114  111  877   35   61  135  146  977  280  753  
476  869  745  495  213   93  563    0  527   22  778  608  878  236  651  935  522  845  731   83  936  117  925  814  227  707  663  234  756  534  433  793  929  187  760  676  504  948  981  608   18  146  646    5    1  567  708  661  703   53  775  310  963  387  677  496  445   70  674  467  461  232   27  798  778  554  661  992  171  121  387  676  156  317  481  880  163  394  112   97  130  921   91  822  384  788   80  630  111   80  318  958  236  652   39  
456  673  628  619  551   70  302  527    0  949  749  577  280  886  712  453  759  112  140   71  773  524  399   14  343  845  778  755  564   34  160  223  804  380   33  873  416  499  481  830  536  224  158  488  217  210  731  327  650  274  976  431  471  972  812  482  215  169   76  439  451  938  482  678  562  543  980  380  809  542  453  304  935  765  595  416   46   96  335  380  833  728  819  332  303  351  444  443  963  144  872  556   25  582  842  
843  710  842  491  947   21    9   22  949    0  557  263  489  649  813  269  745  452  583  911  973  509  611  268  277  645   25  390   81  193  309  298  163  540  327  276  227  687  664  143  746  991  983  628   64    1  121  973  463  915  140  533  375  824  295  977  100  150  263  222  626  537  150  168  782  753  730   62  422  815  615  962   89  135  659  925  863  880  921  447  989  895  448  702  639  906  154  245  548  116   13  154  336  817   47  
 57  975  278  117  464  863  243  778  749  557    0  735  306  791  508  566  239  562  797  174  840   31  948  566  642   86  132  810  411  329  524  136   49  458  630   71   36  799  212  707   86    8  968  337  931  609  824  863   67  282  836  851  966   47  237  561  898  596  169  336  175  749  748   84  968   53  189  765  332   28  139  192  801  273  810  686  601  803  402  685  111  508  553  764  914  371  841  653  823  425  624  808  229  166  791  
904  506  727  701  661  766  903  608  577  263  735    0  273  110  660  777  221  673  327  498  811  617  702  419  294  631  262  769  147   98  702  680  995  342   64  124  130  261  226  147  298  238  302  394  791  522  841  384  417  316   91  724  120  869    6  243  960  366  869  755  145  726  867  586  834  302  287  781  749  964  881  653  378  185  645  792   65  289  932  269  558  291   17  231  352  795  553  169  783  237  247  107  227  497  336  
367   31  248    2  159  268  800  878  280  489  306  273    0  605  246  555  498  215  507   75   80  197  183  303  338  855  274  980  402  469  248  868  160  989  596  582   28  586  305  483  502  606  836  196  690  199  190  892  246  727  419   14  593  455  677  444  205  502  359  989  694  126  401   10  521  594  267  295  976  143  925  363  322  753  805  613  137  575  777  896  621  795  790  617  834  474  709  290  363  631   55  846  518  299  559  
  2  337  130  456  733  960  290  236  886  649  791  110  605    0  289   31  980  666  484  376  884   38  896  358  527  172  812  862   18   87  332  966  587  173  505  424  736  348  199   78  727  822  581  665  463   96  981  664  654  235  655   51  942  389  893  140  910  651  680  909  822  386  959  982  277  128  693   69  902  168  848  216  417  665  823  759   64  315  261  604  540  764  876  918  582  691  169  138  109  573  792   98  991  430  787  
593   67  934   49  433  685  722  651  712  813  508  660  246  289    0  877  882  171  942  934  286  444  847  313  407  168  753  893  150  860  576  770  873  935  652  275  201  637  150  514  798  358  132  253   19   81  822   27  743   66  443  574  441   23  705  514  125   45  488  880  635   12  950  496  917  390   50  939  382  246  741  202  828   70   30  948  173  961  739  808  153  106  489  814  508  968   72  484  809  831  144  743  537  262   33  
861  752  565  528  459  414  722  935  453  269  566  777  555   31  877    0  347   40  169  664  969  105  950  496  837  547  775  321   59  745  801  351  151  842  305  792  160  107  352  406  379  790  540  381  774  503  786  366  949  127  989  208  856  426  648  328  391  654  212  635   50  211  604  336  489  392  837   50  306  352  108  186  616  667  569   68  976  817  717   66  882  515  933  107  489  443  591  790   41  309  148    3  691  752  644  
782  937  102  373  637  497  880  522  759  745  239  221  498  980  882  347    0  427   76  136    3  201  586  573  612    3  591  590  814  329  477  889  899  230  135  994  667  842  365  931  663   49  466  951  258  852  558  242   15   82  133  510  387  732  117  453  769  526  976  383  284  344  137  773    1  895  860  341  432  218  527  848  702  762  326  233  106  612  927   56  590   89  321  726  209  536  640   52  492  514  411  567  604  120  539  
384  449  517  168  122   80  696  845  112  452  562  673  215  666  171   40  427    0  788  533  433  818  322  599  181  192  719  735  366  835  175  516   82  235  830  124  564  864  897  985  974  185   90  449  313  994  973  871  462  306  854  341  276  977  959  916  282  516  544  290  855  769  158  810  269  898  143  114  409  245  270  695  230  913  435  139  805  678  172  581   27  751  739  129  623  666  114   68  302  347  283  383  124  455  102  
969  855  608  710  334  659  137  731  140  583  797  327  507  484  942  169   76  788    0   91  689  873  360  394  180  809  422  343  388  603  305  726  667  365  899  213  239  560   28  661  118  905  201  830  861  139  680  789  154  262   20  714  791  175  731  550  995  603  639  771  231  765  649  595  518   25  948  254  429   78  959  513  461   87  752  596  556  985   59   59  182  783  787  860  767  819  731   89  470  867  789  218  394  549  579  
829   32   26  887  919  718  631   83   71  911  174  498   75  376  934  664  136  533   91    0  977  814  685  328  610  663    3   56  793  945  350   11  703  289  731  717  495  905  199  850  738  758  293   15  356   35  543   55   87   43  164  118  203  314  881  332  576  662  840  573  940  563  625   74   39  337  250  500  409  199  509  347  922  435  939  333  671  378  562  763  857  880  332  904  984   61  971  213  529  717  557  763  955  939  734  
419  117  673  762  732  153  795  936  773  973  840  811   80  884  286  969    3  433  689  977    0  328  156  249  761  788  918  303  918  372  325  844  421  864  698  945  742  841  421  107  453  952  396   46  790  506  765   84  401  260  534  410   29  683  981  672   77  210  746  395  834  215  882  733  417  698  383  209  672  583  802  203  109  505  418  678  252  634  376  994  982  830  986  673   66  129  309  436  171  265  116  568  847   28  912  
294  397  674  526  879  585  663  117  524  509   31  617  197   38  444  105  201  818  873  814  328    0  660  641  739  891    9  389  819  949  899  373  840  139  302  866  624  776  349  163  392  430  915  840  350  423  950  738  503  521  363  976  106  336   91   79  818  638  454  412  217  131   12  177  815  738  373  220   35  246  611   76  460  458  910    3  486  793  993  900  677  502  398  295  253  805  410  991  370  577  767  435  443  456  591  
113  227  314  978   19  967  489  925  399  611  948  702  183  896  847  950  586  322  360  685  156  660    0  434  759  497  686  748   49  626  563  235  399  801  576  910  761  317  114  785  400  409  537  950  734   51  437   59  531  666  622  651  634  384  679  127   32  805  147  242  713  788  633  273  264  982  357  715  919  921  285  981  698  592  978  654  243  918  337  269  996  185  718  169  592  499  700  153  845  176  883  558  524   59  706  
489  347  926  125  482  119  126  814   14  268  566  419  303  358  313  496  573  599  394  328  249  641  434    0  713  623   64  746  647  408  107  284  471  469  729  367  194  679   13  293   94  819   89   66  110  245  730  597  768  969  979  806  345  819  885  629  357  904  462  947  585  816  522  120  876  233   66   22  783  899  478  591  689  239  511  333   83  221   68  846  332  931  358  507  785  982  462  379  167  999  657  417  240  506  576  
 21  469  324  547  185  259    7  227  343  277  642  294  338  527  407  837  612  181  180  610  761  739  759  713    0  394  483  640  305   95  114  951  936  421   96  428  147  367  575  255  991  257  447   64  101   99  864  695  335   77  754  986  250  326  278  645  657  810   18  293  741   65  786   33  263   74  925  926  854  337  929   44  371   14  645  933  329  796  249  305  787  312  159  251  925  462  389  941  213    6  928    3  652   75  643  
506  675    6  251  652  161  930  707  845  645   86  631  855  172  168  547    3  192  809  663  788  891  497  623  394    0  678  120  855  763   67  681  922  434  162   33  627   74  804  797  898  103  565  645  921  401  775  734  558  723   90  557  161  311   80  887  885  522  590  128  862  711  986  411  382  332  556  965  240   13  377  133  766  482  611  371  826  223  966  150  458  674  318  341  988  433  856  568  530  983  269  102  400  739  330  
601  422  208  679   36  549  962  663  778   25  132  262  274  812  753  775  591  719  422    3  918    9  686   64  483  678    0  553  874  622  613  552  307   58  342  538  293  411   99  975  386  236  353   92  493   12  203  467  598   82  628  131  734  559  683   37  729  562   95  217  511  524  914   50  170  688  510  392  471   78  411  555  622   77  684  391  529  607  327  270  340   89  139  471  211  166  780  717  145  195  993  335  763  232  375  
266  812  345  921   31  492  126  234  755  390  810  769  980  862  893  321  590  735  343   56  303  389  748  746  640  120  553    0   29  609  946   52  261  766  312  538  624  877  110   58  636  928  335  843  652  502  731  865  832  656  828  412  244  973  780  738  185   49   39  589  139  389  966  786  799  550  817  905  387  379  582  243  542  981    0  371  611  109  949  836  565  659   21  679  343  653  849  490  869  235  201  849  105  326  585  
975  566  847   99  337  387  272  756  564   81  411  147  402   18  150   59  814  366  388  793  918  819   49  647  305  855  874   29    0  642  975  755  804  196  360  503  449  758  132  997  167  880  753   15  797  607  440  294  782  734  702  991  786  459  720  391  432  677  824  237   90  981  871   54  831  728  903  444  111  485  577  286  473  337  131  932  399  618  808  693  669  818   29  183  134  955  631  995  140  433  291   67  541  564  882  
244  133  300  618  435  852  554  534   34  193  329   98  469   87  860  745  329  835  603  945  372  949  626  408   95  763  622  609  642    0  770  786  814  733  452  110  894  483  522  582  691  389  218  525  829  226  892  880  245  235  166   67  565  193  686  866  438  767  372  512   83  302  664   56  884  796  208  187   52  838  362  553  584  237  768  423  270  193  686  854  254  489  905  523  668  865  230  987  606  929   34  383  245  965  282  
189  459  624   35  334  720   23  433  160  309  524  702  248  332  576  801  477  175  305  350  325  899  563  107  114   67  613  946  975  770    0  382   88  515  659    0  933  639  237  314  185  585  602  641  510   84  793   56  957  519  935  711  344  762  233  343  797  193  446  193  322  919  931  987   25  121  923  856  127  907  792  393  592  535  590  180  681  561  768  885  953  797  463  491  839  342  838  448  498  474  874  873  230  283  874  
679  856  387  644  602  870  852  793  223  298  136  680  868  966  770  351  889  516  726   11  844  373  235  284  951  681  552   52  755  786  382    0  541  115  686  789  853  895  686  481  794  835  998  118   16  159  272  855  117   82  518  799  572  206  480   67  788  926  670  740  802   46  278  215  492  221  237  139  446  446  994  199  252  187  964  294  597  924  848  302  846  943  844  700  541  669  764  544  715  807  433  707  246  324  772  
259  128   85  727  554  206  566  929  804  163   49  995  160  587  873  151  899   82  667  703  421  840  399  471  936  922  307  261  804  814   88  541    0  637  906  910  365  287  657  527  939  242  449  765   22  793  838  862  320  453  515   89  959  743  797  840  406  369  467    7  175  158  567  808  751  470  968  735  156  367  695  702  569  419  957  511  853  819  165  894  214  526  373  336  282  538   51  131  714  820  660  383  185  914  385  
153  817  479  471  710  127  552  187  380  540  458  342  989  173  935  842  230  235  365  289  864  139  801  469  421  434   58  766  196  733  515  115  637    0  677  271  328  958  616  288  911  774  550  525  186  914  105  983  603  767  749  632  135  388  887  300  688  585  704  316  728  655  610  844  453  293   11  391  561  116   89  257  390   95  113  402  221    1  427  620  352  148  495  939   57  729  575   43  981  545  331  108  470  998  622  
732  229  797  467  983   55  385  760   33  327  630   64  596  505  652  305  135  830  899  731  698  302  576  729   96  162  342  312  360  452  659  686  906  677    0  144  281  342  743  569  298  528  988  448  708  243  807  664  278  830  449  318   44  427  840  694  709  495  444  128  341  748  925   29  483  675  431  961  204  546  313  170  108  188  765  968  850  952  491  372  843  161  492  368  339  459  208  862  331  940  612  199  408  972  901  
754  475  486  301  573   62  708  676  873  276   71  124  582  424  275  792  994  124  213  717  945  866  910  367  428   33  538  538  503  110    0  789  910  271  144    0  130  724  696  737  984  164   23  519  561   20  534  878   39   85  554  254  232  931  477  757  447   19  150  664  733  508  498  962  372  625  800   72  687  835  184  803  183  883  788   87   15  709  110   90  517  171  797   26  473  982  457  206  889  540  251  318  709  150  139  
384   77   48  906  785  272  480  504  416  227   36  130   28  736  201  160  667  564  239  495  742  624  761  194  147  627  293  624  449  894  933  853  365  328  281  130    0  851  474  222  906  520  131   76  227  547  277  960  679  611  220  782  714  904    6  619  850  638  243  135  447  185  746  884  559  413  906  226  666  509  227  195  562  650  833  671  332  762  547  872  399  698  948  916   59  813  221   48  557  944   66  663  857   70  722  
446  981  223  174  595  159  435  948  499  687  799  261  586  348  637  107  842  864  560  905  841  776  317  679  367   74  411  877  758  483  639  895  287  958  342  724  851    0  660  578  258  272  699  599  202  843  448  906  904  132   57  954  818  577  193  674  416  235  190  417  658  237  927  359  823  132  125  583  721  992  107  381  987  159  339  477  395  849  485  532  801  608  827   70  384  470  368  912  283   29  305  927  143  772  327  
 30  436  169  257   37  305   97  981  481  664  212  226  305  199  150  352  365  897   28  199  421  349  114   13  575  804   99  110  132  522  237  686  657  616  743  696  474  660    0  536   60   52  292  784  233  363  154  387  438   15   14  215  973  169  281  546  883  937  902  651  171  596  563  569  492  735   46  142  473  290  453   23  618  846  256  878  114  511  130  298  776  782  783  306  224  186  723  827  309  340   19  851  941  864  446  
375  678  323  567  324  962   40  608  830  143  707  147  483   78  514  406  931  985  661  850  107  163  785  293  255  797  975   58  997  582  314  481  527  288  569  737  222  578  536    0  407  861  975  210  116  917  847   33  209  776  430  120  597  540  363  927  667  482  326  703  526  335   55  399    1  868  724  536  687  969  354  140  432  197  300  842  917  287  404  273  263  673  467  165  326  899   82  614  861  533  165  527  913  527  333  
336  184  609  257  687  179  650   18  536  746   86  298  502  727  798  379  663  974  118  738  453  392  400   94  991  898  386  636  167  691  185  794  939  911  298  984  906  258   60  407    0  882  814  101  492   51  764  187  934  858  757  538  659   37  219  825  864  465  210  892  321  992  333  647  726  827  480  555   53  258  460  274  271  707  516   67  222  192  624  950   53  202  475  742  686   54  506  566  221  154  370  297  591  350  766  
941  899  920  672  713  881  316  146  224  991    8  238  606  822  358  790   49  185  905  758  952  430  409  819  257  103  236  928  880  389  585  835  242  774  528  164  520  272   52  861  882    0  933  586  179  148  106  326  809  439  691  177  706  907  999   68   38  339  661   44   62  525  966  445  564  529    2  551  169  168  407  481   70  640  988  275  462  459  427  957   85   99  219  914  796  445  826  680  707  922  744  897  663  645  537  
163  750  468  887  157  850  184  646  158  983  968  302  836  581  132  540  466   90  201  293  396  915  537   89  447  565  353  335  753  218  602  998  449  550  988   23  131  699  292  975  814  933    0  978  261  156  692  828  504  491  300  632  361  810  856  271  763  391  740   16  590  617  808  269  950  881  789  819  164   12  197  404  968  907  920  868  508   32  792  383  898  809  236   76  611  221  175  441   32  702  117  590  254   66  996  
969   94  549  119  564  891  952    5  488  628  337  394  196  665  253  381  951  449  830   15   46  840  950   66   64  645   92  843   15  525  641  118  765  525  448  519   76  599  784  210  101  586  978    0  447  767  615   76  336  286  837  694  520  478  622  693  715   13  606  183  675  490  479  809  942  226  321   66   64  265  322  529   36  888  702  858  177  490  438  346  166  875  360  750  831  294   72  994  484  858  653  311  413  385  225  
892  459  304  281  779  922  241    1  217   64  931  791  690  463   19  774  258  313  861  356  790  350  734  110  101  921  493  652  797  829  510   16   22  186  708  561  227  202  233  116  492  179  261  447    0  640  960  185  835  426  286  693  389  810  109  780  677  866   12   55  430  598  114  340  785  989  883  629  895   19  200  294  654  252  280  369  280  987  566  628  647  429  590  623  612  116  478  587  875  553  218  606  346  760  395  
713  184  510  340  450  662  868  567  210    1  609  522  199   96   81  503  852  994  139   35  506  423   51  245   99  401   12  502  607  226   84  159  793  914  243   20  547  843  363  917   51  148  156  767  640    0  664  926  108  373  421  697  290  277   26  779  410  349  602  894  811  893  433  233  596  849  783  721  912  517  494  861  942  450   42  245   21  525  119  853  835  954  748  678  194  972  199  976  793  659  690  201  642  299  456  
880   83  369  627  643  955  321  708  731  121  824  841  190  981  822  786  558  973  680  543  765  950  437  730  864  775  203  731  440  892  793  272  838  105  807  534  277  448  154  847  764  106  692  615  960  664    0  415  809  470  546  571  932  836  426  859   17  625  766  858  809  654  638  108   14   56  591  991  175  744  930  928  319  755  634  806  114  738  847  747   28  941  711  723   30   87  212   63  273  715  391  485  948  418  574  
497  915  797  167  359  724  602  661  327  973  863  384  892  664   27  366  242  871  789   55   84  738   59  597  695  734  467  865  294  880   56  855  862  983  664  878  960  906  387   33  187  326  828   76  185  926  415    0  151  515   87  745  364  253  771   66  173  676  689  543  856  606  616  766  643  881  453  292  696  937  891  182  610  574  838   21  149  471  121  987  734  918   17  367   49  588  280  355  636  358  293  995  952  115  663  
423  528  517  981  939  848  542  703  650  463   67  417  246  654  743  949   15  462  154   87  401  503  531  768  335  558  598  832  782  245  957  117  320  603  278   39  679  904  438  209  934  809  504  336  835  108  809  151    0    9  735  488  172  398  498  642  447   60  672  495  204  351  949  208  554  153  957  760  313  476  277  211  434  599  338  172   82  320  622   21  707  239  569  380  891  396  126  686  583  673  258  202  784  202  528  
218  345  658    5  677  520  475   53  274  915  282  316  727  235   66  127   82  306  262   43  260  521  666  969   77  723   82  656  734  235  519   82  453  767  830   85  611  132   15  776  858  439  491  286  426  373  470  515    9    0  767  618  754  298  297  833   74  905  371  596  287   58  626  264  909  551  130   61  539  977  696  958  101  874   70  376  343  236  671  953  550  983  121  381   76  572  472  625  768  461   31  418  638  416  808  
  7  644  193   12  341  448  937  775  976  140  836   91  419  655  443  989  133  854   20  164  534  363  622  979  754   90  628  828  702  166  935  518  515  749  449  554  220   57   14  430  757  691  300  837  286  421  546   87  735  767    0    8  736    5  920  938  246  140  908  754  829  707  794  861  697  601  616  513  527  623  479  988  432  249  539  803  184  222  883   40  292  103  983  979   67   31  906  236  889  612  202   23  462  165   46  
  2  214  751  820  661  798  624  310  431  533  851  724   14   51  574  208  510  341  714  118  410  976  651  806  986  557  131  412  991   67  711  799   89  632  318  254  782  954  215  120  538  177  632  694  693  697  571  745  488  618    8    0  806  934  192  514  740  514    1  623  780  136  882  354  372   62  425  758   40  483  670  615  186  968  407  159  790  354   27  649  524   50  528    5  195  460  172  611  560    0  414  181  128  875  582  
 88  829  669  595  253  352  980  963  471  375  966  120  593  942  441  856  387  276  791  203   29  106  634  345  250  161  734  244  786  565  344  572  959  135   44  232  714  818  973  597  659  706  361  520  389  290  932  364  172  754  736  806    0  772  650  443  747  881  703  950  940   29  764   86  587  719  309  241  896  606  365  893  887  568  439  332  238  824  794  209  568  773  985  817  261  832  465  909  143  654  414  600  116  118  469  
582  999  762  568  531  983  126  387  972  824   47  869  455  389   23  426  732  977  175  314  683  336  384  819  326  311  559  973  459  193  762  206  743  388  427  931  904  577  169  540   37  907  810  478  810  277  836  253  398  298    5  934  772    0  698  979  250  736   41  393  798  586  553   70  528  797  760  683   65  519  996  301   86  761  500  891  148    9    0  198  264  867  567  496  406  386   93  953  624  620  338  150  703  670  723  
 56  838  142  102  406  774  909  677  812  295  237    6  677  893  705  648  117  959  731  881  981   91  679  885  278   80  683  780  720  686  233  480  797  887  840  477    6  193  281  363  219  999  856  622  109   26  426  771  498  297  920  192  650  698    0  119  515  453  283  720  714  136  118  446  192  348  543  161  500  500  510  827  836  349  346  426  399  229  450  677  277  715  820  878  908  772   29  267  854  753  595  701  557  712  951  
932  130  883  279  365  503   69  496  482  977  561  243  444  140  514  328  453  916  550  332  672   79  127  629  645  887   37  738  391  866  343   67  840  300  694  757  619  674  546  927  825   68  271  693  780  779  859   66  642  833  938  514  443  979  119    0  890  822  883  615  133  523  612  240  369  518  875  661  191  122  841  482  164  477  944  710  145   14  371  507  877  426  757  932  536  626  330  244  574  260  495  470  200  502  824  
745   89  763  401  579  317  367  445  215  100  898  960  205  910  125  391  769  282  995  576   77  818   32  357  657  885  729  185  432  438  797  788  406  688  709  447  850  416  883  667  864   38  763  715  677  410   17  173  447   74  246  740  747  250  515  890    0  147  683  796  443  629   61  775  894  254  444  886   49  818  128  475  890  539  732  356  525  670  462   40  623  136  727  268  645  298  944  167  120   26  825  476  522   10  799  
421  387  425  485  723  498   11   70  169  150  596  366  502  651   45  654  526  516  603  662  210  638  805  904  810  522  562   49  677  767  193  926  369  585  495   19  638  235  937  482  465  339  391   13  866  349  625  676   60  905  140  514  881  736  453  822  147    0  566  959  491  595  238   15  264  809  731  469  155  463   64  479  331   54  411  872  599  122  657   24  156  549  201  614  370  573  460  424  658  411  547  160  160  286  159  
583  928   99  744  165  581  512  674   76  263  169  869  359  680  488  212  976  544  639  840  746  454  147  462   18  590   95   39  824  372  446  670  467  704  444  150  243  190  902  326  210  661  740  606   12  602  766  689  672  371  908    1  703   41  283  883  683  566    0  335  661  355  347  815  437  443  859  569   19   31  637  321  716  811  350  275  920  716  745  602   77  272   42    1  199  209  757  435  140  898  707  978  626  279  644  
 68  209  111   48  339  734  915  467  439  222  336  755  989  909  880  635  383  290  771  573  395  412  242  947  293  128  217  589  237  512  193  740    7  316  128  664  135  417  651  703  892   44   16  183   55  894  858  543  495  596  754  623  950  393  720  615  796  959  335    0  907  768  205  237  882  973  382  496  907  823  382  966  476  629  958   55   60   86  273  549  963  992   70  970  654  723  768  246  627  540   46  273  356  830  134  
926  533  506  786  676  209  809  461  451  626  175  145  694  822  635   50  284  855  231  940  834  217  713  585  741  862  511  139   90   83  322  802  175  728  341  733  447  658  171  526  321   62  590  675  430  811  809  856  204  287  829  780  940  798  714  133  443  491  661  907    0  329  825  230  423  106  798  331  866  423  907  273  804  929  533  630  158  840  761  687  779  130  724  797  286  765  114   44  663  508  882  309   54  669  511  
543  567  597  362  235  213  454  232  938  537  749  726  126  386   12  211  344  769  765  563  215  131  788  816   65  711  524  389  981  302  919   46  158  655  748  508  185  237  596  335  992  525  617  490  598  893  654  606  351   58  707  136   29  586  136  523  629  595  355  768  329    0  544  368   32  658  893  797  879  516  966   11  946  360  651  295  737  974  511  393   87  191   59  654  381  884  354  855  481  935  309  227  454  287   91  
318  684  420   17  200  146  174   27  482  150  748  867  401  959  950  604  137  158  649  625  882   12  633  522  786  986  914  966  871  664  931  278  567  610  925  498  746  927  563   55  333  966  808  479  114  433  638  616  949  626  794  882  764  553  118  612   61  238  347  205  825  544    0  627  238  131  728  280  529  141  387  432  627  768  292  723  212  945  143  884  237  149  304  314  931  644  725   96  670  380  430  353   16  277  939  
264  472  485  525  919  769    1  798  678  168   84  586   10  982  496  336  773  810  595   74  733  177  273  120   33  411   50  786   54   56  987  215  808  844   29  962  884  359  569  399  647  445  269  809  340  233  108  766  208  264  861  354   86   70  446  240  775   15  815  237  230  368  627    0  538  843  414  280  834  825  659  620  576   37  282  438  379  510  755  855  373  615  367  495  887  884  583   79  609  220  898  603   24  415  475  
497   47  916  695  192  450  588  778  562  782  968  834  521  277  917  489    1  269  518   39  417  815  264  876  263  382  170  799  831  884   25  492  751  453  483  372  559  823  492    1  726  564  950  942  785  596   14  643  554  909  697  372  587  528  192  369  894  264  437  882  423   32  238  538    0   75  853  553  976  862  769  156  954  103  552  484  841  333  807  370  725  624  464   28  673  537  773  871  390  949   52  126  406  733  257  
325  890  534  896  916  512  601  554  543  753   53  302  594  128  390  392  895  898   25  337  698  738  982  233   74  332  688  550  728  796  121  221  470  293  675  625  413  132  735  868  827  529  881  226  989  849   56  881  153  551  601   62  719  797  348  518  254  809  443  973  106  658  131  843   75    0  780  535  758  537  993  248  652  352  484  574  366  266  619  777  647  850  801  377  969  829  752  731  621  227  320  578  760  636  854  
448  652  739  731  747  882  870  661  980  730  189  287  267  693   50  837  860  143  948  250  383  373  357   66  925  556  510  817  903  208  923  237  968   11  431  800  906  125   46  724  480    2  789  321  883  783  591  453  957  130  616  425  309  760  543  875  444  731  859  382  798  893  728  414  853  780    0  118  598  788  269  625  252  169  550  698  607  150  429  693  508  187  318  197  846  535  336  574  803  374  943  721  100  227  160  
506  411  336    5  954  974  699  992  380   62  765  781  295   69  939   50  341  114  254  500  209  220  715   22  926  965  392  905  444  187  856  139  735  391  961   72  226  583  142  536  555  551  819   66  629  721  991  292  760   61  513  758  241  683  161  661  886  469  569  496  331  797  280  280  553  535  118    0  859  850  805  713  265   67  178  807  424  846  563  332  146  809  111  359  271  166  723  779  510  272  760  416  813  183  955  
290  143  289   65  766  289  318  171  809  422  332  749  976  902  382  306  432  409  429  409  672   35  919  783  854  240  471  387  111   52  127  446  156  561  204  687  666  721  473  687   53  169  164   64  895  912  175  696  313  539  527   40  896   65  500  191   49  155   19  907  866  879  529  834  976  758  598  859    0  533  284  181  395  403  985  516  111  146  873   63  541  322  660  148   87  519  814  620  133  855   27  428  126  937  919  
854  370  451  192  875  152  566  121  542  815   28  964  143  168  246  352  218  245   78  199  583  246  921  899  337   13   78  379  485  838  907  446  367  116  546  835  509  992  290  969  258  168   12  265   19  517  744  937  476  977  623  483  606  519  500  122  818  463   31  823  423  516  141  825  862  537  788  850  533    0  432  341  268  591  611   82   78  682  745  653  251  854  426  840  526  573  817    0  121  275  140  376  224  910  804  
590  339  130  638  335  413  455  387  453  615  139  881  925  848  741  108  527  270  959  509  802  611  285  478  929  377  411  582  577  362  792  994  695   89  313  184  227  107  453  354  460  407  197  322  200  494  930  891  277  696  479  670  365  996  510  841  128   64  637  382  907  966  387  659  769  993  269  805  284  432    0  852  554  175  592  792  777  635  814  936  426  308  217  147  694  874  585  730  440  457  923  605  591  762  652  
169  383  197   15  641  391  139  676  304  962  192  653  363  216  202  186  848  695  513  347  203   76  981  591   44  133  555  243  286  553  393  199  702  257  170  803  195  381   23  140  274  481  404  529  294  861  928  182  211  958  988  615  893  301  827  482  475  479  321  966  273   11  432  620  156  248  625  713  181  341  852    0  692  965  500  532  736   31  155  670  219  665  550  984  612  307  305  307  872  273  320  531  919  264  309  
474  759  973  133  637  556   53  156  935   89  801  378  322  417  828  616  702  230  461  922  109  460  698  689  371  766  622  542  473  584  592  252  569  390  108  183  562  987  618  432  271   70  968   36  654  942  319  610  434  101  432  186  887   86  836  164  890  331  716  476  804  946  627  576  954  652  252  265  395  268  554  692    0  556  931   43  762  325  891  556   41  863  134  679  591  291  231   64  788  144  281  330  511  289  639  
268  310  952  996  450  620  678  317  765  135  273  185  753  665   70  667  762  913   87  435  505  458  592  239   14  482   77  981  337  237  535  187  419   95  188  883  650  159  846  197  707  640  907  888  252  450  755  574  599  874  249  968  568  761  349  477  539   54  811  629  929  360  768   37  103  352  169   67  403  591  175  965  556    0  258  961  194  614  885  799  574  581  189  580  555  702   51  757  966  415  385  742  800  306  936  
183  414   14   18  846  759  381  481  595  659  810  645  805  823   30  569  326  435  752  939  418  910  978  511  645  611  684    0  131  768  590  964  957  113  765  788  833  339  256  300  516  988  920  702  280   42  634  838  338   70  539  407  439  500  346  944  732  411  350  958  533  651  292  282  552  484  550  178  985  611  592  500  931  258    0  121  226  138   63  690  835  477  116  943  285  599  457  490  904  842  479  892  922   42   53  
331  920  264  881  479  707  792  880  416  925  686  792  613  759  948   68  233  139  596  333  678    3  654  333  933  371  391  371  932  423  180  294  511  402  968   87  671  477  878  842   67  275  868  858  369  245  806   21  172  376  803  159  332  891  426  710  356  872  275   55  630  295  723  438  484  574  698  807  516   82  792  532   43  961  121    0  321  565  457  469  937  747   33   24  874  653  982  488  167  601  461  731  656  400  203  
945  515  350  712  347  151  212  163   46  863  601   65  137   64  173  976  106  805  556  671  252  486  243   83  329  826  529  611  399  270  681  597  853  221  850   15  332  395  114  917  222  462  508  177  280   21  114  149   82  343  184  790  238  148  399  145  525  599  920   60  158  737  212  379  841  366  607  424  111   78  777  736  762  194  226  321    0  907  414  533  587  895  714  883  836  214  975  848  158  296  662  272  313  909  767  
930  518  307  437  311  391  729  394   96  880  803  289  575  315  961  817  612  678  985  378  634  793  918  221  796  223  607  109  618  193  561  924  819    1  952  709  762  849  511  287  192  459   32  490  987  525  738  471  320  236  222  354  824    9  229   14  670  122  716   86  840  974  945  510  333  266  150  846  146  682  635   31  325  614  138  565  907    0  562  641  996  197  317  424   98  540  395  346  215  422  499   18  948  952  344  
429  704   20  769  642  200  282  112  335  921  402  932  777  261  739  717  927  172   59  562  376  993  337   68  249  966  327  949  808  686  768  848  165  427  491  110  547  485  130  404  624  427  792  438  566  119  847  121  622  671  883   27  794    0  450  371  462  657  745  273  761  511  143  755  807  619  429  563  873  745  814  155  891  885   63  457  414  562    0  217  624  701  725  256  853  737  382  191  522  879  349  894  549  278  447  
649  293  705  280  152  383  919   97  380  447  685  269  896  604  808   66   56  581   59  763  994  900  269  846  305  150  270  836  693  854  885  302  894  620  372   90  872  532  298  273  950  957  383  346  628  853  747  987   21  953   40  649  209  198  677  507   40   24  602  549  687  393  884  855  370  777  693  332   63  653  936  670  556  799  690  469  533  641  217    0  301   68  765  260  838  132  992  274  284  460  693  561  429  631  847  
636  935  326  445  615  612  778  130  833  989  111  558  621  540  153  882  590   27  182  857  982  677  996  332  787  458  340  565  669  254  953  846  214  352  843  517  399  801  776  263   53   85  898  166  647  835   28  734  707  550  292  524  568  264  277  877  623  156   77  963  779   87  237  373  725  647  508  146  541  251  426  219   41  574  835  937  587  996  624  301    0  812  869  680  407  453   56  480  809  735  376  812  643  759  274  
300  485   47  866  131  882  725  921  728  895  508  291  795  764  106  515   89  751  783  880  830  502  185  931  312  674   89  659  818  489  797  943  526  148  161  171  698  608  782  673  202   99  809  875  429  954  941  918  239  983  103   50  773  867  715  426  136  549  272  992  130  191  149  615  624  850  187  809  322  854  308  665  863  581  477  747  895  197  701   68  812    0  490  704  112  857  517  861  348  327  549  840  859  617  329  
561  732  786   33  360  674  106   91  819  448  553   17  790  876  489  933  321  739  787  332  986  398  718  358  159  318  139   21   29  905  463  844  373  495  492  797  948  827  783  467  475  219  236  360  590  748  711   17  569  121  983  528  985  567  820  757  727  201   42   70  724   59  304  367  464  801  318  111  660  426  217  550  134  189  116   33  714  317  725  765  869  490    0  537  997  917  716  683  158  747  175  150  495   88  699  
898  267  559  458  420  230  368  822  332  702  764  231  617  918  814  107  726  129  860  904  673  295  169  507  251  341  471  679  183  523  491  700  336  939  368   26  916   70  306  165  742  914   76  750  623  678  723  367  380  381  979    5  817  496  878  932  268  614    1  970  797  654  314  495   28  377  197  359  148  840  147  984  679  580  943   24  883  424  256  260  680  704  537    0  746   97  469   54  829  957  677   75  647  626   80  
