110

  0  791  989  762  558  145  506  391  286  931  406  905  350  375   88  984  656  178  763  571  404  978  536  328  185  895  998  992  190  999  640  444   24  334  453  850  943  210  282  243  608  193  654  887  827  550  277  621  109  851  339  963  320  579  778  725  947  408  497  831  705  132  611  180   92  720  569  927  194  711  470  696   54  925  108  167  627  680  494  607   33  189  496  599  657  192  348  511  812  908  911  978  869  555  732  654  309  798  786  670    5  524  891  611  596  213  343  101  791  602  
791    0  117  281  424  261  899  833  375  664  708  315  257  214  425  889  465  664  140  139  782  310  973   63  498  256  614  310  486  991  247  733  751  693  755  810  605  397  925  279  422  464  312  677  784   27  585  606  757  783  987  126  522  467  567   39  977  439  684  803  861  682  739   59  842   21  674  721   33  314  830  443  967  919  238  189  676  774  422  174  692  675  317  889  797  428  373  501  485  239  997  759    7  738  879  337  753  927  203  723  572  439  354   69  146  522  746  438  749  622  
989  117    0  909  321  957   27  914  348  412  248  116  801  528  851  709  298  774  884   93  235   77  241  953  471  353  247  161  211  815  929  395  346   57  118  119   55  560  388  598  618  970   48  171  730  950  455  273  783  905  914   27  569  195  731  257  945  706  925   14   76  864   47  427  518  277  670  281  739  713   66  245  732  329  338  240   91  700  732  937  839  558  769  800   80  633  513  757  627  316  102  523  814  483  184  492  443  101  379  472  650  177  640  661  897  736  576   20  377  847  
762  281  909    0  531  654  633  666  481  581  484  959  658   42  790    0  527  737  196  437  456  349  177  663  104  973  877  701  667  401  316  233   35  873   72  749  581  356  937  583  740  887  977  171  891  843   57  597  395  505  506  529  445  290  466  368  539  838  898  955   76  973  450  307  161  437  818  737  651  900  413  397  586  209  653  793  322  618  485  440  104  162   63   98  651  745   18  519   67  281  160  430  366  105  379  257  969  394  195   97  173  250  223  851  626  365  962  977  732  555  
558  424  321  531    0  850  925  141  800   73  323   44  685  818  998  741  948  249  178  381   38  757  570  832  765  566  753  654  536  767  398   66  975  211   39  598  898  344  878    1  537  883   54   30  741  998  599  242  887  205  737  149  107  686  293  113  706  990  217  818  276  534  185  288  304  856  784  148  220  834  737  799  327  752   98  946  575  331  671  898   57  410  442  103  298   16  335  400  221  319  168  165  527  956  448   98  105  229  878  355  514  990  588   20  316  197  815   90  590  776  
145  261  957  654  850    0  620  893  332  672  488  919  674  492  886  885  172   31  537  314  115  445   31   88   47  600   59  686  938  215  634  422  983  687  489  621  656  917  393  431   84  544  699  883  876  148   54  245  760  542   17  306  425   60  432  418  128  500  366  329  626  901  713  821  681  929  730  478  212  641  617   85  879  323  723  270  904  511  884  812  315  830  927  146  685  991   58  706  532  167   30  419   22  310  803  836  856  945  362  520  928  586  740  769  567  441  635  101  439  830  
506  899   27  633  925  620    0  778  501   64  620  262  380  993  384  219  412  909  198  629  465  964  612  515  226  618  892  687  182  406  585  903   30  747   15  737  683   71  519  202  863   88  877  886  367  613  345  556   64  317  291  212  152  691  472  442  845  874  726  561  482  465  178  893  908  449  780  373  292  840   21  869  915  592  813   51   78  376  451  796  319  927  771  433  307  741  809  230  838  199  577  685  139   78  996  614   37  462  182  164  432  662   24  655  969   57  725  422  974    7  
391  833  914  666  141  893  778    0  232  112  809  249  632  593  657  208  489  507  487  461  551   87  319  423  526  810  930  215  249   80  279    2  902  722  869  803  649  559  756  882  265  723  487  140  338  700  668  517  545  447   90  907  192  580  409  616  453  676  491   85  696  708  949   28  455  920   31  432  521  581  666  682   24  807  804  144  320  253  348  644  796   30  648  734  685  242  568  453  187  812  504  898  978   16  434   67  423   73  151  198  583   18  681  526  320    8  524  386  629  138  
286  375  348  481  800  332  501  232    0  716  887  621  405  615  511  932  931  796  299   21  984  580  340  118  679  416  751  673  562  111  177  459  335  653    4   47  799  147   82  829  655  799  943   27   86  637  531  760   77  873  296  572  171  707  332  581  773  767   27  995  880  158  864  272  346  459   75  448  518    9  290  186   44  454  741  424  386  425  912  665  273  792  579  829  846  212  341  769  819  660  154  320  472   78   24  995  375  584  490  480   94  253  201  436  432  642  500  293  216  809  
931  664  412  581   73  672   64  112  716    0    6  947  404  460  224  926   36  384  125   52  642  545  278  610  680  158  190  479  681  519  435  292  320  430  645  961   38   16   31  154  470  866  127  116   44   58  325  584  626  751  367  435  964  378  620  895  116   39  973  907  962  388  800  951  939  514  864  894  666  668  558  186  457  952   18  580  263  983  983  348  958  804  352  613   63  290  281   16  631  256  859  594  600  677  273  569  330  145  824  626  216  703  477  850  685  343   41  397  132   79  
406  708  248  484  323  488  620  809  887    6    0  801  238  667  680  253   33  561  147  145  520  434  610  353  775  682  708  139  534  933  777  698  273  722  637  621  683  272  621  849  201   93  343  946  332  541  713  886  450  355  512  786   76  441  666  371  332  479  943  847  639  470  631  227   46  347  479  584  417  767  891  277  379  855  579  359  927  892  341  993  717  860    2  912   32  616  354  721  691  261  748  389   10  509   77  869  169  326  866  237  343  259  853  547  572  287  886  182  104  320  
905  315  116  959   44  919  262  249  621  947  801    0  624  118  109  314    1  913  653  879  742  998  865   74  899  356  644  680  107   46  533  677  530  172   75  601  371  978  443  111  801  240  767  320  360  285  104  736  444  458  312  823  356  290  128   10  899  236  929  464  925  118  122  734  954  448  755  288  594  111  420  159  791  887  395  284  811   23  493  469  386   54  199  584  421  893  973  431  691  285  879  342   31    0  211  203  975   92  352  805  902  624  288    1  974  365  137  869  585  879  
350  257  801  658  685  674  380  632  405  404  238  624    0   84  861  917  806  957  167  844  835  816  440  290  714  593  972  292  515  919  135  203  651  600  741  797  691  783  863    2  849  218  767  325  567  783  717  855  212  279  165  639  817  135  733  353   32  735  379  914  914  507  748   39  251  488  670  954  457  147  591  581  794  675  210  409  480  849  537  240  406  950  943  937  538  363  475  705  446  775  680  852  727  617  279  634  792  514  110  623  388   54  782  601   72   72  341  698  388  325  
375  214  528   42  818  492  993  593  615  460  667  118   84    0  351  146  850   80  980   43  976  247  342  878  557  989  262  104  187  751  189  549  900  999  495   79  339  866  999  213  616  969   45  671  708  653   98  821  720  526  547  765  324  988  374  852  421  525  950  812   73  738  803  261  327  130  865  750  324   31  877  735  312  941  561  385  584   57  640  149  981  176  468   80  307  659  186  646  189   48  935  984   89  207  153  892  102  350  386  493  823  507  407  589  530  695  260  646  363  578  
 88  425  851  790  998  886  384  657  511  224  680  109  861  351    0  445  509   75  108  512    8   19  677  475  863  573  829  740  133  509  598  649  447  561  726  839  558  469  469  349  933  691  895  498  926  527  279  996  735  506  707  509  112  149   67  206  286  443  625  238  572  573   71  972  326  125  540  722  724  500  947  351   25  881  739  836  697  673  716  920  364  929  412  122  751  857  247  945  928  542  266  913  286  957  859  824   44  672  107  921   78  525  826  695  761  831  325  128  471  801  
984  889  709    0  741  885  219  208  932  926  253  314  917  146  445    0  973  975  205  733  764  843  222  368  350  684  796  728  846  500  971  660   12  879  915  973  757  727  760  106  921  943  545   34  281  587   13  776  142  663  368  482   93  463  212  181  255  445   33   14  808   19  280  812  736  504  499   45  346  503  236  686  902    0  558  540  748  551   20    4  672  398  514  609   41  206  725  934  501  275  808  629  586  690  131  428  423  984  580  864  747  811  269  837  207  661  854  442  544   84  
656  465  298  527  948  172  412  489  931   36   33    1  806  850  509  973    0  887  372   14  482  846   86  628  176  258  132  580  345  149  629  452  425  109   41   40  295   91  718  714  612  695  277  920  460  532  331  473  453  654  783  759  783   19  179  344   14  464  757  292  821  715    3  486  897   82  338  397  565  739  263  118  801  441  202  730  766  394  679  773   31  252  785  974  663  649  782  249  182  249  592  110  458  678   65   84   35  384  207   25  632  137  111  817  669  649  808  662  433  193  
178  664  774  737  249   31  909  507  796  384  561  913  957   80   75  975  887    0  386   42  974  628  651  103  531  478  196   99  125  988  323  522  178  587  643  201  665  100  155  535  833  245  617   57  489  215  718  672  840  973  980   76  874  305  389  840  188  695  534   82  340  723  848  140  957  269  508  403  698  394  308  586  217  519  857  172  743   98   22  414  647  231  904  454  203  922  328  918  630  916  473  880  574  148  843  100  543  153  927   96  892   91  683  738  588  765  679  421  135  276  
763  140  884  196  178  537  198  487  299  125  147  653  167  980  108  205  372  386    0  863  379  797  640  925  353  296  180  532  565  365  332  289  447  589  286  649  544  685  197  251  554  951  174  621  703  378  622   85  178  355  782  283  122  176  829  665  395  813  774  610  543  913  549  774  190    0   94  321  955  333  468  905  464   84  658  118  332  672   30   25  959  590  504  170  662  318  305  764    7   83  647  759   32  391  358  941  789   40  639  621   98  896  919  195  383  995  180   18  350  427  
571  139   93  437  381  314  629  461   21   52  145  879  844   43  512  733   14   42  863    0  351  505  203  729  382   34  574  325  122  575  317  173  543  900  619   30    2  948  889  205  519  318  902  277  732  153  895  391  903  846  275  739  126  332  155  624  153  272  865   74  836  688  795   73  869   14  435  792  583  485  277  562  888  682  804  856  717  993  508  735   48  783  561   79  920  742  635  115  780   18  905  327  599  419  413  253  225  163  105  494   34  831  559  413  836  710  729  797  227  579  
404  782  235  456   38  115  465  551  984  642  520  742  835  976    8  764  482  974  379  351    0  579  641   59  164  233  754  369  586  842  993   48  386  707  625  144   29   87  616  770  120   36  691  387  880  621   68  211  188  270  977  509  624  484  767  806  831  894  780  353  276  275  912  768  229  797  757  212  884  522  458  510  984  665  426   86  972  751  278  785  276   54  460  797  101  915  988  419  926  998  859  630  842  449  518  773  459  478  537  276  540  213  264  172  387  336  700  864  867  543  
978  310   77  349  757  445  964   87  580  545  434  998  816  247   19  843  846  628  797  505  579    0   38  811  408  327  495  318  481  528  502  374   46  487   40  590  515  777  627  570  562   48  726  279  633  412  878   58   29  890  752  974  440  644  914  939  561  699  272  123  267    0  730  493  727  260  165  200  402  509  147  262   54  333  812  345  587  152  561  720  934  667  106  534  965   17  681  416  279  297   15  721  383  825  478  238  769   74  119  411  137  305   97  260  243  528  182   76  782  249  
536  973  241  177  570   31  612  319  340  278  610  865  440  342  677  222   86  651  640  203  641   38    0  209  297  365  342  553  867  925  323  479  350  591  202  687  518  114   56  606  277  363  555  419  186  733  412  166  559  189  259  133  516  452  494  193  482  495  474   98  150  614  459  126  149  678  465  982  347  133  497  179   59   11  835  907  552  398  907  776  707  140  352  389  499  408  357  555  440  709  923  839  361  483   67  787  766  441  874   76  332  346  371  154  737  902  956  150   35  384  
328   63  953  663  832   88  515  423  118  610  353   74  290  878  475  368  628  103  925  729   59  811  209    0  213  867  812  798  728   85  851  108  113  435   49  499  616  370  344  253  486  800  590  627  723  301  117  864   35  199  912  376  117  934  845  669  818  975  205  212  720  373  979  775  746  216  684  756  178  452  661  545  622  748  298  158  319   51  532  955  848  927  466  282  758  285  802  724  587  714  335  563  566  925  108  456  494   92  507  131  391  970  768  545  338  467  240  108  823  438  
185  498  471  104  765   47  226  526  679  680  775  899  714  557  863  350  176  531  353  382  164  408  297  213    0   34  460  340  877  834  352  383  545  277   23  884  140  368  585  892  824  736  341  631   83  629  802  487  502  312  595  976   53  508  595  977  425  751  108  135  649  477  692  939  288  470  654  597  878  514   49  743    4  210  947  247  326  184  445  392  290  448  168  491  731  846  620  716  239  813  318  863  615  765  596  707  873  572  515  529  275  220   48  912  284  321  495  190  181   62  
895  256  353  973  566  600  618  810  416  158  682  356  593  989  573  684  258  478  296   34  233  327  365  867   34    0  985  946  396   81  838  597  201  722  824  447   86  489  374    8    3  803    4  913   75  464  982  908  332  829   99  986  998   77  323   42   37   54  472  965  219  373  909  681  733  680  738  985  248  417  222  439  216  273  977  286  829  977  351  371  291  661   28  734  478  233  112  933  711  688  145  708  514  193  924  960  724  269  225  230  834  155  683  795  811  327  943  911  113  302  
998  614  247  877  753   59  892  930  751  190  708  644  972  262  829  796  132  196  180  574  754  495  342  812  460  985    0  758  712  976  983  481  808  663  494  422  653  643  934  938  889  227  990  834  687  678  344  122  204  802   79  261  921  641  996  167  426  716  109   98   10   10  480   62    8  416  343  839   48  184  626   17  667  627  243  423  897  894  605  767  822  803  979  550  935   28  108   58  186  985  817  726  205  495  926  614  514   39  259  616  272  372  915  994  122  149  634  284  749  733  
992  310  161  701  654  686  687  215  673  479  139  680  292  104  740  728  580   99  532  325  369  318  553  798  340  946  758    0  139  643  824  744  100  749  437  430  361  502  805  662  705  783  576  812  702  920  510  713  413  155  391   83  429  519  609  237   66  752  958  632    7  176  424  993  710  719  969  512  857  720  389  132  178  908   50  781  814  342  327   15  411  922  805  613  156  854  779  473   87   64  384  386  695  190  736  996  757  848  440  942  579  524  331  778  324  100  338  105  195  672  
190  486  211  667  536  938  182  249  562  681  534  107  515  187  133  846  345  125  565  122  586  481  867  728  877  396  712  139    0  243  538  589  179  767  810  778  698  908  294  726   30   29  271  423   27  280   57  729  762  641  837  151  845  874  475  215  337  639   93  578  355  575  314  685  678  840  818  757  568   23  766  595  881  801  420   17  938  718  939  484  704  132  462  573  649  502  718  513  766  859  972  213  414  318  921  284  515  556  409  656  867  232  838  858  637  735  491  851  582  102  
999  991  815  401  767  215  406   80  111  519  933   46  919  751  509  500  149  988  365  575  842  528  925   85  834   81  976  643  243    0   13   74  900   33  861  812  718  341  849  399  206  848  664  108  676  324  699  191  545  997  677  417  595  336  944  583  158   66  579  641  924  544  998  565  288  502  200  588  852  669  555  727  880  631  850  294  974  996  856   50  918  389  199  212  652  930  519  220  553   37  356  703  274  147  434  851  696  304   84  788  237  371  305  285  407  259  986  879  335  156  
640  247  929  316  398  634  585  279  177  435  777  533  135  189  598  971  629  323  332  317  993  502  323  851  352  838  983  824  538   13    0  942  900   17  745  366   56  737  933  767   66  382  722  281   64   69  686  341  207  250  547  400  105  145  581  900  113  127  829  907  205  687  517  384  731  683  741  846  216  479  875  928  189  252  388  364  762  221   21  242  114  668  781  191  316   94  827  257   45  226  385  255  255  523   65  996  107  923  859  446  215  749  432  628  460   57  247  139  313  733  
444  733  395  233   66  422  903    2  459  292  698  677  203  549  649  660  452  522  289  173   48  374  479  108  383  597  481  744  589   74  942    0  364  607  222  503  682  722  577   80  823  317  489  182  954  564  318  467  951  564  855  427  887  629  717  580  105  479  717  393  898  357  418  296  541  728  997   15  647   16  746  967   63  574  375  694  835  668  601  681  569  834  197  132   36  711  953  179  412   74  398  534  756  689  190  500  783  104  670  438  826  510   34  636  993  634  611  835  663  749  
 24  751  346   35  975  983   30  902  335  320  273  530  651  900  447   12  425  178  447  543  386   46  350  113  545  201  808  100  179  900  900  364    0  727  864  658  845  982  433  731  339  975  685  156  220  780  218   95  286  380  747  840  518  337  556  747  988  239  128  781  237  861  144   96  597  312  293  436  961  808  970  537  581  682  444  803  629  490  721   75  870  807  508  728  669  440  273  811  890  497  439  142  510   95  349  643  887  936  821  522  216   28  207   33  356  618  345  410  281  187  
334  693   57  873  211  687  747  722  653  430  722  172  600  999  561  879  109  587  589  900  707  487  591  435  277  722  663  749  767   33   17  607  727    0  971  287  206  240  798  275  419  726   39  627  639  928  375  390  925   12  437  148  506  741  512  150  797   79  983  196  577  444  392  944  658  895  841  903  144   62  178  210  350  664  703  642  146  559  760  638   62   44  980  296  462   23  373  566  134  903  830  484  661  710  685  193  808  979  300   85  499  672  718  659  175  497  468  717  122  986  
453  755  118   72   39  489   15  869    4  645  637   75  741  495  726  915   41  643  286  619  625   40  202   49   23  824  494  437  810  861  745  222  864  971    0  351  245  236  217  988  896  991  499   93  840  886  141  781  975  485  665  307  621   47    1   76  478  881  778  408  706  461  885  805  260  215  165  294  256  883  400  299  202   15  156  368  161  904  456  114   68  891  562  905  766  234  224  638  379  187  961  886  334  910  288  962  239  610  151  592  177   30  633  252  279   96   46  610  406  633  
850  810  119  749  598  621  737  803   47  961  621  601  797   79  839  973   40  201  649   30  144  590  687  499  884  447  422  430  778  812  366  503  658  287  351    0  702  199  924  813   79  499  872  548  934  792  133  334  205  864  313  865  841  842  867  327  550  461  701  205   27  132  858  696  446  390  503  834  728  373  688   85  113  365  213  491  560  732  598  981  246  727  189  332  503  503  934  990  780  934  666  971  290  521   71  214  806  836  463  683  284  960  807  771  248   35  607  861  464   41  
943  605   55  581  898  656  683  649  799   38  683  371  691  339  558  757  295  665  544    2   29  515  518  616  140   86  653  361  698  718   56  682  845  206  245  702    0   86   27  490  305  610  447  616  455  635  281  690  469  946  115  813  383  208  395  433  617   27  269  239   69  107  576  298  230  371  852    7  415  830  119  563  411  829  733   43  601  654  841  663  123  753  943   55   94  234  224  120  438  409  662  455  174  111  934  976  716  844  340  157  588  274   73   88  539  976  676  183  187  254  
210  397  560  356  344  917   71  559  147   16  272  978  783  866  469  727   91  100  685  948   87  777  114  370  368  489  643  502  908  341  737  722  982  240  236  199   86    0  347  126  706  720  619  912  517  838  937  649  688  853   32  467  435  567   51  786  647  426  897  318  505  727  825  241  130  245   49  453  304  982  382  355  154  699  393  706  197  467  545  113  673  798  857   33  243  485   68  695  454  257  443  450   25  714   31  396  698  107  734   13  564  344  511  133  636  946  270  237  264  248  
282  925  388  937  878  393  519  756   82   31  621  443  863  999  469  760  718  155  197  889  616  627   56  344  585  374  934  805  294  849  933  577  433  798  217  924   27  347    0  967   38  512  699  787  886  358  528   37  584  200  978  162  503   60  224  577  944  926  731  139  571  486  678  397  232  345  539  413  617  522  253  372  721  907   90  506  860  510  795  538  116  792  575  926   73  962  621  301  715  293  529  269  220   75  371  566  847  137  871    4  771  731  592  909  500  946  636  523  238  635  
243  279  598  583    1  431  202  882  829  154  849  111    2  213  349  106  714  535  251  205  770  570  606  253  892    8  938  662  726  399  767   80  731  275  988  813  490  126  967    0   67  397  496  907  147  203  406  651   60  699  712   11  983  329  556  444  122  397  619  593   52  729  947  902  830  428  831  195  324  158  984  286  141   57   82  154  341  997  835  736  475  961  611  920  401  376  806  542  806  730  327  992   99  733  548  412  930  107  889  322  901  321  773  837  538  129  407  652  112  323  
608  422  618  740  537   84  863  265  655  470  201  801  849  616  933  921  612  833  554  519  120  562  277  486  824    3  889  705   30  206   66  823  339  419  896   79  305  706   38   67    0  427  359  813  151  690  425   78  284  307    7  566  608  900  548  134  545  329  241  842  963  559  875  396  366  288  458   90  825  228  637  216  514  902  140  542  821  730  843   62  416  409   58  640  841  377  977   18  399  142  326  931   15  254  463  769   87  486  120  138    1  311  944   53  203  737  860  465  466  802  
193  464  970  887  883  544   88  723  799  866   93  240  218  969  691  943  695  245  951  318   36   48  363  800  736  803  227  783   29  848  382  317  975  726  991  499  610  720  512  397  427    0  508   69  478  309  625  854  128  327  397  310  242   89  435  711  346  857  369  750  508   50  118    5   36  114  458  425  213  879  505  711  497   80  456  537  363  394  889  820  288  465  186   16  447  821  358  637  867  264  605  173   87  390  654  898  658  515  502  959  559  696  834  696  759  915  841  690  314  675  
654  312   48  977   54  699  877  487  943  127  343  767  767   45  895  545  277  617  174  902  691  726  555  590  341    4  990  576  271  664  722  489  685   39  499  872  447  619  699  496  359  508    0  680  362  364  635  375  174  979  430  905  272  524  196  933  674  505  148  769  635  905  907  258  817  820  749  268  341  546  379  621  573  303  471  708  286  520  379  869  755  969  678  459  999  132  232  168  975  210  761  850  325  769  412  769  307  750  422  194  881  809  393  570  494  929  779  498  215  647  
887  677  171  171   30  883  886  140   27  116  946  320  325  671  498   34  920   57  621  277  387  279  419  627  631  913  834  812  423  108  281  182  156  627   93  548  616  912  787  907  813   69  680    0  614  638  590  407  462  538   11  333  917    9  895  447  485  132  381  122  182  975  657   58  572  508  963  361  291  163  580   37  206  790  740  307  143  156  704  769  260  645  111   81  554  161  599  197  801  136  660  947  927  799  975  309  663  160  242  280  948  361  568  402  887  401  704   41  356  221  
827  784  730  891  741  876  367  338   86   44  332  360  567  708  926  281  460  489  703  732  880  633  186  723   83   75  687  702   27  676   64  954  220  639  840  934  455  517  886  147  151  478  362  614    0  491  590   64  796  581  291  658  500   62   74  751  354   69  712  902  416  146  519  556  546  898  829  369  524  734   84  381  826  214  615  267  821  205  701  572  499  685  359  606  256  322  707  914  205  857  594   93  416  786  276  725  365   55  322  677  657  281  776  427   43  888  352  260  698  679  
550   27  950  843  998  148  613  700  637   58  541  285  783  653  527  587  532  215  378  153  621  412  733  301  629  464  678  920  280  324   69  564  780  928  886  792  635  838  358  203  690  309  364  638  491    0  162  934  763  582  371  913  142  938  615  879  389  487  400  156  601  860  114  794  507  336  307  849  328  550  320  160  409  823  254  394  298  366  837  171   46  189  425  125  157  204  328  480  179  128  353  814  297  172  173  961  409  115  285  397  462  539  293  645  469  223  934  311  883  508  
277  585  455   57  599   54  345  668  531  325  713  104  717   98  279   13  331  718  622  895   68  878  412  117  802  982  344  510   57  699  686  318  218  375  141  133  281  937  528  406  425  625  635  590  590  162    0  479  786  498  715  558  935   63  797  116   61  198  112  913  863  295  253  616   66  265  193  736  618  133  190  428   37  800  461  552  215  692  387  626   82  759  472  491  551   99  383  829  674  447  487  955  689  115  795   33  509  426  977  191  764  639  440  780   51  528  281  562   60  376  
621  606  273  597  242  245  556  517  760  584  886  736  855  821  996  776  473  672   85  391  211   58  166  864  487  908  122  713  729  191  341  467   95  390  781  334  690  649   37  651   78  854  375  407   64  934  479    0  283  161   49  361  403  377  893  586  689  843  554    6    5   29  872  767  500  571  801  714  495  323  168  417  533  129  918  914  865  718  153  100  122  651  745  136  594  662  572  947  726  280   28  859  158  861  877  502  668  552  223  709  757  409  300  784  235  600  327  273  757  324  
109  757  783  395  887  760   64  545   77  626  450  444  212  720  735  142  453  840  178  903  188   29  559   35  502  332  204  413  762  545  207  951  286  925  975  205  469  688  584   60  284  128  174  462  796  763  786  283    0  954  124  715  310  307  305  591  639  436  292  193  286   66  983  298  408  198  447  712   58  301  593  545  138  325  514  692  322  210  174  252  168  858  351  766  298  221  332  176  757  354  702  655  449  193  881  935  408  503  685  304  765  688  716  638  224  310  919  799  255  654  
851  783  905  505  205  542  317  447  873  751  355  458  279  526  506  663  654  973  355  846  270  890  189  199  312  829  802  155  641  997  250  564  380   12  485  864  946  853  200  699  307  327  979  538  581  582  498  161  954    0  489  124  638  263  473  140  454   56   96  868  348  544  351  434   77  488  605  767  134  105    6  808  700  876   98  848  779  744  545  271  409  123   66   44  625  369  545  559  597  425  131   28  413  237  622  849  754   45  929  799  130  204  692  189  633   38  975  179   33  605  
339  987  914  506  737   17  291   90  296  367  512  312  165  547  707  368  783  980  782  275  977  752  259  912  595   99   79  391  837  677  547  855  747  437  665  313  115   32  978  712    7  397  430   11  291  371  715   49  124  489    0  537   29  556  738  658  146  994  554  984   14  700  249  225  547  860  676  299  214   62  504  758  540  219  320  785  111   46  695    7  197  441  158  808  964  534  211  463  971  708  135  985  389  682  111  939    1  946  941  653  327  541  315  997  239   46  906   30  541  174  
963  126   27  529  149  306  212  907  572  435  786  823  639  765  509  482  759   76  283  739  509  974  133  376  976  986  261   83  151  417  400  427  840  148  307  865  813  467  162   11  566  310  905  333  658  913  558  361  715  124  537    0  798  257  531  674  603  173  291  982  396   55  298  133  498  892  660  997  286  199  556  893  557  602  437  215  511   77  606   61  477  948  766  745  724  444  470  473  513  138  736  214  123  506  923  786  249  680  175  106  555  605  217  944  960  620   28  735  277  882  
320  522  569  445  107  425  152  192  171  964   76  356  817  324  112   93  783  874  122  126  624  440  516  117   53  998  921  429  845  595  105  887  518  506  621  841  383  435  503  983  608  242  272  917  500  142  935  403  310  638   29  798    0  317  593  383  142  570  421  135  966  732  593  203  714  185  993  755  339  988  541  428  464  889  560  209  382  213  737  740  507  403  990  154  143  900  224  300  893  641  327  423  889  970   94   45  255  407  715  346  294  309  182   16  994  281  105  602  889  694  
579  467  195  290  686   60  691  580  707  378  441  290  135  988  149  463   19  305  176  332  484  644  452  934  508   77  641  519  874  336  145  629  337  741   47  842  208  567   60  329  900   89  524    9   62  938   63  377  307  263  556  257  317    0  748  174  982  109  436   16  586  164  644  667   85  506  991  524  472  316  999  465  607  749  474  521  185  559  382  441  442  324  570   87  437  136  532  425   56  355  433  696   93  859  487  182  884  888  485   51  899  729  231  501  995  994  628  430  514  945  
778  567  731  466  293  432  472  409  332  620  666  128  733  374   67  212  179  389  829  155  767  914  494  845  595  323  996  609  475  944  581  717  556  512    1  867  395   51  224  556  548  435  196  895   74  615  797  893  305  473  738  531  593  748    0  487  427  408  993  280  746  712  530  276  168  136  902  617  204  805  836  954  795  198  826  327  474   87  814  109  541  773  144  317  540  223  259  224  922  505  875    1  354  830  481  155  251  695  441  992  933  651  669  896  313  130   10  758   90  703  
725   39  257  368  113  418  442  616  581  895  371   10  353  852  206  181  344  840  665  624  806  939  193  669  977   42  167  237  215  583  900  580  747  150   76  327  433  786  577  444  134  711  933  447  751  879  116  586  591  140  658  674  383  174  487    0  593  426  177  578  738  972  539  933   50  116  755  979  418  939   63    2  423  551  122   47  380  278  433  350  424  670  678  867  216  336  690  325  921  558  975  742  340  951  711  305  636  688  108  486  619  897   45  706   57  387   67  778  569  317  
947  977  945  539  706  128  845  453  773  116  332  899   32  421  286  255   14  188  395  153  831  561  482  818  425   37  426   66  337  158  113  105  988  797  478  550  617  647  944  122  545  346  674  485  354  389   61  689  639  454  146  603  142  982  427  593    0  555  989  558  764  160  855  387  279  542   94  302  643   52  264  194  352  570  764  548  331  902  240  435  171   91  567  732  557  323  548  156   47  629  856   92  946  770  990  633   93  517  770  339  700  756  427  607  845  693  458  879  274  759  
408  439  706  838  990  500  874  676  767   39  479  236  735  525  443  445  464  695  813  272  894  699  495  975  751   54  716  752  639   66  127  479  239   79  881  461   27  426  926  397  329  857  505  132   69  487  198  843  436   56  994  173  570  109  408  426  555    0  575  877    4  273   79  263  482    2  556  446  991  111  387  230  170  312  215  574   89  345  123  510  901  263  393  444  891  842  394  601  272  358  922  618  223   26  181   89  802  168  347  513  518  484  993  174  105  316  435  868  796  925  
497  684  925  898  217  366  726  491   27  973  943  929  379  950  625   33  757  534  774  865  780  272  474  205  108  472  109  958   93  579  829  717  128  983  778  701  269  897  731  619  241  369  148  381  712  400  112  554  292   96  554  291  421  436  993  177  989  575    0  585  540   92  626  988  992  868  194  573  996  174  948  866  286   75  975  772  267  506  986  419  507  755  868  273  498  561  343   60  351  123  284  439  303  454  572  673   50   63  691  372  339  765  197  763  573  524  784  648  687  452  
831  803   14  955  818  329  561   85  995  907  847  464  914  812  238   14  292   82  610   74  353  123   98  212  135  965   98  632  578  641  907  393  781  196  408  205  239  318  139  593  842  750  769  122  902  156  913    6  193  868  984  982  135   16  280  578  558  877  585    0  412  714  205  666  525  802  365  211  538  176  606  296  943   27   77  640  894  191  917  825  823  263  902  291  838  378  623  871  949  486  252  837  410  937  721  107  240  612   62  312  738  525  340  234  850  427  533  561  123  536  
705  861   76   76  276  626  482  696  880  962  639  925  914   73  572  808  821  340  543  836  276  267  150  720  649  219   10    7  355  924  205  898  237  577  706   27   69  505  571   52  963  508  635  182  416  601  863    5  286  348   14  396  966  586  746  738  764    4  540  412    0  298  214  732  678  788  218  972  378  122  456   38  487  386  306  220  429  251  502   67  604  140  861  310  700  740  162  981  324  911  255  197  537  415   11  815  191  920  735  271  172  550   74  128  843  792  290  810   68  122  
132  682  864  973  534  901  465  708  158  388  470  118  507  738  573   19  715  723  913  688  275    0  614  373  477  373   10  176  575  544  687  357  861  444  461  132  107  727  486  729  559   50  905  975  146  860  295   29   66  544  700   55  732  164  712  972  160  273   92  714  298    0  122  381  985  411  959  930  218  669  509  235  455  763  361  172  179  279  247  270  384  269  335  948  453  842  371  331   44  161  264  705  940  706  525  461  521    5  362  801  790  614  476  351  641  816  119  396   54  846  
611  739   47  450  185  713  178  949  864  800  631  122  748  803   71  280    3  848  549  795  912  730  459  979  692  909  480  424  314  998  517  418  144  392  885  858  576  825  678  947  875  118  907  657  519  114  253  872  983  351  249  298  593  644  530  539  855   79  626  205  214  122    0  697  445  195  743  565  381  789  532  652  816  637  805  412  235   65   71  530  321  336  966  302  129  412  399  835  246  461  817  490  513  265  322  916  444  354  664  685  463   27  642  109  640  726  639    7  408  572  
180   59  427  307  288  821  893   28  272  951  227  734   39  261  972  812  486  140  774   73  768  493  126  775  939  681   62  993  685  565  384  296   96  944  805  696  298  241  397  902  396    5  258   58  556  794  616  767  298  434  225  133  203  667  276  933  387  263  988  666  732  381  697    0  589  916  821  497  919   59  844  943  729  934  894  731  432  955  813  227  115  655  113  513  527  572  224  193  377   85  745  564   81  431  801  879  343  491   16  222  162  994  314  123  497   24  432  709  735  476  
 92  842  518  161  304  681  908  455  346  939   46  954  251  327  326  736  897  957  190  869  229  727  149  746  288  733    8  710  678  288  731  541  597  658  260  446  230  130  232  830  366   36  817  572  546  507   66  500  408   77  547  498  714   85  168   50  279  482  992  525  678  985  445  589    0  927  293  970  776  864  338  350  547  566  149  286  506  442  995  747  842   52  591  325   78  274  613  327  753  127  854  135  781  725   17  183  589   42  997  792  274  669  233   16  307  781  235  299  217  916  
720   21  277  437  856  929  449  920  459  514  347  448  488  130  125  504   82  269    0   14  797  260  678  216  470  680  416  719  840  502  683  728  312  895  215  390  371  245  345  428  288  114  820  508  898  336  265  571  198  488  860  892  185  506  136  116  542    2  868  802  788  411  195  916  927    0  591  860  624  433  315  723  190  674  673   11  175  742  412  724  665  564  760   79  207  582  234  692  212  756  433  448  883  296  931  676  405  769  149  432  431  415  633   39  628  569   12  599  299   56  
569  674  670  818  784  730  780   31   75  864  479  755  670  865  540  499  338  508   94  435  757  165  465  684  654  738  343  969  818  200  741  997  293  841  165  503  852   49  539  831  458  458  749  963  829  307  193  801  447  605  676  660  993  991  902  755   94  556  194  365  218  959  743  821  293  591    0  704  836  606  590  827   98  515  322  165  447  135  129  776  401   13  449  141   60  549  234  817   25  744  741  114  442    3  696  702  368  107  732  706  526  868  631  724  442  662  310  276  412  397  
927  721  281  737  148  478  373  432  448  894  584  288  954  750  722   45  397  403  321  792  212  200  982  756  597  985  839  512  757  588  846   15  436  903  294  834    7  453  413  195   90  425  268  361  369  849  736  714  712  767  299  997  755  524  617  979  302  446  573  211  972  930  565  497  970  860  704    0  317  786  670  571  285  994  320   28  443  156  597  141  134  574  390  547  469  766  117  194  563  655  660  586    3  252  218  752  975   48  583  741  154  462   46  572  199  981  415  321  342  251  
194   33  739  651  220  212  292  521  518  666  417  594  457  324  724  346  565  698  955  583  884  402  347  178  878  248   48  857  568  852  216  647  961  144  256  728  415  304  617  324  825  213  341  291  524  328  618  495   58  134  214  286  339  472  204  418  643  991  996  538  378  218  381  919  776  624  836  317    0  760  812   67  891  783  694   14  551  362  788  515  553  668  368  786  406  160  240  271  605  384  882  773  882  820  369   92  289  373  658    8  291  272  700  862  783  819   98  369  408  709  
711  314  713  900  834  641  840  581    9  668  767  111  147   31  500  503  739  394  333  485  522  509  133  452  514  417  184  720   23  669  479   16  808   62  883  373  830  982  522  158  228  879  546  163  734  550  133  323  301  105   62  199  988  316  805  939   52  111  174  176  122  669  789   59  864  433  606  786  760    0  300  790  859  746  925  368   75  775   11  199   15  107   12  148  713  686  687  355  719  280  691  747  947   36  295  886  338  465   73  416  737  796  572  387  348  613  199  690  138  890  
470  830   66  413  737  617   21  666  290  558  891  420  591  877  947  236  263  308  468  277  458  147  497  661   49  222  626  389  766  555  875  746  970  178  400  688  119  382  253  984  637  505  379  580   84  320  190  168  593    6  504  556  541  999  836   63  264  387  948  606  456  509  532  844  338  315  590  670  812  300    0  953  689  987  498  624  840  837   61  638  510  302  640  778  862  661  251  606  677  360   58  189  386  118  906  223  818  139  894  114  659  207  815  780  479  433  583  981   44  708  
696  443  245  397  799   85  869  682  186  186  277  159  581  735  351  686  118  586  905  562  510  262  179  545  743  439   17  132  595  727  928  967  537  210  299   85  563  355  372  286  216  711  621   37  381  160  428  417  545  808  758  893  428  465  954    2  194  230  866  296   38  235  652  943  350  723  827  571   67  790  953    0  375  538  780  804  668  164  521  603  618  785  984  401   40  276  131    7  606  924  387  452  785  456  698  961  967  876  883  974  686  322  976  882  352  919  934  667  361  325  
