120

  0  324  204  513  719  840  613  164  465  620  277  704  802  262  752   58  452  656  960  619  645  832   97  767  255  967  345   37  693  599  326   36  120  633  633  828  343  183   12  867  727  643  722  127  221  206  643  419   20  753  713  422  920  195  961  837  194  663  477   75  767  683  314  615  696  181  304  535  286  436  788  666  806  908  460  293  510  530   53  412  397  901  813  425  119  529  171   62  706  255  980  630  185  115  758  640  534  559  702  418  985  488  691   29  519  563  582  930  582  875  609  860  520  893  278  381  329  636  119  117  
324    0  288  201  557  991  415  875  684  830  459  332  268  464  702  985   59   71  293  958  618  264  496  972  365  343    6  587  734  407  630  394  887  614  517  994  745   58  279  547  240  444  150  400  898  339  576  654  378  990  844  999  363  825  644  214  153  339  774  462  989  668  825  794  797  615  636   37  878  977  537  686  602   60  406  146  253  407  440  869  370   59  142  961  291  450  566   17   97  933  572  830  461  920  207  267  927  174  176  358   41  780   24  646   59  898  258  521  525  803  588  799  437  581  386  895   97  441   17  568  
204  288    0  696  769  830  198   56  504  957  132  446  121  646   37  115  546  516  619  717  580   19  483  491  438  820  936  657  586  458  763  512  944  992  706  122  334  788  721   34  605  101   61  745  239  126  156  806  534  545  448  803  698  909  305  775  494  489    9  768  433  812  206  151  684  948  678  579  948  760   25  232   36  427  414  698    7  159  460  664  992  750  472  351  597  662  291  351  855  202  446  625  593  121  974  106  403  710  977  652  253  163  908  161   88    6    3  884  681  942  504  199  317  679  963  884  412  871  534  979  
513  201  696    0  135  247  709  708  941  175  124   51  230  420  976  616  647  204  360  175  308  330  641  986  977  602  661  191  341  190   48  226  517  856  788  200  688  236  216  632  875   31    7  473  787   69  283  722  568  362  653  398  264   48  208  423  235  942  462  367   13   80  676  673  631  135  366  934  538  149  561  164  919  996  882  178   17  961  445  221  478  204  737  325  251  409  427  954  945  767  731  638  444  510  906  981  564  656  532  336  624  691  594  449  572  908  432  565  169  224  973  259  175  758  228  584  192    5  419  284  
719  557  769  135    0  457  256  500  496  254  802  843  265  495   21  415  919  456  918  940  115   81  993  295  250  232  778  807  318  753  478  548  595  592  474  237  849  991  860  735  698  591  632  236  215  853  390   92  832  710   53  825   60  324  695  409  707  776  420  837  546  406  155  733  139  941  850  273  107  625  792  905  225  375  132  159  533  324  924  976  676  563  152  788  433  458  509  455  837  677  924  855  512  476  458  983  609  573  736  956  330  841  595  899  432  337  996  177  613  848   16  185  652  190  449   50  834  985  710  400  
840  991  830  247  457    0  750  709  167  461  426  816  502  654   23  930  337  575  306  987  857  437  428  815  640  195  777  502    7  130  432  645  292  576  857  549   39  698  181  898  179  147  617  261  437  878  141  831  939  210  497  583  138  226  724  542  221  515  103  541  965  182  893  140  772  274  825  795  114  909  627  181  593  949  863  551  122  876  274  843  279  348  301  447  647  271  150  763  486  946  674  764  580  765  454  986  179  684  752  773  332  990  895   63   34  732  561  858  613  874  664  833  293  532  115  449  884  454  695  636  
613  415  198  709  256  750    0  626  687  829  131  849  801  747  410  409  387  694  106  206  480  275  919  915  388  201  389  233  652  993  577  557  118  851  513   43  691  463  859   46  800  556  856  671  804  602   60  444  139  862    4  897  989  909  293   95  785  712  764  721  976  256  822  968  347  392  580  150  875  442   92  746  110  614  794  914  149  790  708  270  441  876    3  682  981  189  172  725  995  964  596  490  974  886  168  524    6   99  912  546  496  128  483  281  177  385  960  208  851   72  930  528  182   42  210   36  143  304  999  858  
164  875   56  708  500  709  626    0  189  754  109  163  661  505   18  564  882  946  978   91  882   23  374  440  799  682  672  190  352  984  220  226  158   12  394  739  662  658  940  113  413  510  579  997  857  536  342  681  825  543  175  695  327  212  156  804  384  949   98   69  744  653  575  229  105  814  890  488  411  586  578  604  297  718  504  457  165  153  898  885  720  986  205   46  986  797  325  980  444  481  275  643  614  413  135  814   68  446  729  283  439  849  528  546  711  413   94   31  586  162  704  737  892  661  269  315   70  391  487   91  
465  684  504  941  496  167  687  189    0   80    8  291  590  311  573  630  547  855  912  649  887  317  838  382  201  464  624  417    5  863    7  535  298   93  809  486  943  737  772  527  326  478  965  206  814  414  655  991  731  284  123  858    6  231    4  705  594  512  412  221   25   36  586   25  335  213  677  914  259  949   22  924  870  779  183  930  629   83  614  625   42  348  435  526   88  335  272  523  696  583   48  129  841  560  266  591  486  235  492  381  762   73  917  385  131  232  486  106  257  975  729  299  398  741  649  392  236  935  529  800  
620  830  957  175  254  461  829  754   80    0  521  186  634  836  751  730  411   41  945  584  332  124  758  644  719  472  200  957  800  422  566  852  840  764  563  388  185  516   10  549  352  213  159   18  832  387  986  433  624  325  543  630   75   90  650   27   20  800  725  399   26   38  271  229  912  465   45  498  641  544  139  817  377  421  150  613  713  361  633  596  650  777  147  385  207  141  796  852  362  373  720  688  796  262   50  462  924  161  557  921  945  958  645  728  749  822  182  333  580  457  791  912   72  200  787  850  646  453  576  921  
277  459  132  124  802  426  131  109    8  521    0  375   11  652  165  138  917  593  447   23  862  364  665  925  748  140  182  605   91  692   78  738  245  413  479   81  721  874  905  635  420  588  501  163  641  210  704   46  981  829  269  932  827  900  810  662  613  355  487  498  434  898  455  965  814  848  246  676  441  124  416   68  603  618  632  251  773  798   43    6  155   23  866  295  381  202  865  850  476  740   51  315  246  517  752   86  120  150  903  840  899  444  569  864  459  360  125  306  719  613  492  725  780  582   88  154  860  221  828   51  
704  332  446   51  843  816  849  163  291  186  375    0  393  836  904  656  101  807  869  770  524  236  284   40  633   32  699   62  438  412  563  440  513    9  526  499  314  710  634  417  124  186  104  323  405  553  238  216  832  322   29  298  643  867  251  921  823  638  244  942  735  466  261   68  788  405  655  117  320  711  631  944  281  313   87  202  129  662  752  379  836    8  867  308   34  622  665  755  164  968  202  291  920  865  214  748  578  970  959  224  274   81  701  989  402  954  647  504  339  215  517  856  565  647  617  954  790  938  556  441  
802  268  121  230  265  502  801  661  590  634   11  393    0  200  159  833  650  851  848  475  435  191  836  571  965  847  506  948  867  819  433  397  828  150  333  699  345  708  872  728  217  639  130  299  964  490  615  811  550   17  165  978  747  257  435  637  805  501  331   43  333  409  590  936  194  201  985  670  414  293  634   23  623  462  539  996  621  446  758  870  118  231  959  792  212  948  964  535  595  256  117  766  699  285  868  895  883  466  576  176  928  228   92  435  300  575  351  538  911  253  238  263  397  219  704  277  941  231  620  648  
262  464  646  420  495  654  747  505  311  836  652  836  200    0  307   97  240  554  433  476  765  634  814  191  164  267  853  265  749  837  300  924  483  682  788  987  761  703  850  581  315  194  937  168  800  552    4  368    7  182  340   97  131  205  459  443  550  721  644  179  920  906  715  310  439  382  846  349  486  660  395  488  836  951  114  991  441  716  927  646  603   56   62  574  848  721  523  629  657  305  388  495  618  786  253   45  212  620  379  787  435  423  882  471  211  187  811  776  581  539  223  261  569  778  347  661  236  451  838  334  
752  702   37  976   21   23  410   18  573  751  165  904  159  307    0  904  570  750  896  789   85  759  475  956  140  768  871  419  341  220  223  303  450   25  294  331  918  302   44  286  694  693  177  842  374  688  764  353  655  666  271  650  558  326  356  304  989  968  820  770  267  553  509  310  116  348  160  913  297  366  829  752  775  951  319  187  484   23   93  707  153  500  214  454  366  187    5  852  285  748  297   19  508  232  146  996   54  597  541  838  147   30  814  916  754   70  877  458  655  991  591  801  156  970  129  409  140  999   98  660  
 58  985  115  616  415  930  409  564  630  730  138  656  833   97  904    0  522   38  362  632  987  985  758  868  533  397  226  161  376  321  201  402   50  675  656   62  941  356  441   52  195  926  961   89  214  789  696  143  290  746  839  221  991  797  366  259  366   79  384  724  303  553  122  676  837  784  520  894  646  400  974   10  483  465  908  280  340  751  736  729  290   98  349  731  663  834  640  392  334  472  903  624  286  109   65  929   56  864  760   45  992  619  942  251  529  800  353  702  767  568  635  946  401  368  902  271  374  632  807  361  
452   59  546  647  919  337  387  882  547  411  917  101  650  240  570  522    0  670  776  753  551  380  651  267  670  605  523  747  626  584  801  616  925  412  403  404  297  660  252  451   88  774  562  947  856  366  205  695  638  632  992  587  706  668   19  246  759  436    3  719  931  951  588  910   21  596  295  452   55  727   85  621  927  177  259  804  509  993   89  232  821  653   17  910  176  193  673   76   82   94  376  642  536  755  461  675  966  895  328  544  105  503  574  916  688  824  178  980  850   68  134  787  483   54  735  853  878  135  514  724  
656   71  516  204  456  575  694  946  855   41  593  807  851  554  750   38  670    0  979  887  529  923  737  717  830  830  164  778  350  905  308  994  502  408  230   77  737  229  746  667  107  128  239  840  414  402  375  840    8  449   65  180  111  344  898  667  695  483  313    7  994  615   52  661  901  258  564  359  808  121  429  195  782  470   98  490  951  246   22  343   20   56  855  916  905  512  768   11  989  416  282  429   77  640  902  513  355  391  712  462  640  264   32  404  368  978  156  592  403  789  739  265  668  738  666  301  192  505  874  482  
960  293  619  360  918  306  106  978  912  945  447  869  848  433  896  362  776  979    0  371  703  413  408  877  105  575  165  738  324  160  309  776   36  624  718  507  689   70  891  228  230  358  304  715  672  120  644  845  545  304  406  296  749  921  998  432  371  743  542  629  182  603  789  642  973  387  471  332  445  236  715  625  265  163  712  523  249  502  763  663  734  644  443  440  499   91  672  294  473  166  473  617  110  864   36  638  411  246  959  319  661  751   10  662  162  207  711  949  398  699  893  671  563  174  510  154  968  562  631  594  
619  958  717  175  940  987  206   91  649  584   23  770  475  476  789  632  753  887  371    0  171  626  219  816  888  397  138  198  938    0  718   59  354  429  318  876  704  255  858  129  702  811  468  112  502  858  858  318  697  412  371  934  660  443  989  222  570  115  220  170  429  560  293  727  376  289  322  947  983  800  826  623  229  879  161  336  481  906  338   31   85  582  262  364  487  493  274  944  537  249  832  540   58  991  936   18  640  662  533  929  135  764  116  984  148  280  831   96  834  174  749   27  982  187  115  314  806  869  590  443  
645  618  580  308  115  857  480  882  887  332  862  524  435  765   85  987  551  529  703  171    0  408  880  423  797  628  171  588  383   28   32   26  206  576  730  485  668  484  986  157  797  649  539  131  805  573  335  484  951  836  242  988  345  369  126  937  959  894  133  716  501  930  665  429  388  445  487  315  803  821  132  301  514  645  511  786   65  259   48  478  872  465  516  477   20  176  501  870  461  104  608  801  748   78  843  208  132  537  172  906  178  889  316   79  314  913  756  250  617  848  424  496  178  441  631  154  513    2  920  515  
832  264   19  330   81  437  275   23  317  124  364  236  191  634  759  985  380  923  413  626  408    0  721  299  757  361  543  212  420  211  372  875  180  374  992  548  843  360  699  387   69  411  149  965  542  386  974  125  262  104  852  469  548  284  686  277  277  603  943  740  717  900  682  381  707   59  976  900  504  367  679  962  878  594  527  294  388  888  270  298  326  886  129  989  994  751  917  466  657   73  494  966  565   44  749  547  173   94  948  834  910  931   56  528  340  511  285  929  591  744  967  285  722   73  167  467  378  693  741  357  
 97  496  483  641  993  428  919  374  838  758  665  284  836  814  475  758  651  737  408  219  880  721    0  651  257  165  899  159  759  263  288  629  364  879  202  290  289  684  545  433  964  826  471  563  146  859   67  417  122  781  514   85  649   80  190  624  549  608  138  241  328    2  214  789  412  490  610  110   57  817  710  657  922  350  476  421  408  639  940  817  883  148  409  269  371   76  121  625  861   19  709  315  486  613  295   61   51  269   17  538   42  562  752   43   62  324  904  914  897  480  162   75  652  727  961  538  768  509  256    9  
767  972  491  986  295  815  915  440  382  644  925   40  571  191  956  868  267  717  877  816  423  299  651    0   98  880  770  321    3  858  605  623   28  947  991  796  347  355  319  169   58  135  407  140  740  499  838   77  333  304  300  189  173   16  892  695  563  418  467  676   15  918  888  617  237  483  861  689  348  487  131  975  453  706   52  245  204  816  399  425  229  980  561  156  342  928  550  869  374  811   81   97   80  476  587  214  823   15  386  890  812  594   54  951  909  291  612  452  560  983  991  515   41  766  726  659  624  723  934  933  
255  365  438  977  250  640  388  799  201  719  748  633  965  164  140  533  670  830  105  888  797  757  257   98    0  784  196  319  375  520   80  744  572  569  812  413  905  985  537  497  627  399  413  692  293  145  710  383  951  334  564  713  582  235  417  863  774  550  540  110  188  993  405  772  137  667  206  993  203  569  418  409  207   78  251  717  518   58  933  431  122  638  761  702  123  497  741  211  569  229  766  795  426  295  679  487  977  198  444  662  150  394  660  997  114  469  202  111  866  532  117  308  871  476  991  852  734  249   82  730  
967  343  820  602  232  195  201  682  464  472  140   32  847  267  768  397  605  830  575  397  628  361  165  880  784    0  537  625   70  853  778  837  442  579  328   75  768  457  336  641  613  184  396  326  762  372  901  361  179  282  874  284  590  377   97   47  556   93  112  851  818  872  663  737  505  368  682  240  328   27  214  377  256  467  718  444  405  747   74  194  166  397  114  140   91  357  160  161  174   63  925  692  226  335   40  422   42  578  630  365  457    9  238  688  977  556  862  579   57   93  247  529  346  700  190  103  241  827  590  342  
345    6  936  661  778  777  389  672  624  200  182  699  506  853  871  226  523  164  165  138  171  543  899  770  196  537    0  316  774  174  207  240  194  176  381  238  383  976   48  860  162   82  881  262   43  846  992  811   97  598   36  370  921  108  523  254  361  957  403    0  666  932  584  854  681  913  323  508  576  166  892  569  432  726  635  556  399  395  276  448  403  116  333  392  880  860  651  198  187  770  626  263  758  394  675  338  663  528  423  371   33  587  609   31  502  351  767  908  919  186  791  793  311  477  347  205  731    6  629  109  
 37  587  657  191  807  502  233  190  417  957  605   62  948  265  419  161  747  778  738  198  588  212  159  321  319  625  316    0  139  280  476  450  326  601  227  926  941  745  921  815  927  694  393   55  669  102  609  281  227  502  261  960  737  442  814  232  555  543   85  389   39  733  393  634  624  887  965  966  201   66  472  795  901  887  694  524  948  676  256   20  385  321  445  753  726  248   41  698  886   32  915  178  209  415  520  389  707  915  192  105  378  360  145  942  224  301  278  186  211  729  612  169  696  327  229  265  410  287  606   15  
693  734  586  341  318    7  652  352    5  800   91  438  867  749  341  376  626  350  324  938  383  420  759    3  375   70  774  139    0  274  566  586  300  220  917  572  808  314  927  419  831  222  870  859  620  296  284  651  816  193  631    7  809  196  864  494  171  105  273  249  141  356  360   35  331  494  346   61   92  408  242   63  758   54  419  727  450  332  854  214  252  345  955  729   18  832  864  634  379  500  487  690  759  910  701  354  276  104  280  381  931  710  820  901  342  936  380  897  514  393  447  735  447  818   29   58   51   84  422  424  
599  407  458  190  753  130  993  984  863  422  692  412  819  837  220  321  584  905  160    0   28  211  263  858  520  853  174  280  274    0  947  869  647  135  237  125   34  152  624  984  204  892  226  264  331  951  157  695  835   82  918  919  212  290   78  440  696  501  413   43  891  205  154  777  144  141  186  639  528  540  292  208  714  697  672  840  186   14  657  802  311  728  259  830  838  277  229    3  225  869  604  889  580  345  389  749  135  529   37  629  194  114  690  277  970  766  758  910  893  582  902  570  865  278  477  289  536  943  666  465  
326  630  763   48  478  432  577  220    7  566   78  563  433  300  223  201  801  308  309  718   32  372  288  605   80  778  207  476  566  947    0  968  979  735  741   39  224   78  806  921   36  981  522  779  832   93   76  900  616  812  994  865  550  697  316  656  179  680  212  820  340  313  590  737  581  564  786  155  336  614  932  408  619  552  647  866  490  678  813  574  705  357  788  693  193  189  743  255  346  675  854  391  449   89  490  437  258  959  482  106  792  458   44  738  290  114  947  915  552  304  613  663  977  413  775  466  660  787  901  774  
 36  394  512  226  548  645  557  226  535  852  738  440  397  924  303  402  616  994  776   59   26  875  629  623  744  837  240  450  586  869  968    0  696   14  704  278  312  798  325  156  961  988  526  539  273  966  900  614  612  944  664   95   60  403  453  577  435  674   86  473  353  290  721  933   18  185  852  716  905  883  175  145  676  531   93  845  933  910  528  633  430  999   27  940  367  896  632  114  863  787  308  915    5  155  358  618  976  830  567  841  202  323  301  262  368  117  638  185  427  976  358  627  139  826  706  120  567  489  708  655  
120  887  944  517  595  292  118  158  298  840  245  513  828  483  450   50  925  502   36  354  206  180  364   28  572  442  194  326  300  647  979  696    0  438  262  986  340  776  189  698  262  904   42  547  559  457  279  978  295  352  759  890  673  595   92  296  997  912   10  335  465  234  345  156  389  492  606  560  795  454  632  787   75  627  155   72  632  113  277   16  112  729   69  738  758  573  103  705  941  692  172  218  831  784  262   70  228  860  468  699  970  394  825  141  227  149  227  680  996  432  484  954  617   60  725  351    4  564  294  118  
633  614  992  856  592  576  851   12   93  764  413    9  150  682   25  675  412  408  624  429  576  374  879  947  569  579  176  601  220  135  735   14  438    0  366   48  300  520  129  803   97  628  598   20  799  765  247  765  809  558  261  878  251  181  119  283  593  280  569  419  117   66  607  514  371  359  777  389  645  211  915  927  990   71  128  170  487  267  322  364  895  983   24  697  184  145  751  930  270  342  254  216  167  756  576  957  420  291  719  537  741  969  991  730  932  562   52  761  605  352  743  343  735  788  630  345  975  925   24  819  
633  517  706  788  474  857  513  394  809  563  479  526  333  788  294  656  403  230  718  318  730  992  202  991  812  328  381  227  917  237  741  704  262  366    0  742  908  422  785  361  896  586  768  936  270  420   87  877  259  217  664  513  117  847  332  417  616  961  570  536  167  718  941  101  431  885  723  928  712   72  375  731  560   80   29  741  142  265  798  952  604  966   38  887  477  766  510  149  336   91  655  445  468  265  656  798  787  922  942  771  595  636  109  142  741  913  507  736  641  395  944   89  636  683  467  799  973  766  789  969  
828  994  122  200  237  549   43  739  486  388   81  499  699  987  331   62  404   77  507  876  485  548  290  796  413   75  238  926  572  125   39  278  986   48  742    0  891  638  450  713  582   30  874  342  596  917  449  748  457  389  197  254  773  104  180  457  728  746  660  989  605  936  181  770   22  693   22  781  775  406  608  676  543  274  884  657   18  145   61  778  929  288  160  986   40  616  692  996  451  167  920  130  759  866  188  169  872  674  162  292   31  114  682  326  565  591  331  759  922  248  371  906  787  195  319  855  875  279  726  806  
343  745  334  688  849   39  691  662  943  185  721  314  345  761  918  941  297  737  689  704  668  843  289  347  905  768  383  941  808   34  224  312  340  300  908  891    0   32  255  413   69  940  756  772  328  199  122  653  903  348   13  314  100  385  806  482  279  838  346  704  128    4  517  775  122  263  636  735  986  202   41  174  707  949  934  826  374  858  995  425  191  160  277  943  240  675  763  916  979  531  615  290  812  853  918  199  630    3  436  235  676  489  296  232  441  978  821  157  107   72   71  410   24  372  462   99  618  826  102  713  
183   58  788  236  991  698  463  658  737  516  874  710  708  703  302  356  660  229   70  255  484  360  684  355  985  457  976  745  314  152   78  798  776  520  422  638   32    0  239  552  319  808  956  733  832  516  175  973   95  490  955    7  668  312  631  923   35  510  439  452  130   89  778  163  298  505    3  785  992  774  767  167  587  737  929   81   81  127  398  125  664  273  739  539  978  583  108  551  825  101  203  135  926  757  770  655  871  744  503  648  968  394  679  446  774  572  615  300  222  764  252  985  414  108   45  594  547  674  679   73  
 12  279  721  216  860  181  859  940  772   10  905  634  872  850   44  441  252  746  891  858  986  699  545  319  537  336   48  921  927  624  806  325  189  129  785  450  255  239    0  860   20  669  502   93  146  526  564  959  967  283  659  677  437  523  720  861    4  753  811  990  655  321  183  637  400  347  643  366   12   48  884   85  284  298  683  685  105  829  282  178  529  661  388  711  695  974  504  372   68  600   73  911  285   50  159  271  363  812  300   67  758  166   75  610  398  957  270  408  453  538  376  765  502  926  839   43   34  194  302  513  
867  547   34  632  735  898   46  113  527  549  635  417  728  581  286   52  451  667  228  129  157  387  433  169  497  641  860  815  419  984  921  156  698  803  361  713  413  552  860    0  900  679  230  548  947  902  142  762  206  297  940  689  769  415  205  287  264  842  623  221  359  255  201  779  787  259  822   54   66  599  792  166  648  771  379  372  953   36  634  771  608  797   57  229  468  310  927  158  640    1  629  763  566  254  216    6  446  886  907  745  443  462  548  503  672  386  761  352  412  498   54  925  980  765   93  659  903  478   91  304  
727  240  605  875  698  179  800  413  326  352  420  124  217  315  694  195   88  107  230  702  797   69  964   58  627  613  162  927  831  204   36  961  262   97  896  582   69  319   20  900    0  244  384  157  244  791  778  279   51  200  598  628  234  677   67  387  551  157  148  160  693  335  721  195  907  672  219   83  257  397  232  487  833  176  760  374  258  442  246  814  988  843  701  886  988  373  127  996  515  336  565  497  909  821  814  263   58  242  947  221  921  324  470  453  433  169  416  724  307  638  145  705  103  992  794  609  475  841  732  366  
643  444  101   31  591  147  556  510  478  213  588  186  639  194  693  926  774  128  358  811  649  411  826  135  399  184   82  694  222  892  981  988  904  628  586   30  940  808  669  679  244    0  900  544  347  526  179  163  684  540  841  433   55  511  406  852  998  744  245  633   18  570  626  690  541  813  418  950  359  456  447  965   48  757  111  836   75  323  660  515  345  238  361  353   50  895  606  890  324  112  257  667   91  909  497  135  194   16  520  496  543  864  571  234  249  807  927   39  546  482  574  557  541  890  161  554  686  994  137  896  
722  150   61    7  632  617  856  579  965  159  501  104  130  937  177  961  562  239  304  468  539  149  471  407  413  396  881  393  870  226  522  526   42  598  768  874  756  956  502  230  384  900    0  602  233  933  395  486  207  968  618  147  240  108  146  821  835  175  248  396  428   29  833  864   53  142  522  367   25   30  567  373  606  616   43  318  287  440  317   80  485  905  215  468  438  194  921  798  965   78  231  124  119   11  387  333  302  930  747  544  647  328  169  663  373  171  879  615  693   47  881  610  572  585  981  341  260  927  329  728  
127  400  745  473  236  261  671  997  206   18  163  323  299  168  842   89  947  840  715  112  131  965  563  140  692  326  262   55  859  264  779  539  547   20  936  342  772  733   93  548  157  544  602    0  109  822  112  675  955  869  707  538   76  264  349  969  450  299  821  248  683  537  561  267  149  243  897  424  335  711  763  302   85  266  663  297  226  260  590  826  288  698  783  184  100  620  676  778  426  590  201  220  564  614  366  535  808  672  968  523  206  738  575  372   20  609  438  589  982  521  253  664  506  995   61  882  213  604  264  240  
221  898  239  787  215  437  804  857  814  832  641  405  964  800  374  214  856  414  672  502  805  542  146  740  293  762   43  669  620  331  832  273  559  799  270  596  328  832  146  947  244  347  233  109    0  606  953  278  289  947  378  828  811  226  992  644  424  852  639  524  111   33  106  969  653  428  648  581  957  796  477  192  119  877  476  166  586  236    0  426  603  742  813  563   82  472  194  966  687  700   16  257  961  181  197  274  341  218  769   42  162  265  396  624  385  674  443  121  263   55  645  907  350  736  184  339  150  912  388   73  
206  339  126   69  853  878  602  536  414  387  210  553  490  552  688  789  366  402  120  858  573  386  859  499  145  372  846  102  296  951   93  966  457  765  420  917  199  516  526  902  791  526  933  822  606    0  497  715  144  932  560  628  378  162  778  706   29  534  100  224  265  780  141  308  716  179   15  269  434  452  968  337  227   15  466  830   46  801  392  395  665   70  266  770  948  412  311  312  855  367  789   80  369  142  895  922   41  315  241  222  120  859  496  396  808    1  722  321  968  311  435  656  507  272  292  938  580  879  109  807  
643  576  156  283  390  141   60  342  655  986  704  238  615    4  764  696  205  375  644  858  335  974   67  838  710  901  992  609  284  157   76  900  279  247   87  449  122  175  564  142  778  179  395  112  953  497    0  421  387  385  412  585  490  783  795  177  507  806   46  907  424  642  561  747  511  139  632  901  436  360  740  524  698  121  182   70  993  149   36   55  446  323  517  709  154  474  615  603  905  501  620  735  670  391  749  524  281   63  134  260  332  838  674  219  419  326  496   99  135  679   83  226  366  966  587  965    2  715  495   25  
419  654  806  722   92  831  444  681  991  433   46  216  811  368  353  143  695  840  845  318  484  125  417   77  383  361  811  281  651  695  900  614  978  765  877  748  653  973  959  762  279  163  486  675  278  715  421    0  171   67  418  742  324  442  637  916   72  413  975  557  822  463  622  298    5  742  992   47  950  118  137  607   47  455  954  394  761  950  476  915    3  143  534  166    6  322  879  137  526  136  637  640  123   97  127  242  800  926  262  252  162  509  979  614  572  562  479  361   33  103  440  601  601  615  196  852  210   69   10  743  
 20  378  534  568  832  939  139  825  731  624  981  832  550    7  655  290  638    8  545  697  951  262  122  333  951  179   97  227  816  835  616  612  295  809  259  457  903   95  967  206   51  684  207  955  289  144  387  171    0  264  183  421  709  795  182  577  106   19  289  868  933  987  978  304  365  628  303  614  791  948   78  987  214  727  244  573  372  543   94  651   31   82  354   40  199  537  526  492  221  324  559  158   32  849  282  463  864  363  733  501  273  643  250  481  638  758  662  538   83   70  874  489  968   80  875  731  245  597  547  957  
753  990  545  362  710  210  862  543  284  325  829  322   17  182  666  746  632  449  304  412  836  104  781  304  334  282  598  502  193   82  812  944  352  558  217  389  348  490  283  297  200  540  968  869  947  932  385   67  264    0  198  533  407  767  264  641  338  637  619  340  746  348  681   71  440  312  235  477  697  345  969  769  219   16  508  991  514  687  371  102  335  682  856  311    1  851  569  684  874  997  948  596  238  943  541  885  247   66  706  637  271  848  259  951  404  345  982  270  338  847  620  932  287  945  514  806  422  342  459  146  
713  844  448  653   53  497    4  175  123  543  269   29  165  340  271  839  992   65  406  371  242  852  514  300  564  874   36  261  631  918  994  664  759  261  664  197   13  955  659  940  598  841  618  707  378  560  412  418  183  198    0  678  844  547  255  387  104  278  294  416  703  739  258  529  995  152  627  866  264  940  967   50  320  842  823  845  842   98  216  425  468  591  599  559  128  220  906   76  979   50  738  192  397   86  918  620  225   44  398  762  603  407  718  683  902  562  862  422  753  994  515  359  712  946  256  226  401  632  866  684  
422  999  803  398  825  583  897  695  858  630  932  298  978   97  650  221  587  180  296  934  988  469   85  189  713  284  370  960    7  919  865   95  890  878  513  254  314    7  677  689  628  433  147  538  828  628  585  742  421  533  678    0  899  804  501  135  164  465  211  146  122  275  714  618  763  861  337  756  126  835  545  328  350  388  230  147  384  633  491  610   92  337  636  965   12  325  360  810  470   67  719  185  152   74  895  476   26  722  841  906  196  366  409  182   16  526  659  714  165  250  962  458  301  807  892  984  390   58  207   56  
920  363  698  264   60  138  989  327    6   75  827  643  747  131  558  991  706  111  749  660  345  548  649  173  582  590  921  737  809  212  550   60  673  251  117  773  100  668  437  769  234   55  240   76  811  378  490  324  709  407  844  899    0  544  388  922  212  392   67  474  949  286  374  284  945  621  624  579  904   76  420  196  907  779   83  879  857  965  762  589  380  550   64  212  958  731  247  118  194  929  408  983  673   90  281  837  569   59   19  316   45  926  136  455  392   12  882   78  468  194   97  646   80  762  454  857  202  495  358  170  
195  825  909   48  324  226  909  212  231   90  900  867  257  205  326  797  668  344  921  443  369  284   80   16  235  377  108  442  196  290  697  403  595  181  847  104  385  312  523  415  677  511  108  264  226  162  783  442  795  767  547  804  544    0  562  204  350  677   11  733  321  963  828  853  101  851  538  497  864  764  609  871   38  143  324  948  492  456  573  521  543  713  341  647  318    8  801  182  939  813  866  941  799  478  426  152  726  134  131  913  658  870  406  399  733  568  468  706  275  251  943   75  419  844  258  489  616  291   70  861  
961  644  305  208  695  724  293  156    4  650  810  251  435  459  356  366   19  898  998  989  126  686  190  892  417   97  523  814  864   78  316  453   92  119  332  180  806  631  720  205   67  406  146  349  992  778  795  637  182  264  255  501  388  562    0  188  904  973  471  838  586  903  768  246  609  889   31  259  386  432  283  937  633   79  309  946  946  773  574  142  653  605  743  283  996  863   52  484  198  171  982  410   97  832  401  986   79  945  101  170  645  194   17  810   16  187  598  721  311  428  807  227  172  621   64  186  113  417   51  808  
837  214  775  423  409  542   95  804  705   27  662  921  637  443  304  259  246  667  432  222  937  277  624  695  863   47  254  232  494  440  656  577  296  283  417  457  482  923  861  287  387  852  821  969  644  706  177  916  577  641  387  135  922  204  188    0  470  513  218  823  917  343  967  770  781  331  268  753  934  300   99  865  109   17  988  779  135  363  206  815  477  464  181  759  911  963   84  737   78  902  661  751  231  735  421  713  835  609   76  143  864   15  890   61  943  292  411  436  486  861  841  299  114  533  725  895  370  616  961  439  
194  153  494  235  707  221  785  384  594   20  613  823  805  550  989  366  759  695  371  570  959  277  549  563  774  556  361  555  171  696  179  435  997  593  616  728  279   35    4  264  551  998  835  450  424   29  507   72  106  338  104  164  212  350  904  470    0  627  946  861  787  470  923  751  295  717  365  855  674  143  281  281  562  965  764  408  767  926  862  672  620   56  909  354  321  245  367  774  609  766  850  981  768  464  775  460  432  793  465  798  921   60  168  681  648  932  208  558  170  886  420  229  663  799  489  866   53  915  957  645  
663  339  489  942  776  515  712  949  512  800  355  638  501  721  968   79  436  483  743  115  894  603  608  418  550   93  957  543  105  501  680  674  912  280  961  746  838  510  753  842  157  744  175  299  852  534  806  413   19  637  278  465  392  677  973  513  627    0  256  365  391  157  265  109   45  661  570  832  786  473  758  352  695  423  696  614   60  878  327  684  254  528   57   92  804  784   95   52  747  408   40  283  328  390  186   22  843  358  592  862  376  988  347  968  818  570  454   56  893  438  261   64  192  406  537  343  185  592   91  736  
477  774    9  462  420  103  764   98  412  725  487  244  331  644  820  384    3  313  542  220  133  943  138  467  540  112  403   85  273  413  212   86   10  569  570  660  346  439  811  623  148  245  248  821  639  100   46  975  289  619  294  211   67   11  471  218  946  256    0  515  430  968  323  172   49  301  825   97  602  632  351  584  393  534  409  376  561   11  211  669  948   31   84  129  757  618  248  374  152  350  259  347   25  289  287  436   62  718  282  547  434  188  988  102  387  895  749  961  488   96  926  655  829  202  853  164  488  809  509  529  
 75  462  768  367  837  541  721   69  221  399  498  942   43  179  770  724  719    7  629  170  716  740  241  676  110  851    0  389  249   43  820  473  335  419  536  989  704  452  990  221  160  633  396  248  524  224  907  557  868  340  416  146  474  733  838  823  861  365  515    0  675  367  193  525  830  169   15  612  982   91  409  606  315  961    6  128  453  918  601  550  503   98  701  633  898  787  548  449  731  800  462  736  325  210  330  298  564  369  381  203  818  925  143  851   33  409  279  431  317  826  228  969  101  566  700  853  682   81  607   99  
767  989  433   13  546  965  976  744   25   26  434  735  333  920  267  303  931  994  182  429  501  717  328   15  188  818  666   39  141  891  340  353  465  117  167  605  128  130  655  359  693   18  428  683  111  265  424  822  933  746  703  122  949  321  586  917  787  391  430  675    0  601  989   32  642  720   33  157  542  482  716  743  112   84  603  489  614    8    2  631  280   94  466  353  300  785   36   54  157  705  920   27  861  432  775  530   16  674  277  393  155  261  388  169  225  504  793  742  678  194   47  446  995  135  437   13  857  683  233  861  
683  668  812   80  406  182  256  653   36   38  898  466  409  906  553  553  951  615  603  560  930  900    2  918  993  872  932  733  356  205  313  290  234   66  718  936    4   89  321  255  335  570   29  537   33  780  642  463  987  348  739  275  286  963  903  343  470  157  968  367  601    0  793  986  727  892  484  486  288  250  646  503  489  493  178  327  278   36  698  984  951  777  901  283  574  335  751  425  701  485  968  168  231  149  557  885   38  295  887  733  181  599  714  752  972  559  894  270  591  411  863  193  677  163   94  408  244   20  332  407  
314  825  206  676  155  893  822  575  586  271  455  261  590  715  509  122  588   52  789  293  665  682  214  888  405  663  584  393  360  154  590  721  345  607  941  181  517  778  183  201  721  626  833  561  106  141  561  622  978  681  258  714  374  828  768  967  923  265  323  193  989  793    0  526  939  576  481  994  317  887  109  187   73  492  536  678  364  901   41  957  986  151  834  216  772  290  564  567  293  330  695  460   29  229  490  218  517  601  655  739  593  221  354  483  636   65  534  866  890  614  700  266  477  216  308  216  942  268  591  293  
615  794  151  673  733  140  968  229   25  229  965   68  936  310  310  676  910  661  642  727  429  381  789  617  772  737  854  634   35  777  737  933  156  514  101  770  775  163  637  779  195  690  864  267  969  308  747  298  304   71  529  618  284  853  246  770  751  109  172  525   32  986  526    0  920  407  553  876  511  460    9  288  520  426   93  837  505  384  692  582  849   59  174  511  864   57  791  227  724  150  161  990  684  825  999  992  541  243  360  951  163  874  205  385  638  971  759  245  354  713   91  189  916  103  243  920  834   89  495  764  
696  797  684  631  139  772  347  105  335  912  814  788  194  439  116  837   21  901  973  376  388  707  412  237  137  505  681  624  331  144  581   18  389  371  431   22  122  298  400  787  907  541   53  149  653  716  511    5  365  440  995  763  945  101  609  781  295   45   49  830  642  727  939  920    0  655  234  184  379  776  867  960  613  341  533  895  765  453  171  564  648  756  795  986  360  870  691  581  466  662  520  231  428  476  678  271  453  902  217  811  558  847  116  864  962  899  237  643  768  776  112  738   43   94  691  460  713  866  929  262  
181  615  948  135  941  274  392  814  213  465  848  405  201  382  348  784  596  258  387  289  445   59  490  483  667  368  913  887  494  141  564  185  492  359  885  693  263  505  347  259  672  813  142  243  428  179  139  742  628  312  152  861  621  851  889  331  717  661  301  169  720  892  576  407  655    0  578  670  974   94  244  558  920   88  186  357  329  271  883  927  531  505  796    1  757  786  208   44  341  136  966  988  483  189  825  626  427  523  475  497  454   70  945  545  427  966  291  649  973  952  219  634  668  256  763  403  242  576  960  806  
