50

  0  489  292  581  844  318  702  228  623  736  371   93  256  801  584  258  612  885  818  183  885   73  888  108  978  902  802  993  660  938  345  694  325  437   57  529  392   24   50  864  738  603  560  231  230  665  381  604  162  336  
489    0  245  152  371  513  271  770  930  966   81  852   48  854  408  845  168  360   45  415  223  276   51  361   38   24  290  387  926  184  332  606  384  830  293    2  938  599  550  958  253  643  510  577  298   94  266  193  852  587  
292  245    0  199  507  596  840   50  853   85  976  119   24  818  734  911   25  426  997   78  634  599  163  338  593  860  281   34  813  545  521  775  915  458  724   16  833  309   46  846  782  147  174  999  916  385   93  108   94  509  
581  152  199    0  550  288  527  690  484  432  415  900  403   88  392  773  577  840  498  700  944  643  372  115  521  305  215  220  530  879  676  922  817  542  925  547  884  613  512  924  484  894  198  215  458  495  631  737   60  718  
844  371  507  550    0  646  662  242  693  301  385  957  944  786   12  633  367  294  617  368  858  691  515  960  888  965  109  803  792   17  189  224  271  783  369  533  665  385  859  389  161  412   53  884  702  895  518  131  347  692  
318  513  596  288  646    0  406  673  888  909  830  976  783  583  290   91  328  860  747  196  318  338  905  582  227  874  116  833  724  450   25  926  253  381    5  295  551   74   21  125  639  584  855  683  787  404  187  707  547  453  
702  271  840  527  662  406    0  612  167  438  846  890  543  743  950  103  961  946  331  284  612  240  361  298  728  534  415  833  634  756  554  427   76  876   73   39  746  786  986  413  774  960  191  659  181  521  931  547  931  774  
228  770   50  690  242  673  612    0  260  367  596  682  533  105  524   87  699   80  291   65  615  539  354  514  534   31  959  953   14  478  243  393  309  232  389  723  959  704  575  322  785  500  922  483  289  292  671  484  947   59  
623  930  853  484  693  888  167  260    0  627   23  998  832  128  283  689  595  287   11  477  135  299  234   87  471  182   51  643  414  710  745  376  799  790  124  933  430  253  828  109  203  723   87  658  616  891  119  554  360  295  
736  966   85  432  301  909  438  367  627    0   56  869  870  212  837  437  249  329  810   87  399  795  602  190  480  742  104  612  987  441  757  836  505  810  283  965  612  871  817  426   26  679  841  547  537  352  282  732  684  927  
371   81  976  415  385  830  846  596   23   56    0    9  122  770  604  814  353  234  361  462  240  758  451  214  818  703  420   34  474    2  854  806  173  517  424  567   94  159   50  323  394  694  757  739  218  763  341  754  132  475  
 93  852  119  900  957  976  890  682  998  869    9    0  144  913  618  614   95  153  887  547  445  869  767  833  835  459  615  674  502  440   21  708  258  649  789  252  598  315  191  437   92  183  783  623  675  280  726   76   22  614  
256   48   24  403  944  783  543  533  832  870  122  144    0  554  723  161  670  810  724  377  919  732  496  549  731  568  305  251  324  639  977  858  400  909  173  118  225  627  281  875  796  307  686  872  818  696  434  817  212  345  
801  854  818   88  786  583  743  105  128  212  770  913  554    0   54  313  930  880  552  583  707  217  331  282  229  761   96  836  777  553  861  305  827  315  764  692   43  734  216  871  851   15  343  873  188  649  677  308  520   86  
584  408  734  392   12  290  950  524  283  837  604  618  723   54    0  138  824  807  802  123  719   18  399  554  621    0  655  514  336  549   22  684  583  543   18  193  435   41  459    1  637  985  942  621  287  633  572  162  468    7  
258  845  911  773  633   91  103   87  689  437  814  614  161  313  138    0  755  236  789  617  103  144  854  632  252  158  452  569  682  268  978  498  975  726  900  559  187  596  585  567  838  752  464  150  284  312   49  708  670  504  
612  168   25  577  367  328  961  699  595  249  353   95  670  930  824  755    0  814  915  534  539  534  446  695  686  191  110  504  267  598  716  538  892  694  736  991  500  392  721  398  991  491  792   38  244  185  981  674  776    6  
885  360  426  840  294  860  946   80  287  329  234  153  810  880  807  236  814    0  222  204  135  595  806   36  890  200   26  425  307  820  127  920  182   76  286  132  122  408  775  976  160  655  518  843  975  926  200  862  486  580  
818   45  997  498  617  747  331  291   11  810  361  887  724  552  802  789  915  222    0  408  699  261  919  150  188  359  449  420   73  979  362  432  449  708  598  316  741  147  413  437  748  231  217  593  561  161  534  382  447  413  
183  415   78  700  368  196  284   65  477   87  462  547  377  583  123  617  534  204  408    0  626  989  450  127  144  716  659  311  627  618  303  764  763  193  313  681  154  394  112  498  860  430  875  961  554  690  233  574  421  962  
885  223  634  944  858  318  612  615  135  399  240  445  919  707  719  103  539  135  699  626    0  567   91  347  220  550  502  695  205  717  348  330  848   46  126  844  568  585  891  814  642  356  766  140  873  820  975  432  924  943  
 73  276  599  643  691  338  240  539  299  795  758  869  732  217   18  144  534  595  261  989  567    0  705   93  969  683  820  651  754  873  336  346  166   60  316  333  743  688  184  515  277  621   50  370  872  371  586  548  909  406  
888   51  163  372  515  905  361  354  234  602  451  767  496  331  399  854  446  806  919  450   91  705    0  913  329  225  299  626  192  615  306  282  828  209  454  489  380  294  223  223  828  824   75  163  982  904  168  245  644  123  
108  361  338  115  960  582  298  514   87  190  214  833  549  282  554  632  695   36  150  127  347   93  913    0  444  482  269   89  889  259  575  955  725   55  898  129  110  331  299  378  237  861  759  268  305  417  936  416  933  742  
978   38  593  521  888  227  728  534  471  480  818  835  731  229  621  252  686  890  188  144  220  969  329  444    0  591  760  541  996  457  251   54   82  115  115  414  590  920  687  480   81  637  852  746   99  747  544  484  653  707  
902   24  860  305  965  874  534   31  182  742  703  459  568  761    0  158  191  200  359  716  550  683  225  482  591    0  133    7  620  499  626  250  276  131  866  980  428  396  252  978  153  683  952  280  238  197  737  101  460  912  
802  290  281  215  109  116  415  959   51  104  420  615  305   96  655  452  110   26  449  659  502  820  299  269  760  133    0  642  521  704  636  640  303  321  752  541  963  878  737  888  931  747  125  898  160  723  464  448  843  608  
993  387   34  220  803  833  833  953  643  612   34  674  251  836  514  569  504  425  420  311  695  651  626   89  541    7  642    0  564  733  674  259  670  435  332  577  343  225  501  953  932  758  895  745  605  190  338  320  816  700  
660  926  813  530  792  724  634   14  414  987  474  502  324  777  336  682  267  307   73  627  205  754  192  889  996  620  521  564    0  705  718  778  491  625   65  779  329  187  848  444  189   27  296   97  627  569   15  956  782  468  
938  184  545  879   17  450  756  478  710  441    2  440  639  553  549  268  598  820  979  618  717  873  615  259  457  499  704  733  705    0  704  298  388  566   35  593  537  684   70  431  760  226  801  913  148   94  493  421  863  704  
345  332  521  676  189   25  554  243  745  757  854   21  977  861   22  978  716  127  362  303  348  336  306  575  251  626  636  674  718  704    0  351  867  247  558  288  420  589   90  870  127  874  717  831  987  481  715  447  950  329  
694  606  775  922  224  926  427  393  376  836  806  708  858  305  684  498  538  920  432  764  330  346  282  955   54  250  640  259  778  298  351    0  608  467  320  430  837  841  343  419  909  933  206  921  900  141  372  614  347   60  
325  384  915  817  271  253   76  309  799  505  173  258  400  827  583  975  892  182  449  763  848  166  828  725   82  276  303  670  491  388  867  608    0  975  669  909   97  706  822  582  655  712  713  516  730  734  581  976  687  712  
437  830  458  542  783  381  876  232  790  810  517  649  909  315  543  726  694   76  708  193   46   60  209   55  115  131  321  435  625  566  247  467  975    0  303   51  486  627   58  272  611  365  688  425  558  386  207  450  222  965  
 57  293  724  925  369    5   73  389  124  283  424  789  173  764   18  900  736  286  598  313  126  316  454  898  115  866  752  332   65   35  558  320  669  303    0  251  587  385  838  332  640  316  992  363  211  148  811  607  363  838  
529    2   16  547  533  295   39  723  933  965  567  252  118  692  193  559  991  132  316  681  844  333  489  129  414  980  541  577  779  593  288  430  909   51  251    0  997  347  356  543  568   57  715  732  700  992  882    7  932  397  
392  938  833  884  665  551  746  959  430  612   94  598  225   43  435  187  500  122  741  154  568  743  380  110  590  428  963  343  329  537  420  837   97  486  587  997    0  305  620  153  807  724  383   65  432  902  927  878  498  397  
 24  599  309  613  385   74  786  704  253  871  159  315  627  734   41  596  392  408  147  394  585  688  294  331  920  396  878  225  187  684  589  841  706  627  385  347  305    0  376  743   18  930  883  245  794  622  221  980  409  603  
 50  550   46  512  859   21  986  575  828  817   50  191  281  216  459  585  721  775  413  112  891  184  223  299  687  252  737  501  848   70   90  343  822   58  838  356  620  376    0   41  248  754  951  265  261  449  950  453  212  392  
864  958  846  924  389  125  413  322  109  426  323  437  875  871    1  567  398  976  437  498  814  515  223  378  480  978  888  953  444  431  870  419  582  272  332  543  153  743   41    0  308   90   11  605  964  112  722  147  451  655  
738  253  782  484  161  639  774  785  203   26  394   92  796  851  637  838  991  160  748  860  642  277  828  237   81  153  931  932  189  760  127  909  655  611  640  568  807   18  248  308    0  693  673  988  259  542  289  574   66  565  
603  643  147  894  412  584  960  500  723  679  694  183  307   15  985  752  491  655  231  430  356  621  824  861  637  683  747  758   27  226  874  933  712  365  316   57  724  930  754   90  693    0  396  736  784  465  582  797  365  761  
560  510  174  198   53  855  191  922   87  841  757  783  686  343  942  464  792  518  217  875  766   50   75  759  852  952  125  895  296  801  717  206  713  688  992  715  383  883  951   11  673  396    0  100  173  801  745  420  437  670  
231  577  999  215  884  683  659  483  658  547  739  623  872  873  621  150   38  843  593  961  140  370  163  268  746  280  898  745   97  913  831  921  516  425  363  732   65  245  265  605  988  736  100    0  206  334  629  874  354  980  
230  298  916  458  702  787  181  289  616  537  218  675  818  188  287  284  244  975  561  554  873  872  982  305   99  238  160  605  627  148  987  900  730  558  211  700  432  794  261  964  259  784  173  206    0  204  232   53  605  743  
665   94  385  495  895  404  521  292  891  352  763  280  696  649  633  312  185  926  161  690  820  371  904  417  747  197  723  190  569   94  481  141  734  386  148  992  902  622  449  112  542  465  801  334  204    0  260  610  577  438  
381  266   93  631  518  187  931  671  119  282  341  726  434  677  572   49  981  200  534  233  975  586  168  936  544  737  464  338   15  493  715  372  581  207  811  882  927  221  950  722  289  582  745  629  232  260    0    5  957  213  
604  193  108  737  131  707  547  484  554  732  754   76  817  308  162  708  674  862  382  574  432  548  245  416  484  101  448  320  956  421  447  614  976  450  607    7  878  980  453  147  574  797  420  874   53  610    5    0  449  116  
162  852   94   60  347  547  931  947  360  684  132   22  212  520  468  670  776  486  447  421  924  909  644  933  653  460  843  816  782  863  950  347  687  222  363  932  498  409  212  451   66  365  437  354  605  577  957  449    0  817  
336  587  509  718  692  453  774   59  295  927  475  614  345   86    7  504    6  580  413  962  943  406  123  742  707  912  608  700  468  704  329   60  712  965  838  397  397  603  392  655  565  761  670  980  743  438  213  116  817    0  

  0  233  381   67  906  364  378   52  699  978   53  278   46  163  913  767  279  823  815  386  190  283  521  131  178  422  350  451  516  916  711  207  502  570  889  896  349  460  885  450  599  286  506  128  771  573  541  382  829  237  
233    0  445   89  575  215   53  628  902  648  430  194  838  359  932  719  448  531  205  779  617  272  542  477  379  834  662   78  193  697  422  468  384  742  100  289  565  505  193  779   68  847  749  363  517  179  830  580  330  607  
381  445    0  465  782  121  378  425  604   52  649    5  984  850  919  394  848  172  995  562  345  846   42  881  391  801  192  365  503  944  580  389  812  509  579  577  686  713   85  542  823  778  751   32  920  634  746  813  445  673  
 67   89  465    0  670  886  805  694  134  363  590  293  999  249  504  800  869  364  334  347  557  959  483  942  150  521  739  664  970  867  515  298  860  509  449  430  227  183  403  971  771  562  162  306  573  777  744  890   58  320  
906  575  782  670    0  142  360  824  917  347  114  871  397  551  818  190  279  642  486  685  758  146  694   85  325  409  688  396  266  931  697  497  278  415  637  540  274  730  390  425   35  572    3  160   43  652  668  441  717  981  
364  215  121  886  142    0  777  207  389  163   89  842  703  658  874  473   79   89  739  958  491  929  569   80  772  509  748  319  512  418  826  983   30  129  538  803  765  796  526  289  486  262  236  399  217   52  897  754  436  892  
378   53  378  805  360  777    0  863  764  858  548  832  486  223   58  517  476   19  890   14  671  617   83  387  458  384  568  247  646  878  306  328  695  718  776  771  326  412  793   84  364  439   42  206  112  551   57  437  943  662  
 52  628  425  694  824  207  863    0  985  473  578  397  632   83  264  383  520  954  530  307  748  129  747  803  306  226  312  165  954  190  632  428  345  181  466  278  720  585  708   28  585  455  756  533  484  872   82  274  891  353  
699  902  604  134  917  389  764  985    0  184  873  881  243  762  412  545    0  139   52  402   79  986  288   73  196   47  454  744  294  997  993  400  453  600  348  985  620  620  539  791  225  694  953  120  577  567  332  782  329   42  
978  648   52  363  347  163  858  473  184    0  289  817  904  122  386  831  905  546   54  785  821  132  450  572  373  165  715  801  969  964   41   31  943  832  469  359  470  383  886   86  803  948  540  409  587  414  620  730  885  706  
 53  430  649  590  114   89  548  578  873  289    0   73    9  815  217  324  689   30  739    7  266  861  697  822  849  544  709  389  326  104   40  234  119  744  494  509  177  644   28  332  591  866  573  105  692  579  907  830  640  365  
278  194    5  293  871  842  832  397  881  817   73    0  130  171  517  487  306  520  776  525  467  981  986   75  387  930  397  334  709  930  570   89  442  340  569  143  544  925  349  105  786  591  446  527  222  647  642  934  638  168  
 46  838  984  999  397  703  486  632  243  904    9  130    0  511  369  506  197  609  348  261  764  856  725   70  471  711  791   22  349  108  504  901  499  273  459   31  481  966  628  508  899  396  859  611  371  200  927  585   40  281  
163  359  850  249  551  658  223   83  762  122  815  171  511    0  590  643  396  646  933  510  265  642  168  533  359  583  876  172  921  912  471  228  555  645  388  789  859  881  598  509  685  172  270  269   10  937    0  543  387  500  
913  932  919  504  818  874   58  264  412  386  217  517  369  590    0  751  729  663  872  982  704  856   51  978  411  622  866  942  563  431  708  359   25  360  154  719   12  162  829  240  696  550  669  129  626  115  670  579  837  852  
767  719  394  800  190  473  517  383  545  831  324  487  506  643  751    0    7  524  833  255  866  589  658  776  575  322  857  653  770  799  892  410  601  934  760  311  932  428   75   58  717  361  759  489  558  212  725  829  171  104  
279  448  848  869  279   79  476  520    0  905  689  306  197  396  729    7    0  147  914  424  332  396  390  583  748  933  889  248  479  261  334  168   26  563  307  431  929   88  129   66  101  724  717  289   85  189  251  689  699   82  
823  531  172  364  642   89   19  954  139  546   30  520  609  646  663  524  147    0  204  702  257  103  581  720  891  433  748  928  902   61  426  321  466  934  369  523   29   19  365  597  731  883  526  492  570  278  408  153  768  914  
815  205  995  334  486  739  890  530   52   54  739  776  348  933  872  833  914  204    0  461  904   16  931  568  841  658  994  486  803   57  316  964   59  118  908  573  978  115  108  302  135  262  505  656  137  468  487  367  789  529  
386  779  562  347  685  958   14  307  402  785    7  525  261  510  982  255  424  702  461    0  558   74  465  906  428  368  681  942  617  706  832  485  574   82  826  712  620  264  772  946  750   15  959   45  723   85  591  694  437  621  
190  617  345  557  758  491  671  748   79  821  266  467  764  265  704  866  332  257  904  558    0  834  365  723   20   68  118  932  706  399  391  680  427   80  294  851  327  988  958   65    3  721  395  540  430  800  325  549  408  113  
283  272  846  959  146  929  617  129  986  132  861  981  856  642  856  589  396  103   16   74  834    0  997  832  662  674  315  155  533  189  736  508  778  593  665  449  824  895  951  347  584   91  201  862  413  538  893  955  884  257  
521  542   42  483  694  569   83  747  288  450  697  986  725  168   51  658  390  581  931  465  365  997    0  251  810  589  272   89  499  686  747  464  982  450  125  992  501  768  700  922  673  218  540  404  197  676  762  782  404  914  
131  477  881  942   85   80  387  803   73  572  822   75   70  533  978  776  583  720  568  906  723  832  251    0   65  247  545  301  763  575  349  845  939  776  555  432  854  384    6  943  980  730  414  177   35  511  694  130  200  891  
178  379  391  150  325  772  458  306  196  373  849  387  471  359  411  575  748  891  841  428   20  662  810   65    0  780  485  894  990   35   90  997  681  103  929  386  316  616  524  261  884  473  395  949  246   37  884  619  133  935  
422  834  801  521  409  509  384  226   47  165  544  930  711  583  622  322  933  433  658  368   68  674  589  247  780    0  535  941  529  929  219  764  362  725  693  825  264  126   52  986  421  370   67  181  892  462  680  116  576  278  
350  662  192  739  688  748  568  312  454  715  709  397  791  876  866  857  889  748  994  681  118  315  272  545  485  535    0  482  400  503  806  259  962  754  573  409  758  447  434  784  797   64  156  618   15  275  141  615  940   33  
451   78  365  664  396  319  247  165  744  801  389  334   22  172  942  653  248  928  486  942  932  155   89  301  894  941  482    0    9  857  417  463   80  624   36  351  858  158  310  546  216  174  916  391  548  446   12  234  436  215  
516  193  503  970  266  512  646  954  294  969  326  709  349  921  563  770  479  902  803  617  706  533  499  763  990  529  400    9    0  751  619  773  873  762  354  385  398  886  807  225  799  330  434   65  152  440  431  102  798  348  
916  697  944  867  931  418  878  190  997  964  104  930  108  912  431  799  261   61   57  706  399  189  686  575   35  929  503  857  751    0  475  385   84  839  750  198  825  678  743  287  886  688  974  745  897  908  163  618  118  775  
711  422  580  515  697  826  306  632  993   41   40  570  504  471  708  892  334  426  316  832  391  736  747  349   90  219  806  417  619  475    0   47  756  946  126  749   84  254  789  687  405  362   74  992  602  454  628  274  352  625  
207  468  389  298  497  983  328  428  400   31  234   89  901  228  359  410  168  321  964  485  680  508  464  845  997  764  259  463  773  385   47    0  277  880  804  891  370  163  944  898   96  883  721  733  780  859  790   55  140  812  
502  384  812  860  278   30  695  345  453  943  119  442  499  555   25  601   26  466   59  574  427  778  982  939  681  362  962   80  873   84  756  277    0  726  395  392  506   81  634  946   10  508  133  898  390  329  627  502   50  833  
570  742  509  509  415  129  718  181  600  832  744  340  273  645  360  934  563  934  118   82   80  593  450  776  103  725  754  624  762  839  946  880  726    0  850   59  163  707  684  372   38  829   12  444  165  662  628  623  230  274  
889  100  579  449  637  538  776  466  348  469  494  569  459  388  154  760  307  369  908  826  294  665  125  555  929  693  573   36  354  750  126  804  395  850    0  275  734  606  247  584   79  729   38  165  170  429  827  511  604  259  
896  289  577  430  540  803  771  278  985  359  509  143   31  789  719  311  431  523  573  712  851  449  992  432  386  825  409  351  385  198  749  891  392   59  275    0  208  701  741  411  342  171  316  596  183  634  286  426  105   65  
349  565  686  227  274  765  326  720  620  470  177  544  481  859   12  932  929   29  978  620  327  824  501  854  316  264  758  858  398  825   84  370  506  163  734  208    0  226  469  343  306  871  530   72  924  744  306  611  622  675  
460  505  713  183  730  796  412  585  620  383  644  925  966  881  162  428   88   19  115  264  988  895  768  384  616  126  447  158  886  678  254  163   81  707  606  701  226    0   19  865  660  677  234  141  638  478  165  292   58    9  
885  193   85  403  390  526  793  708  539  886   28  349  628  598  829   75  129  365  108  772  958  951  700    6  524   52  434  310  807  743  789  944  634  684  247  741  469   19    0  317  678  149  919  415   61  740  818  763  588  885  
450  779  542  971  425  289   84   28  791   86  332  105  508  509  240   58   66  597  302  946   65  347  922  943  261  986  784  546  225  287  687  898  946  372  584  411  343  865  317    0   66  789  543  494  686  956   59  592  522  163  
599   68  823  771   35  486  364  585  225  803  591  786  899  685  696  717  101  731  135  750    3  584  673  980  884  421  797  216  799  886  405   96   10   38   79  342  306  660  678   66    0  747  415  478  372  210  573  838  160  751  
286  847  778  562  572  262  439  455  694  948  866  591  396  172  550  361  724  883  262   15  721   91  218  730  473  370   64  174  330  688  362  883  508  829  729  171  871  677  149  789  747    0  161  288  731  586  342  373  994  222  
506  749  751  162    3  236   42  756  953  540  573  446  859  270  669  759  717  526  505  959  395  201  540  414  395   67  156  916  434  974   74  721  133   12   38  316  530  234  919  543  415  161    0  788  252  349  275  935  866  239  
128  363   32  306  160  399  206  533  120  409  105  527  611  269  129  489  289  492  656   45  540  862  404  177  949  181  618  391   65  745  992  733  898  444  165  596   72  141  415  494  478  288  788    0  553  555  356  576  392  121  
771  517  920  573   43  217  112  484  577  587  692  222  371   10  626  558   85  570  137  723  430  413  197   35  246  892   15  548  152  897  602  780  390  165  170  183  924  638   61  686  372  731  252  553    0  694  924  572  495  562  
573  179  634  777  652   52  551  872  567  414  579  647  200  937  115  212  189  278  468   85  800  538  676  511   37  462  275  446  440  908  454  859  329  662  429  634  744  478  740  956  210  586  349  555  694    0  223  428  754  973  
541  830  746  744  668  897   57   82  332  620  907  642  927    0  670  725  251  408  487  591  325  893  762  694  884  680  141   12  431  163  628  790  627  628  827  286  306  165  818   59  573  342  275  356  924  223    0  719  476  881  
382  580  813  890  441  754  437  274  782  730  830  934  585  543  579  829  689  153  367  694  549  955  782  130  619  116  615  234  102  618  274   55  502  623  511  426  611  292  763  592  838  373  935  576  572  428  719    0  611   40  
829  330  445   58  717  436  943  891  329  885  640  638   40  387  837  171  699  768  789  437  408  884  404  200  133  576  940  436  798  118  352  140   50  230  604  105  622   58  588  522  160  994  866  392  495  754  476  611    0  706  
237  607  673  320  981  892  662  353   42  706  365  168  281  500  852  104   82  914  529  621  113  257  914  891  935  278   33  215  348  775  625  812  833  274  259   65  675    9  885  163  751  222  239  121  562  973  881   40  706    0  
