80

  0  224  541  584   39  794  158  959  438  654  791  136  205  322  654  489  570  387  405    8  566  456  696  831  156  635  442  610  377   28  181  196  523   43  270  296  767  141  863  864  651  305  304  979  933  164  359   65  943  846  852  382  852  694  414   86  595  850   14  736  181  979  398  593   57  676  552  430  859  161  690  575  618  378  909  941  987  383   22   85  
224    0  755  464  673   25  490  100   26  469  255  273  429  814  463  886  323  516  209  452   37  571  209   87  858  530  680  454  941  188  778  807  598    0   10  111  373  353  342  337  520  291  251  787  420  861  549  133  374  184  500  372  246  800  457  531  259  399  464  127  704   84  142  968   76  933  224  844  201  532   92  695   73  896  644  898  696  809  830  824  
541  755    0   39  466  773  189  301  617  112  688  423  924  417  787  117  561  739  486  334  448  607  227   69  352  223  621   44  371  799  896  733    3    1  850  951  846  667  108  654  277  633  168  516  922  721  704  928  857  206  937  238  893  284  110  185  104  558  209  133  660  482  223  882   95   52  473  909   55  289  380  257  697  656   39  836  833  360  896  736  
584  464   39    0   19  418  996  596  976  431  359  634  516  612  123  197  193  826  747   12  899  885  194  101  894  194  969   82  388  529  846  663  896  496  160  235  740  462  199  211  646  616  771  408  742  338  160  699  390  947  981  231  352  332  823   78  766  576  459  272  364  919   17   96  320   83  205  655  343  537   30  473  635  476  186  635  797  735  880   56  
 39  673  466   19    0  633  912  184  545  837  744   89  895  841   26  756  134  349  308  684  792  929  777   58  479   39  621  766  331  550  951  360  864  753  863    9  228  738  351  962  531  565  199   96  702  833   24  445  214  765  501   83  544   36  642  127  343  387  362  258  592  587  445  875  289  704  643  734  875  572  238  549   43  500   60  742  217   90   90  390  
794   25  773  418  633    0  319  510  285  921  819  305  122   17  760  910  539  538  385  713  250  414  775  538  404   28  980  730  140  200   93  510  514  160  215  581  146  298  218  963  780  411  321  168  517  583  346  915  300  230   73  421  632  345  840  709   34  670  375  357  959  318  908  614  459  608  542  535  542  850  442  775  981  550  667  816  379  345  922  395  
158  490  189  996  912  319    0  951  219  506  729  831  445  611  612  971  532  318  634  241  546  396  502  927  907  878  653  809  766  961  159  549  470  830  672   32  640  316  631  554    1  459  485  333  100  372  112  713  175  148  274  389  440  464  720  902  569  894  354   93  663  743  252  875  426  251  485  927  952  475   18  923  472  724  735  647  423  440   28  877  
959  100  301  596  184  510  951    0  530  381  645  765  259  811   75  506  800  118  910  138  766  982  143  964   20  614  100  205   33  345  405  880  728  982   41  972  653  464  107  313  455  759  196   16  812  507  257  882  639  374  225  928  362  883  241  562  317  613  342  869  741  260  753  382    1   96  324  287  143  239    8  709  830  375   63   19  107  405  956  458  
438   26  617  976  545  285  219  530    0  583  757  364  910  678  177  902  683  815  581  472  721  847   29  842  385  206  379  625  469  650  531  226  205  304  697   73  163  581  616  897  409  126  259  173  881  482  727  864  697  753  492  124   97  948  484   29  734  245    9  227  266  816  255   21  736  583  389  111  880  594  371  434  767  387  677  865  247  555  524  993  
654  469  112  431  837  921  506  381  583    0  396  190  413  940  143  626  175  580  418  538  233  838  926  482  429  468  181   90  642  782  551  799  196   69  402  899  258    2   80  831  892  389  750   32  429  974   35  721  496  949  844  856  396  794  673  945  275  381  237  384  925  354  648  857  845  895  867  807  122  840  973  109  514  460  418  626  269  960  820   30  
791  255  688  359  744  819  729  645  757  396    0  424  147  768  692   34   54  260  418  563  518  697  898  932  277  165    4  342  945  322  189  810  904  924   11  979  432  582  393  622  440  631   26  289  858  881  810  621  535  450  913  376  577  641  554  273  655  505  538  716   96  250  957  476  502  721  273  747  789  736  217  822  107  951  583  565   28  620    4  808  
136  273  423  634   89  305  831  765  364  190  424    0  351  212  649  212  192  439   18  846  441  687  834  217  720  838  646  541  529  507  882  319   76   98   33  442  545  278  839  612  913  691  731  550  950  692  620  970  600  775  228  708  131  972   78  910  314  133  243  202  389  789  198  912  935  782  531  582  667  205  297  174  843   75  420  503   93  650   11  137  
205  429  924  516  895  122  445  259  910  413  147  351    0  138  710  166  817  573  986  361  579  658   75  827  376  661   12  352  498  921  160  883  695  127  524  149  906  520  982   79  713  488  422  472  548  331  568  349  674  389  586  464  532  734  873  743  105  152  848  120   86  840  793  926  400  480  787  124    8  600  749  299  586  317  104  386  214  586  164  476  
322  814  417  612  841   17  611  811  678  940  768  212  138    0  252  247  567  534  974   35  346  617  501  637  971  337  487  165  871  290  503  368  550  114  508  995  520  262  545  815  574  390  508  324  728  820   58  226  685  961  831  717  730  367  470  345  473  332  713   85  748   92  706  981  388  555  315  509  265  408  858  962  707  814  573  667  648  777  130  752  
654  463  787  123   26  760  612   75  177  143  692  649  710  252    0  865  485  227   92  610  493  981  528  762  128  416  684  866  714  698  227  214  381  890  488  939  658   17  662  939  757  901  154  257  333  452  898  637  289  293  998  817  446  847  387  591  969  637  369  783  633  607  659  965  330  193  902  975  575  513  991  752  952  901  796  415  249   88  549   97  
489  886  117  197  756  910  971  506  902  626   34  212  166  247  865    0  495  780  136  838  968    4  537  818   78  514  718  461   82  266  663  939  496  299  604  172  443  135  841  700  894  529  358  269  296  950  850  948  297  542  971  789  210  782  667  267  440  983  795  852  978   43  359  716  960  336  313  128  347  724  658  130  317  320  716  553  974  814  412  644  
570  323  561  193  134  539  532  800  683  175   54  192  817  567  485  495    0  617  371  829   96   63  156  460  107  193  533  969  692  157  828  583  239  672  944  216  537  710  247  970   19  987  696  411   19  434  823  320  788  728  969  786  516  638   40  155  767  460  203  271  924  151  930  762  397  849  487  363  671  544  619  755  594  360  189  135  396  307  416    1  
387  516  739  826  349  538  318  118  815  580  260  439  573  534  227  780  617    0  753  928  246  530  574  897  576  104  750  633  253  871  946  435  627  209  477  790  930  683  255    6  960   19  262  144  906  646  112  236  231  524  788  661  227   53  755  780  890  618  765  259  347  929  348  815  248  651  188  811  783  418  565  988  600  524  256  991  536  250  640  673  
405  209  486  747  308  385  634  910  581  418  418   18  986  974   92  136  371  753    0  249  233  453  365   90  674   72  588  823  639  289  690  547  155  994  903  661  902  498  716  244  733  139  524  657  446  820  901  626  520   18   15  119  970  656  892  644  886  598  588  260  720  611  969  241  143  578  825  260  970  930  962  804  344   72  144  871  155  584  675  319  
  8  452  334   12  684  713  241  138  472  538  563  846  361   35  610  838  829  928  249    0  495  799  726  495  653  494  715  131   36  121  511  825  174  270  156  875  343  526  446   19  939  491  648   90   14  119  381  584  565  779  956  946  418  380  854   62  985   99  466  892  997  718   95  351  798  204  741  280  440  907  361  621  500  888  883  984  716  832  250  250  
566   37  448  899  792  250  546  766  721  233  518  441  579  346  493  968   96  246  233  495    0  451  970  918  308  210  425  477  168  508  567  927   35  672  571  672  770  892  941    6  699  662  530  702  106   58  731  427  432  456  705  937  305  657   83  439  521  241  970  392   63  963  840  367   16  515  614  435  876  835    9  370  254  178  769  131  667  807  655  943  
456  571  607  885  929  414  396  982  847  838  697  687  658  617  981    4   63  530  453  799  451    0   58  232  901   95  574  229  619  950  905  807    6  982  808  207  206   11  194  281  645  757  542    1  497  309  467  467  553  438  222  812  515  950  574  557  137   14  625  635  673  367  471  347  551   87  743  404  685  289  955  382  337  105  281  520  631  992  210  410  
696  209  227  194  777  775  502  143   29  926  898  834   75  501  528  537  156  574  365  726  970   58    0  803  106  840  724  312  611  935    6  485  704  331  357  242   97  255  493  171  391  578  976  460  962  855  978  504  130  500  806   58  251  483  888  368  776  479  476  707  983   88  242  354  380  657  941   62  172  700  820  806  468  344  381  195  543  774  441  757  
831   87   69  101   58  538  927  964  842  482  932  217  827  637  762  818  460  897   90  495  918  232  803    0  408  575  320  270  821  779   28  401  531  724  643  884  682  942  251  859  223  295   52  354  495   94  513  680   25  671  133  150  441  796  992  290  306  456  738  607  477  648  583  924  273  724   11  670  468  367  717  269  696  797  763  859  848  324  846  592  
156  858  352  894  479  404  907   20  385  429  277  720  376  971  128   78  107  576  674  653  308  901  106  408    0  735  650  230  865  525  753  174  792  501  429   78  448  804  110  497  579  186  162  389  219  693  795  583  275  149  563  239  962  162  984  424  620  485  353  784  770  895   44   20   41  490  444  698  283  233  241   71  467  284  925   55  127  719  950  310  
635  530  223  194   39   28  878  614  206  468  165  838  661  337  416  514  193  104   72  494  210   95  840  575  735    0  866  306  565  490  894  522    4  169  753  515  148  955  971  263  351  677  560  642  375  680  965  680  221  947  745  703  746   29  440  711  189  469   41  408  628  485   27  933  912  367  804  590  411  265  788  695  284  703  344  613  627  779  180  417  
442  680  621  969  621  980  653  100  379  181    4  646   12  487  684  718  533  750  588  715  425  574  724  320  650  866    0  493  621  451  244  907  878  236  772  601  525   64  176  447  298  966  932  139  533  614  879  217   95  929  214  127  417  975   63  964  183  503  988  249  603  805  212  205   92  940  832  851  433  448  409   85  593  965  258  247   11  626  629  757  
610  454   44   82  766  730  809  205  625   90  342  541  352  165  866  461  969  633  823  131  477  229  312  270  230  306  493    0  955  486  567  794  329  555  366   78  729  776   18  958  279  526  678  624  532  545  627  996  566  985    1  668  843  526  855  138  484  412  277  131  532  429   92  284  125  756  783  939  729  208  480   23  657  998    8  583  486  411  623  174  
377  941  371  388  331  140  766   33  469  642  945  529  498  871  714   82  692  253  639   36  168  619  611  821  865  565  621  955    0  835  865  228  493  881  492  902  716  481  939  482  512   77  924  794  800  595  177  698  643  291   47  936  868  581  425  265  725  289  130  158   26  731  549  494  923    6  637  282  580  466  211  422  215   62  605   46  861  945  379  986  
 28  188  799  529  550  200  961  345  650  782  322  507  921  290  698  266  157  871  289  121  508  950  935  779  525  490  451  486  835    0  764  147   83   70  706  967  477  873  152  893  420  396  465  437  596  483  159  481  152  984  127  166  802  486  930  456  479  187  590  844   23  997  233  423  863  873  956  960  609   57  868  930  763   82  605  668  269  699  236  150  
181  778  896  846  951   93  159  405  531  551  189  882  160  503  227  663  828  946  690  511  567  905    6   28  753  894  244  567  865  764    0  889  133  425   28  942  865  163   62  909   46  167  460  492  193   91  726  933  772  873  986  488  948  359  281  122  898   70    1  239  532  569  565  999  411  515  481  814  239  771  818  552  678  612  474  791  966  770  743  468  
196  807  733  663  360  510  549  880  226  799  810  319  883  368  214  939  583  435  547  825  927  807  485  401  174  522  907  794  228  147  889    0  980  366  277  850  919   55   15   74  171  701  930    0  884  351  950  784  343  598  583  469  348  298  970  717  789  860  424  471   89  254  753   24  855  475  427  532  623  820  854  643  683  511  310  594  602  559  307  675  
523  598    3  896  864  514  470  728  205  196  904   76  695  550  381  496  239  627  155  174   35    6  704  531  792    4  878  329  493   83  133  980    0  814   47  878  960  454  507  123   59  548   96   21  939  224  322  144  688  408  902  225  360  245  526  734  717  176   71  958  376  452  541  150  970  827  581    0  693  339  730  534  992  883  285  997  927   13  519  405  
 43    0    1  496  753  160  830  982  304   69  924   98  127  114  890  299  672  209  994  270  672  982  331  724  501  169  236  555  881   70  425  366  814    0  264  744  783  172  840  351  104  354  509  605  571  779  173   18  810  567  472  969  113  373  441  902  931  291  230  252  860  335  638  981  937  498  722  805  664  918  657  327  888  909  226  288  473  812  703  616  
270   10  850  160  863  215  672   41  697  402   11   33  524  508  488  604  944  477  903  156  571  808  357  643  429  753  772  366  492  706   28  277   47  264    0  194  746  728  543  596  564  603  135  275  995  970  497  701  562  321  555  769  369  297   56  664  861  485   13  281  880  609  779  374  524  857  833  703  470  450  428  717  395  234  439  112  806  540  235  662  
296  111  951  235    9  581   32  972   73  899  979  442  149  995  939  172  216  790  661  875  672  207  242  884   78  515  601   78  902  967  942  850  878  744  194    0  164  676  113  397  108  937  405  965  615  329  277  555  735  134  472  357  718  926  660  351  925  323  527  510  668  670  693  419   29  740  668  890  304  945  696  558  193  525  835  169  854  539  598   66  
767  373  846  740  228  146  640  653  163  258  432  545  906  520  658  443  537  930  902  343  770  206   97  682  448  148  525  729  716  477  865  919  960  783  746  164    0  708  440   58  668  584  461  805  669  643  610  485   96   81  848  216  157  238  957  296  464  861  684  569  123  815  791  590  886  781  381  688    7  617  669  270  510  467  170  426  592  622  427   26  
141  353  667  462  738  298  316  464  581    2  582  278  520  262   17  135  710  683  498  526  892   11  255  942  804  955   64  776  481  873  163   55  454  172  728  676  708    0  348  686   57  208  691  429  398  343  717  741  386  494  674  128  837  996  350   71  740  219  351  779  351  560  424  339   74  311  925  967  479  112  619  236  161  511  919  732  700  180  916  379  
863  342  108  199  351  218  631  107  616   80  393  839  982  545  662  841  247  255  716  446  941  194  493  251  110  971  176   18  939  152   62   15  507  840  543  113  440  348    0  277  378  423  816  574  589  393  920  577  115   20  650    7  347  407  328  155  509  138  587  501  884  959  140  683  767  197  436  943  323  375  524  155  604  276  639  607  217  969   10  244  
864  337  654  211  962  963  554  313  897  831  622  612   79  815  939  700  970    6  244   19    6  281  171  859  497  263  447  958  482  893  909   74  123  351  596  397   58  686  277    0  157  369  924  760  389  289  238  129  547  355  381  183   27  523  880  361   80  281  396  642  437  281   67  361  892  127   14  807  353  533  811  990  355  829  125    9  694  361  292  160  
651  520  277  646  531  780    1  455  409  892  440  913  713  574  757  894   19  960  733  939  699  645  391  223  579  351  298  279  512  420   46  171   59  104  564  108  668   57  378  157    0  466  443  476  859  436  190  586  993  723  722  880  811  316  756  900   75  833  452  763  965  295  918  884  944  710  273  276  282  204  192  768  122  406   62  813  161  971  536  943  
305  291  633  616  565  411  459  759  126  389  631  691  488  390  901  529  987   19  139  491  662  757  578  295  186  677  966  526   77  396  167  701  548  354  603  937  584  208  423  369  466    0  501  266  531  550  165  766  968  758  829  502  932  103  867  311  314  173  122  574  821  395  784   40  777  859  794  847  624  391  944  881  529  901  900  501   60  451  726  858  
304  251  168  771  199  321  485  196  259  750   26  731  422  508  154  358  696  262  524  648  530  542  976   52  162  560  932  678  924  465  460  930   96  509  135  405  461  691  816  924  443  501    0  156  678  123  755  281  318  456  200  124   66  324  280  217  656  507  765  903  742  455  896  168  991  798   46  554  895  376  507   64    4  364  583  799  758  776  532  541  
979  787  516  408   96  168  333   16  173   32  289  550  472  324  257  269  411  144  657   90  702    1  460  354  389  642  139  624  794  437  492    0   21  605  275  965  805  429  574  760  476  266  156    0  686  538  145  586  109  211  757  648  925  295    0  685  611  545  908   51  166  875  883  933  457  355  682  885  408  603  281  138  863  712  961  280  953  993  119  693  
933  420  922  742  702  517  100  812  881  429  858  950  548  728  333  296   19  906  446   14  106  497  962  495  219  375  533  532  800  596  193  884  939  571  995  615  669  398  589  389  859  531  678  686    0  756  523  862  238  559  825   41  311  730  455  835  528  484   38  170  641  211  343  193  631  923  854  200  121  880  216  598  809  554  408  454  869   71  979  548  
164  861  721  338  833  583  372  507  482  974  881  692  331  820  452  950  434  646  820  119   58  309  855   94  693  680  614  545  595  483   91  351  224  779  970  329  643  343  393  289  436  550  123  538  756    0  317  466  380  173  976  304  743  789   86  504  220  600  107  457  400  674   50  157  656  156  663  799  120   35  613  282  551  661  946  657  120  953  936  898  
359  549  704  160   24  346  112  257  727   35  810  620  568   58  898  850  823  112  901  381  731  467  978  513  795  965  879  627  177  159  726  950  322  173  497  277  610  717  920  238  190  165  755  145  523  317    0  442  829   48  940  100  460  495  875  420  208   17  420  323  283  499  951  384  484  115  799  406  768  891  831   14  805  615  848  236  117  668  512  102  
 65  133  928  699  445  915  713  882  864  721  621  970  349  226  637  948  320  236  626  584  427  467  504  680  583  680  217  996  698  481  933  784  144   18  701  555  485  741  577  129  586  766  281  586  862  466  442    0  698   31  412  178  218  689  535  629  956  755  264  591  659   77  501  560  153  882  260  571  106  690  135  165  373  457  571  578  391  535  660  544  
943  374  857  390  214  300  175  639  697  496  535  600  674  685  289  297  788  231  520  565  432  553  130   25  275  221   95  566  643  152  772  343  688  810  562  735   96  386  115  547  993  968  318  109  238  380  829  698    0  227  864  892  542  174  378  296  281  838  449  651  991  702  306  809  651  430  470  654  111  162  367  479   70  160  577   30  911   29  839  988  
846  184  206  947  765  230  148  374  753  949  450  775  389  961  293  542  728  524   18  779  456  438  500  671  149  947  929  985  291  984  873  598  408  567  321  134   81  494   20  355  723  758  456  211  559  173   48   31  227    0  936  966  964  502  482   68  332  542   21  124  815   92  299  912  886  311   32  655  835  688  995  261  282  174  343   31  245  846  924  434  
852  500  937  981  501   73  274  225  492  844  913  228  586  831  998  971  969  788   15  956  705  222  806  133  563  745  214    1   47  127  986  583  902  472  555  472  848  674  650  381  722  829  200  757  825  976  940  412  864  936    0  312  756  553  466  578  733  198  663  158  513  866  169  529  327  297  916  553  471  476  897  826   53  346  931  502  620  333  774  478  
382  372  238  231   83  421  389  928  124  856  376  708  464  717  817  789  786  661  119  946  937  812   58  150  239  703  127  668  936  166  488  469  225  969  769  357  216  128    7  183  880  502  124  648   41  304  100  178  892  966  312    0  354  484  560  634  185  797  166  672  788  418  611  144   42  606  202  605  315  588  259   31  215  113  619  278  125  529  396   35  
852  246  893  352  544  632  440  362   97  396  577  131  532  730  446  210  516  227  970  418  305  515  251  441  962  746  417  843  868  802  948  348  360  113  369  718  157  837  347   27  811  932   66  925  311  743  460  218  542  964  756  354    0  682  699  673  544  848  238  105  271  221  835   27  493  643  936  983  124  848  779  783  980    2  142   91  437  996  338  596  
694  800  284  332   36  345  464  883  948  794  641  972  734  367  847  782  638   53  656  380  657  950  483  796  162   29  975  526  581  486  359  298  245  373  297  926  238  996  407  523  316  103  324  295  730  789  495  689  174  502  553  484  682    0  370   97  313  560  160  102  422  768  154  986  617  369  626   82  358  117  729  676  590  289  399  696  475  296  434  694  
414  457  110  823  642  840  720  241  484  673  554   78  873  470  387  667   40  755  892  854   83  574  888  992  984  440   63  855  425  930  281  970  526  441   56  660  957  350  328  880  756  867  280    0  455   86  875  535  378  482  466  560  699  370    0  460  889  174  206  660  905  630  359  115  648   54  858  269  833  435  786  952  636  576  971  526  925  418  514  774  
 86  531  185   78  127  709  902  562   29  945  273  910  743  345  591  267  155  780  644   62  439  557  368  290  424  711  964  138  265  456  122  717  734  902  664  351  296   71  155  361  900  311  217  685  835  504  420  629  296   68  578  634  673   97  460    0  195  316  781  814  362  315    7  432  237  996  421  616  344  470  546  245  891  701  803  926  814  466  327  574  
595  259  104  766  343   34  569  317  734  275  655  314  105  473  969  440  767  890  886  985  521  137  776  306  620  189  183  484  725  479  898  789  717  931  861  925  464  740  509   80   75  314  656  611  528  220  208  956  281  332  733  185  544  313  889  195    0  992  416  451  813  439  606  394  242  962  562   47  766  807  968  341  662  406  886  752  494  724  348  712  
850  399  558  576  387  670  894  613  245  381  505  133  152  332  637  983  460  618  598   99  241   14  479  456  485  469  503  412  289  187   70  860  176  291  485  323  861  219  138  281  833  173  507  545  484  600   17  755  838  542  198  797  848  560  174  316  992    0  896  526  886  245  630  144  931  124  195  399  842  971  516  846  338  806  324  565  497   65  456  623  
 14  464  209  459  362  375  354  342    9  237  538  243  848  713  369  795  203  765  588  466  970  625  476  738  353   41  988  277  130  590    1  424   71  230   13  527  684  351  587  396  452  122  765  908   38  107  420  264  449   21  663  166  238  160  206  781  416  896    0  972  749  471  807   25  211  296  346  910  596   73  469  129  670  986  416  711  388  718  634  823  
736  127  133  272  258  357   93  869  227  384  716  202  120   85  783  852  271  259  260  892  392  635  707  607  784  408  249  131  158  844  239  471  958  252  281  510  569  779  501  642  763  574  903   51  170  457  323  591  651  124  158  672  105  102  660  814  451  526  972    0  372  802  864  150  139  852  515  241   31  881   81  191  438  931  529  278  336  343  237  227  
181  704  660  364  592  959  663  741  266  925   96  389   86  748  633  978  924  347  720  997   63  673  983  477  770  628  603  532   26   23  532   89  376  860  880  668  123  351  884  437  965  821  742  166  641  400  283  659  991  815  513  788  271  422  905  362  813  886  749  372    0   94  290  244  175  307  389   96   24  633  209  304   78  397  135  596  514  794  997  979  
979   84  482  919  587  318  743  260  816  354  250  789  840   92  607   43  151  929  611  718  963  367   88  648  895  485  805  429  731  997  569  254  452  335  609  670  815  560  959  281  295  395  455  875  211  674  499   77  702   92  866  418  221  768  630  315  439  245  471  802   94    0   22   32  624  429  497  419  873  770  487  697  802  684  581  562  181  824  463  421  
398  142  223   17  445  908  252  753  255  648  957  198  793  706  659  359  930  348  969   95  840  471  242  583   44   27  212   92  549  233  565  753  541  638  779  693  791  424  140   67  918  784  896  883  343   50  951  501  306  299  169  611  835  154  359    7  606  630  807  864  290   22    0  975  453  422  311  499  331  990   63  899  849  402  726  758  419  144  927  845  
593  968  882   96  875  614  875  382   21  857  476  912  926  981  965  716  762  815  241  351  367  347  354  924   20  933  205  284  494  423  999   24  150  981  374  419  590  339  683  361  884   40  168  933  193  157  384  560  809  912  529  144   27  986  115  432  394  144   25  150  244   32  975    0  811  591  365  595  475  834  550  122  994  802  222  431  465  722  383  121  
 57   76   95  320  289  459  426    1  736  845  502  935  400  388  330  960  397  248  143  798   16  551  380  273   41  912   92  125  923  863  411  855  970  937  524   29  886   74  767  892  944  777  991  457  631  656  484  153  651  886  327   42  493  617  648  237  242  931  211  139  175  624  453  811    0  475  984  531  518  603  900  243   82  250  480   91  304  947  672  270  
676  933   52   83  704  608  251   96  583  895  721  782  480  555  193  336  849  651  578  204  515   87  657  724  490  367  940  756    6  873  515  475  827  498  857  740  781  311  197  127  710  859  798  355  923  156  115  882  430  311  297  606  643  369   54  996  962  124  296  852  307  429  422  591  475    0  409  467  299  700  636  591  324  794  474  256  200  130  864  897  
552  224  473  205  643  542  485  324  389  867  273  531  787  315  902  313  487  188  825  741  614  743  941   11  444  804  832  783  637  956  481  427  581  722  833  668  381  925  436   14  273  794   46  682  854  663  799  260  470   32  916  202  936  626  858  421  562  195  346  515  389  497  311  365  984  409    0  930  615  397  790  919  437  183  541  246  152  498   13  864  
430  844  909  655  734  535  927  287  111  807  747  582  124  509  975  128  363  811  260  280  435  404   62  670  698  590  851  939  282  960  814  532    0  805  703  890  688  967  943  807  276  847  554  885  200  799  406  571  654  655  553  605  983   82  269  616   47  399  910  241   96  419  499  595  531  467  930    0  934  867  830  805  781  585  975  635  336  412  449  888  
859  201   55  343  875  542  952  143  880  122  789  667    8  265  575  347  671  783  970  440  876  685  172  468  283  411  433  729  580  609  239  623  693  664  470  304    7  479  323  353  282  624  895  408  121  120  768  106  111  835  471  315  124  358  833  344  766  842  596   31   24  873  331  475  518  299  615  934    0  589  922  503  992  728  730  635  367  375  844  574  
161  532  289  537  572  850  475  239  594  840  736  205  600  408  513  724  544  418  930  907  835  289  700  367  233  265  448  208  466   57  771  820  339  918  450  945  617  112  375  533  204  391  376  603  880   35  891  690  162  688  476  588  848  117  435  470  807  971   73  881  633  770  990  834  603  700  397  867  589    0  630  124  629   56  915  505  147  533  566  439  
690   92  380   30  238  442   18    8  371  973  217  297  749  858  991  658  619  565  962  361    9  955  820  717  241  788  409  480  211  868  818  854  730  657  428  696  669  619  524  811  192  944  507  281  216  613  831  135  367  995  897  259  779  729  786  546  968  516  469   81  209  487   63  550  900  636  790  830  922  630    0  830  592  733  285  879  801  996   66  533  
575  695  257  473  549  775  923  709  434  109  822  174  299  962  752  130  755  988  804  621  370  382  806  269   71  695   85   23  422  930  552  643  534  327  717  558  270  236  155  990  768  881   64  138  598  282   14  165  479  261  826   31  783  676  952  245  341  846  129  191  304  697  899  122  243  591  919  805  503  124  830    0   18   37  202  833  586  747   50  578  
618   73  697  635   43  981  472  830  767  514  107  843  586  707  952  317  594  600  344  500  254  337  468  696  467  284  593  657  215  763  678  683  992  888  395  193  510  161  604  355  122  529    4  863  809  551  805  373   70  282   53  215  980  590  636  891  662  338  670  438   78  802  849  994   82  324  437  781  992  629  592   18    0  364  476  594  961   78  646  432  
378  896  656  476  500  550  724  375  387  460  951   75  317  814  901  320  360  524   72  888  178  105  344  797  284  703  965  998   62   82  612  511  883  909  234  525  467  511  276  829  406  901  364  712  554  661  615  457  160  174  346  113    2  289  576  701  406  806  986  931  397  684  402  802  250  794  183  585  728   56  733   37  364    0  924  605  915  897   32  157  
909  644   39  186   60  667  735   63  677  418  583  420  104  573  796  716  189  256  144  883  769  281  381  763  925  344  258    8  605  605  474  310  285  226  439  835  170  919  639  125   62  900  583  961  408  946  848  571  577  343  931  619  142  399  971  803  886  324  416  529  135  581  726  222  480  474  541  975  730  915  285  202  476  924    0  429  946   44   78   95  
941  898  836  635  742  816  647   19  865  626  565  503  386  667  415  553  135  991  871  984  131  520  195  859   55  613  247  583   46  668  791  594  997  288  112  169  426  732  607    9  813  501  799  280  454  657  236  578   30   31  502  278   91  696  526  926  752  565  711  278  596  562  758  431   91  256  246  635  635  505  879  833  594  605  429    0  228  394  811  832  
987  696  833  797  217  379  423  107  247  269   28   93  214  648  249  974  396  536  155  716  667  631  543  848  127  627   11  486  861  269  966  602  927  473  806  854  592  700  217  694  161   60  758  953  869  120  117  391  911  245  620  125  437  475  925  814  494  497  388  336  514  181  419  465  304  200  152  336  367  147  801  586  961  915  946  228    0  926  600   25  
383  809  360  735   90  345  440  405  555  960  620  650  586  777   88  814  307  250  584  832  807  992  774  324  719  779  626  411  945  699  770  559   13  812  540  539  622  180  969  361  971  451  776  993   71  953  668  535   29  846  333  529  996  296  418  466  724   65  718  343  794  824  144  722  947  130  498  412  375  533  996  747   78  897   44  394  926    0  849  451  
 22  830  896  880   90  922   28  956  524  820    4   11  164  130  549  412  416  640  675  250  655  210  441  846  950  180  629  623  379  236  743  307  519  703  235  598  427  916   10  292  536  726  532  119  979  936  512  660  839  924  774  396  338  434  514  327  348  456  634  237  997  463  927  383  672  864   13  449  844  566   66   50  646   32   78  811  600  849    0  235  
 85  824  736   56  390  395  877  458  993   30  808  137  476  752   97  644    1  673  319  250  943  410  757  592  310  417  757  174  986  150  468  675  405  616  662   66   26  379  244  160  943  858  541  693  548  898  102  544  988  434  478   35  596  694  774  574  712  623  823  227  979  421  845  121  270  897  864  888  574  439  533  578  432  157   95  832   25  451  235    0  

  0  598  264  399  963  972  890  116  187  820  437  205  821  744  395  882  168  937  174  125  691  829  976  909  990  819  905  996  705  726  572  190  282  276  654  741  915  738  356   32  621  232  933  146  316  736  996   76   28  762  542  312  567  204  905  360  364   13  661  352  387  728  554  979  260  801  631  810    1  122   20  903  542  443  685  520  644  642  727  177  
598    0  167  441  931  922  546    9  878  625  633  660  617  969  512  136  263  920  208  275  399   82  366  112  923   87  426  345  195  535  524  566  346  443  590  858  900  275  664  301  884    8  715  642  581  196   58  164    8  983  804   67  694  780  158   87  951  130  851  374  906  546  158  313  519  598  971  291  929  501  428  408  790  520  367  165  463  988  184  713  
264  167    0  938  413  315  495  547  900  193  862  862  334  187  751  696  542  151  190  819  378  417  451  132  750  840  162  985  250  558   60  557  162  772   65  625  809  230   95  302  309  274  965  920   75  814  544  872  698  294  397   54  341   71  767    9  297  666  267   69  298  435  342  583  708  996  881   26  965  863  357  699  200  434  908  400  832  109  876  486  
399  441  938    0  917  108  229  336  893  371  870  353  573  648   42  974  673  646  170  403  451  750  943  507  389  171  488  956  472   12  453  340  532  275  912  434   18  865  445   34  728  125  599  868  850  618  550  956  869  370  101  642  346  730  687  343  906   53  176   10  357   63  456  657   94  826    2  271  838  183  308  464  756  491  897  332  562  843   94  816  
963  931  413  917    0   62  789  209  371  788  434  455  818  193  528  674  862  623  608   46  521  557  299  890  552  991  150  328  924  964  458  871  920  366  234  783  243  554  510  810  707  481  112  358  337   19  450   21  603  756  494  115  343   34  141  643  616  360  206  386  664  538  976  700  707  953  359  425  555  382  881  559  763  604  767  954  153  418  357  552  
972  922  315  108   62    0   52  353  531  634  487  716  203  256   31  391  766  446  432   73  138  451  812  796  541  457  507  368  168  440  794  409  801  237   58  694  254  972  929  892  973  716  636  893   19  147  152  464  150  761  286  881  795  152  756  369  890  377  876  937    3  964  717  465  309  869  825  447  304  448  187  199  788   10  159   51  149  978  142  387  
890  546  495  229  789   52    0  268  652  633  230  142  412  852  181  410  925  178  155  671  563  688  265  202  805  250  369  125  839  430  831  940   84  398  790  838  925  785  959  109  863  832  570  140  419  273   30  864  568  219  889  808  684   18  584  986  135  835  764  888  162  549  427  593  164  894  356  390  699  166   50  866  920  151  100  965  947   34  209  180  
116    9  547  336  209  353  268    0  540  655  654  394  760  277  616  133  285  449  740  638  200  667  465  652  243  710  548  258  295   95  364  365  186  527  319  134  318  985  979  127  249  240  650  374  461  389  665  136  142    3  564  773  427  786  907  929  107  375  796  272  739   90  975  436  349  960  643  576  208  506  399  929  789  308  723  428  159  966  977  497  
187  878  900  893  371  531  652  540    0  262  573  385   25  660  515  610  431  986  766  594  382  396  389    1   79  955  233  600  872  850  732  559  257  980  959  987  616  181  985  762  135  170  900  795  518  827  270  331  388  976  659  442   31  776  786  271  957  167  339  319  785  659  479  662  950   40  329  725  373  147  363  927  877  761  743  498  629  617  672  362  
820  625  193  371  788  634  633  655  262    0  228  487  333  218  935  284  711  270  545  526  938  323  185  782  667  736  943  452   54  820  204  386  519  881   27  165   62  732  309  577  328  890  262  580  689  397  848  976  524  327  472  961  780  387  130  210  421  562  421  227  319  338  881  528  830  993  809  681  865  183  564  667   40  795  254  303   80  413  658  921  
437  633  862  870  434  487  230  654  573  228    0  217  861   31   85  532  625  541  816  864  653  948  463  536  391  885   87  130  402  990  446  749  596  311   82  516  153  545  132  390  505  248  953  580  945  140  120  335  364  672  811  689  830  400  849  216  263   44  612  368  579  884  280  124  467  842  692   35  407  411  543  113  524  375   18   15  364  338  736  851  
205  660  862  353  455  716  142  394  385  487  217    0  581  164  902  684  124  220  261  949  526  936  333  455  818  735  388  377  385  552  460  591  659  437  111  128  535   72  904  382  912  660  952  982  173  235  668  208  971  631  143    6  613  251   89  690  576  850  404  388   22  532  513  945  886  453  972  127   38  525  889  142  353  607  645  102  698  614  113  640  
821  617  334  573  818  203  412  760   25  333  861  581    0  674  498  987  798   68  969  392  593  134  765  760  230  894  646  291  160  736  473  886  437  356  677  110  473  416  218  485  561  826  779  652   20  767  713  579  354  388  249  838  171  754  394  347  877  199   40  934  907  672  152  812   86  573  762  267  770  928  720  781  388  698  576  260  689  786  326  377  
744  969  187  648  193  256  852  277  660  218   31  164  674    0  350  976  475  572  659  226  536  736  227  855  185  154  164  389  250  848  997  159  371  164  784  925  468  921  462  866  142   61  612  947  812   31  620  685  571  472  425  275   35  620  139  294  873  841  517  174  819  761  590  992  535  881  950  826  412  466  178  983  955  131  122  758  338   60  781  349  
395  512  751   42  528   31  181  616  515  935   85  902  498  350    0  311  323  300  119  198  772  933  636  554  527  136  203  236  991  105  468  755  286  272  153  951  447  388    9  630  604  555  694   28   80  989  792  348  419  640  422  985  402  192  720  947  209  862  339  541  653  458  106  150  247  133  312  275   76  347  770  618  445  393  127  365  109  395  601  116  
882  136  696  974  674  391  410  133  610  284  532  684  987  976  311    0    0  812  902  109  374  538  492  628  554  234  166  848  513  139  310  684  681  743  149  801  500  737  798  580  149  481  761  935  548  235  272   36  629  360  804  886  482  940  179  476  514   59  158  717  517  266  394  417  705  904  869  747   34  316  889  150  636  667  180  923  232  939  828  641  
168  263  542  673  862  766  925  285  431  711  625  124  798  475  323    0    0  422  760  711  983  679  997  881  760  674  181  418  795  364  775  126  401  428  134  705  395  835  793  383  106  460  628  862  563  795  151  581  452  928  538  418  218  307  750  406  189  213  544  148  347  853  571  645  803  525  308   65  384  568  421  705  659  345  120  667  683  624  780  465  
937  920  151  646  623  446  178  449  986  270  541  220   68  572  300  812  422    0  979  758  743   81  864  279  727  694  457  621  238  540  175  865  228  625  163   89  465   34  562  165  287  911   33  991  230  926  193  478   87  516  229  561  974  579  794  514  639  829  287  269  731  361  380  391  988  331  190  871   60  134  822  633  753  871  805  928  565  244  767  424  
174  208  190  170  608  432  155  740  766  545  816  261  969  659  119  902  760  979    0  222  926  855  920  286  923  100  751   92  562  700  171  306  856  521  495  493  801  404  641  636  764  446  623  613  225  334  401  913  506  977  387  169  905    5  984  582   38  524  906  231   63  805  731   82   11  636  525  978  352  212  785  916  170  518  285  498  131  756  257  906  
