115

  0  984   73  360  324  848  429  177  874  713  394  208  788  698  200  328  767  152  190  461  467  577  580  887  789  278  618  297  868  246  813  240  636  685  964  561  812  506  878  454  873  891  252  422  334  531  688  903  635  512  524  433  810  587  217  138  339  564  580  420  348  650  442  266  188  660  111  645  412   40  541  521  848  506  849  556  831  196  735   77  818  594  567   60   29  264  234  732  881  483  281   77  393  519  971  377  791  236  349  114   27  476  960   28  735  731  596  868  550  899  771  380  593  684   59  
984    0  233  717  601  245  955   11  678  897  178  497  222   14  733  713  753  524  438  819  121  157  840  486   70  498  654  604  492  690  104  660  356  335  701  582  200  683   54  576  709  782  418  793  715   84  977  539  644  975  237  566  398  612  851  386  275  192  814  553   69  265   57  264  879  174  304  398  154   30  944  325  776  509  856  171  411  942  710  871   21  221  773  965  497  383  855  783  803  872  713   36  763   80  800  690  159  549  707  763  360  615  966  388  133  532  534  471  344   76  580  681  585  922  942  
 73  233    0  953   10  221  219  851   65  389  672  810  135  920  589  403  747    4  617   53  117  724  855  225  108  457   35  104  535  936  980  911  470   62   72  981  115  215  301  721  179  809  180   39  380  513   42  412  907  196  670  282  996  858  944  589   44  559  960  754  345  676  494  542  545  962   17  929  108  916  197  464  611  426  529  306  358  946  234  353  149  796  154  672  240  161  133  314  743  661  130  695  821   98  838  476  407   56  868  749   11   74   90  520  454  746  694  825  599  544  169  371  782  984  466  
360  717  953    0  340  782  496  283  541  279  723  980  608  307  782  629  804  884   59  204  310  605  889  966  711  905   54  533  350  757  544  633  857   86  751  398  437  227  373   52  631  811  521  569  565  511  369  398  586  429  723  227  573  636  798  662  217  276  354  935  894   15  911  692  546  372   42  308  212  421  372  118  365  267  872  634  590  929  346  627  138   90  410  192  185  795  494  300  344  601  107  399  311   59  183  886  700  880  131  752  491    9  526  668  504  662  806  380  507  195  974  264  372  455  591  
324  601   10  340    0  483   62  402  972   90  133  897  121  397  597  206  511  884   44  604  771  524  455  101  946  950  793   75  916  246  394  172  357  541  635  500   85  218   68   84  713    2  778  611  993  454  547  548  592  517  456  783  800   95   26  140  475  912  242  892  487  902  972  421  926  528  132  186  445  185  399  284  755   19  244  114  246   86  311  179  667  530  370  450  895  690  409  572  567  168  834  500  700  621  275  438  638  871    3  263   15  983  840  565  122  954   93  307  697  664  432  574  997  546  795  
848  245  221  782  483    0  464   74  150  128  733  814  198  546  402  201  380  273  730  773  911  474  121  167  953  902  217  334  638  621  857  477   47  645  965  473  916  842  219  952  226  517  181  965  556  771  772  981  843  387  361  269   63  258  539  477  830  940  988  540  163  400  169  105  769  469  699  146  517  830  871  233  737  101  473  784  187  509  854  811   12  499  282  530   40  211  380  403  736  630  920    6   25  173  118  934  763  488    6  729  917  227  510  361  918  795  758  937  687   82  692   82  937  763  268  
429  955  219  496   62  464    0  360  560  364  356  638  981  199  143  756  918  273  201  200  778  782  698   41  875  428  744    8  132  482  641  222  481  393  500  381  182   24  724  415   63  437  475  728  963   81  584  588  708  891  251  681  530  378  511  908  495   24  770   26  541   73  381  650  168  103  404  908  144  490  767  121  878  686  867  471  362  413  553  860  842  864  762  505  262  503  247  134   97  280  416  425  257  284  540  726  106  568  699  572  543  938  225  603  423   98  927  781  140  757  932  762    1  607  481  
177   11  851  283  402   74  360    0  852  126  782  717  790  275  927  721  321   67  809  347  717   42  956  267  762  107  959  373  208  143   18  352  728   99  254  621  606  270  821  146  437  715  577  371  736  593  510  440  138  168  695  459  570   16    3  576  772  976  519  398  221  785  902  523    1  958  920   72  453  752  845  566   66  579  608  862  526  940    7  997  271   74  780  357  173  838  573  332  698  661  399  694  877  803  580  265  361  928  278  529  292  559   92  877  798  443  175  576  661  466  580  557  523   62  984  
874  678   65  541  972  150  560  852    0  746  113  479  969  342  845  775  731  426  234  826   38  268  577  981  407  669  750  294  657  852  890  280  846  337  533  351  462  308  303  220  552  854   50  166  961  634  830  439   69  809  955  380  779  424  625  710   93  256  598  477  525  633  319  746   51   23  513  771  883  766  555  391   27  115  707  621  413  411  380  637  417  245  501  236  507  962  916  681  537  882  306  924  192  293  196  679  949  959  532  685  869  198  371  645  205  768  274  363  912  771  858   84  363  782  579  
713  897  389  279   90  128  364  126  746    0  543  686  580  969  534  193  121  106  454  569  613  773  744  130  819  245  769  607  514  784  929  243  457  546  871   51  987  542  494  659  279  781   62  720  596  798  966  938  464  981  793  887  639  186  667  818  931  439   10  255  584  671  864  597  568  826   83  752  529   66  402  940  295  835  972  632  270  786  776  194  228  346   83  102  866  696  739  778  463  406  898  442  407   78  505  738  897   25  173  221  751  584    4  447  202  480  738  502  266   79  156  433  138  804  492  
394  178  672  723  133  733  356  782  113  543    0  973  144  230  993  586  161  233  274  121  985  458  939  779  592  522  536  175  224  259   64  704  585   63  300  989  195   42  638  353  616  382  420  801  588  109  230  265  106  557  101   52    7  641  355  992  565  555  933  788  561  539  335   89   55  660  433  873  848  765  618  313  625   26  663  544  226    4  455  512  825  120  984  585  643  512   44  953  538  987  198  204   94  817  996  399  458  123  976  701  631  947  847  187   43  205  717  880  967   51  752   46  985  332  274  
208  497  810  980  897  814  638  717  479  686  973    0  693  937  325  895  915  691  818  587   73  916  610  818  303  516  743  847  967  742  116  830  567  284  744  531  972  742  262  608  143  578  395   96  236  323  920  987   18  171   98   78  864  950   54  322   75  933  364   18  901  129  461  611  295  647  547  445  269  621  731   20    1  484  854  590  113  348   32  544  584  132   52  255  395  643   83  653  324  900  541  919  456  548   20  708  737  636  715  823  429  433  223   95  569   84  149  975  298  336  708  438  790  993  782  
788  222  135  608  121  198  981  790  969  580  144  693    0  578  153   50  613  298  822  138  911  523  897   92  377   27   67  830  173  717   46  350  488   74  361  703  593   10  861  439  268  971  148  438    4  150  688  867  265  168  283  857  785  912  412  529  255  400   26  939  782  797  672  701  340  414  256  785  579  715    3  257  175  730  342  973  511  349  652  587  802  897  660  880  322  363  742  552  969  151  647    2  629  203   20  530   15  375  226  282  669  932  509  590  166  874   30  933  492  482  296  389  676  383  845  
698   14  920  307  397  546  199  275  342  969  230  937  578    0  111  422  164  849  978  407  448  285  763  896  247  288  473  176  690   50  743  642  943  143  315  866  924  243  273  201  778  560  594  268  340  781  386  810   25  369  198  174  982  789    8    4  202  292  282  314  477  819  988  134  700  942  560  299  328   18  374  689   44  145  422  733  509  405  215  334  623  916  277  995  269  745  425  662   85  332  463  137  515  692  302  116  283  810  513  677  547  469  292  571  767  388   28  430  454  770  934  381  405  523  183  
200  733  589  782  597  402  143  927  845  534  993  325  153  111    0  953  930  527  439  755  545  831  355  554  473  506  802  997  276  714    4  227  856  142  565  582  329  362  143  405  835  738  444  896  413  883   43  123  475  676  958  992  832  294  797  143  755  664   82  402   29  593   51  321  105  921  830  844  374  345  854  454  432  472  487  287  967  143  768  991  787  582  889  350  557  505  455  105  255  498   45  969  942  740  296  762  234  809  419  940  911   87  925  629  881  996   26  593  168  639  261   10  984  613  143  
328  713  403  629  206  201  756  721  775  193  586  895   50  422  953    0  663  460  733  235  707   55  173  660  380  105   69  729  394  430  622  626  854  348  146  562  543  426  529  629  385  491  913  866  670  783  354  566  396  469  923   35  146  576  411  838  166  510  227  849  736  589  757  658  542  622   33  962  475  747  551  426  955  596  717  415  159  499  663  411  352  323   48  590  117  254  550  370   28  488  200  207  208  519  545  490  391  271  569  746  663  121   65  817  913   50  753  570  975  197  129  801  215  524  765  
767  753  747  804  511  380  918  321  731  121  161  915  613  164  930  663    0  776  283  361  980  531  135  709  873  446  576  749  498  783  253  275  116  545  902  211  832  511  482  242  153  249  701  274    1  819  354  290  531  424  257  242  591   99  913  330  357  892  240  464  358  217  152  116  568  583  599  386  532  868  297  376  929  277  590  565  755   77  576   36  682  124  856  746  810  463  260  904  913  923  845  831  410  367   87  939  970  919  580  318  222  799  267  592  645  248  992  757  430  636  590   75   34  892  857  
152  524    4  884  884  273  273   67  426  106  233  691  298  849  527  460  776    0  825   40  611  721  710  840  563  365  786  831  207   70  739  916   24  227  871  234  190  634  418  220  521  688    0  498  998  977  706  522  409  666   56  459  935  899  751  681  501   98   20  775  529  680  128  264  540  585  936  871  124  502  173  603  256  313   33  727  613  811  217  186  162  948   99  996  977  832  309   14  846  368  877  277  721  126  343    2  814  482  166  630  196  938  200  455  277  290  661  585  157  216  604  988  660  536  346  
190  438  617   59   44  730  201  809  234  454  274  818  822  978  439  733  283  825    0  191  985  316  286  581  120  866  918  314  527  758  523  939  637   54  988  641  826  993  737  300  732  202  886  671  349  194  650  594  889  543  655  128  845  990  904  546  200  956  368  560  501  130  119  479  408  295  595  334  917  815  918  851  786  895  568  306  810  381  731  225  919  338  367  502  528  983  202  793  282  568  553  122  724  133  230  308  360  812  924  855  124  839   42  298  299  514  515  160  836  363  694  430  602   69  302  
461  819   53  204  604  773  200  347  826  569  121  587  138  407  755  235  361   40  191    0  535  422  358   46  298  655  519   52  992  573  228  248   60  772  163  251  276   74  665  206  562  853  501   95  555  911  351  188  525  178  306  611  883  796  124   86   64  136  213  149   84  786  864  950  401  121  562  667  464  889  174  288  553  835  812  780  928  234  854  488   73  277  183  876  804  319  783  948  654   32  171  174  693  844  305  462   85  866   91  757  611  178  830  998  635  780  518   31  399  547   71  516  485   78  187  
467  121  117  310  771  911  778  717   38  613  985   73  911  448  545  707  980  611  985  535    0  221  290  175  180  315  746  764  639  688  411  481  364  495  115  405  943   51  310  504  738   41  872  410  786   54   19  193  498   88    5  625  205  675  162   23  770  766  742  667  976  868  483  453  975  522  304  735  515   77  727  910  775  867  845  902  694  649  684  176  158  458  988  251  699  589  745  625  306  934  689  356  908  844  598  586  265  264  751  685  963  324  686  883  924  421  792  851  589  208  443  599  516  995  443  
577  157  724  605  524  474  782   42  268  773  458  916  523  285  831   55  531  721  316  422  221    0  958  908  711  307  151  953  217  554  315  906  804  679  861  290  610  471  549  215  715  727   19  307  440  646  748  322  917  851  344  598  233  576  931  684   54  342  539  724   21  801  594  609  935  521  760  772  133    5  242  805  406  526  834  668  728   38  252  473  909  118  211   77  337   48  661  648  345  239  646  555  160  326  747  359  221  887  574  448  166  171  180  368  861  210  454  203  555  706  507  322    9  636  597  
580  840  855  889  455  121  698  956  577  744  939  610  897  763  355  173  135  710  286  358  290  958    0  299  419  800  629  302  847  115  502  767  252  483  264  203   61  259  801   84  784  892  731  428  665  113  818   56  369  996   61  542  469  903  597  316  235  981   72   63  918  648  865  203   69  891  556  661  865  526  748  153  787  689  153   17  244  411   99  320  561  282  115  310  863  888  854  255  146  520  834  159  257  764  493  429  203  274  751  265  782  251  954  629  968  786   94   27  799  296  989  675  324  421  207  
887  486  225  966  101  167   41  267  981  130  779  818   92  896  554  660  709  840  581   46  175  908  299    0  502  423  648  179  257  437  808  512  444  626  910  684  805  606  446  891  662   85  948   27   24  106  862  957  287  712  989  947  345   44  977  919  426   48  558   57  673   45  774  855  390  668  466  618  555  596  756  428  619  446   63  734  497  808  342  606  634  252  778  568  690  591  893  952  796  404  516  769  710  282  852  186  570  401   71  602  922  379  344  577  550  685  452  109   51  564  610  496  221  631  406  
789   70  108  711  946  953  875  762  407  819  592  303  377  247  473  380  873  563  120  298  180  711  419  502    0  956  230  425  378  407  184  692  516  180  862  168  442  485   88  659  839  404  431  146  888  949  899   65  422  846  912  923  831  456  560  234  543  399  734  743   25   89  581  887  653  693  447  422  116  509  324  794  742  501  192  451  106  472  838  560  158  889  946  370  801  756  217  290  186  685   69  503  449  775  718  289   14  819  794  891   65   81  373  317  613  408  979  390  634  910  195   74  248  176  960  
278  498  457  905  950  902  428  107  669  245  522  516   27  288  506  105  446  365  866  655  315  307  800  423  956    0  359  345   99  680  166  885   28  154  122  147  839  131  356   10  719  827  962  617   75  679  349   67  974  580  145  248  743  338  441  899  856  333  109  376  393  849  635  206  718  553  297  722  826  691  836  852  840  786  602  896  152  849  313    8   58   78  670  225  506  712  822  672  646  276  267  640  233  143  517  819   98  427   94  337  809  658   60  422  710   94  188  964   94  756  861  320  425  517  219  
618  654   35   54  793  217  744  959  750  769  536  743   67  473  802   69  576  786  918  519  746  151  629  648  230  359    0  485  618  268  673  504  255  704    4  618  394  835  514  191    3  590  639  723  489  501  821  741  629  801  475  149  445  724  269  811   98    5  652  246  185  325  896   43  385  438  565  743  259  176  632  430  249  999  720  217  234  431  297  501  632  376  341  150  546  119  251  759  859  357  392  339  592  802   59  805  814  980  948  613  542  443  606  869   63  960  860  970  574  261  861  698  371  633  867  
297  604  104  533   75  334    8  373  294  607  175  847  830  176  997  729  749  831  314   52  764  953  302  179  425  345  485    0   96  649  956  124  734  410  810  114  686    3  955  629  282  236  746  728  394  672  358  913  173  104  667  120  640  253  404  329  318  156  142  986  881  298  761  930  358  552  520  428  676   39  883  426  895  912  141  253  716  561  184  994  355  331  404  962  960  488    0  186    5   93  705  295   46  942  120  920  831  293  273  984  509  134  824  353  548  623  965  900  252  699  818   31  912  657  622  
868  492  535  350  916  638  132  208  657  514  224  967  173  690  276  394  498  207  527  992  639  217  847  257  378   99  618   96    0   80  839  910  702  781  555  901  179  305  891  838  460  332  907  816  674  665  528  754  622  823  833  632  360  430  850  586   97  977  212  607   39  422  650  774  707  173  298   13  163  581  958  566  491  713  282  293  162  217  491  994  211   93  704  883   53  578  553  334  593  512  596   35  422   41   42  845  890  220  739  586   60  638  431  298  319  890  728  702  760   36  628  157   65  608  605  
246  690  936  757  246  621  482  143  852  784  259  742  717   50  714  430  783   70  758  573  688  554  115  437  407  680  268  649   80    0  224  101  944  907  622  166   81  473  657  250  473  223  576  524  147  531  533  647  988  646  295  940  738  122  561  645  857  208  704  168  683   61  259  321  101  284  581  136  781  434  472  546  987  781  403   77    7  733  171  193  548  182  839  574  773  249  580  866  540  441  158  465  514  875  171  950  784  722  972  623   48  357  188  960  729  361  869  768  857  727  937  910  349  696  208  
813  104  980  544  394  857  641   18  890  929   64  116   46  743    4  622  253  739  523  228  411  315  502  808  184  166  673  956  839  224    0  136  908  322  277  338  841  906  357  849  313  986  139  947  978  489  252  340  360  497  126  734  892  492  135  365  676   91  352  397  343  359  617   56  423  272  376  693  988  475  750  199  477  698  686  483  861  396  303  125  594  759    5  614  455  428  724  762  785    1  535  713  548  498  518  884  792  718  658  414  871  512  748  248  698  759   46  334   16  161    5  997  832  767   44  
240  660  911  633  172  477  222  352  280  243  704  830  350  642  227  626  275  916  939  248  481  906  767  512  692  885  504  124  910  101  136    0  548   31  172   50  598  201  314  996  438   71  870  460  184   70  729  635  161  751  528  570  432  169  897  155  642  370  905  990  913  366  965  346  654   86  470  783  488  758  354    1  926  419  573  213  374  971  852  737  913   99  328  128  326  724  134  271  439   31  893  384  689  215  475   26  957  449   80  199  912  268  182  780  719  561  778  743  352  545  273  951  545  370  159  
636  356  470  857  357   47  481  728  846  457  585  567  488  943  856  854  116   24  637   60  364  804  252  444  516   28  255  734  702  944  908  548    0  182  363  772  253  410  214  511   29  579  906  790  956  507  770  756  837  775  415  137  481  340  332  100   29  804  387  487  757  436  159  730  391  693  181   45  394  242  765  805  227  679   78  379  314  844  648  270  596  621  448  757  764  446  354  662  208  867   47  261  474  236  832  811  265  499  464  529  446  919  775  425  322   36  815  726  513  576  265  142  765  740  238  
685  335   62   86  541  645  393   99  337  546   63  284   74  143  142  348  545  227   54  772  495  679  483  626  180  154  704  410  781  907  322   31  182    0  448    0  274  752  894  546  262   36  978  416  148  262  379   39  701  696   88   15  646  212  280  541  712  193  147  759  976   13  603   74  580  198  267  585   61  273  248  947  145  946  855  836  123  809  415  449  131  315   69  133  552  711  762  116  196  827  310  829  601  292  514  241  800  294  241  894  192  382  993  493  888  898  953  855   17  292  475  662  908  232  573  
964  701   72  751  635  965  500  254  533  871  300  744  361  315  565  146  902  871  988  163  115  861  264  910  862  122    4  810  555  622  277  172  363  448    0   50  990  253   40  978  462  623  968  677  749  866  356   78   30  208   56   47  473  391   10  373  841  788  130  499  965  823  362  126  136  372  663  272  658  923  932  901  157   50  468  605  639  586    5  674  137  320  795  314  323  734  803  173  660  230  907   51  978  645  507  687  221  168  453   47  481  826  305  470  786  748  130  371  794  187   46   92  759  698  650  
561  582  981  398  500  473  381  621  351   51  989  531  703  866  582  562  211  234  641  251  405  290  203  684  168  147  618  114  901  166  338   50  772    0   50    0  129  502  854  997  272   46  312  968  844  928  167  329  989  290  838  385  634  711  180  856  223  270  255  233  188  598   82  840  181  674  226  373  264  946  260  470  613  927  583   87  939  117  566  192  855   13  506  197    6  238  659  772  627   70  528  232  561  122  208  140  445  524  237  300  476  820  603  924  718  287  873  958  425  956   60  769  767  855  421  
812  200  115  437   85  916  182  606  462  987  195  972  593  924  329  543  832  190  826  276  943  610   61  805  442  839  394  686  179   81  841  598  253  274  990  129    0  915  448  413  832  674  658  319  786   59  914  890  988  401  294  956  739  807  413  159  925  185   76  753   34  391  519  212  219  262  232   71  654  479  644  207  699  264  617  425  562  421   67  273  666  520   89    3  970  451  152  547  971  313  373  197  718  519  901  548  140  863  308    9  681  168  802  543  540   98  955  264  355  864   58  329   32  393  196  
506  683  215  227  218  842   24  270  308  542   42  742   10  243  362  426  511  634  993   74   51  471  259  606  485  131  835    3  305  473  906  201  410  752  253  502  915    0  181  439  253  287  851  713  503  616  994  580   74  597  561  140  339  426  582  283   87  127  396  551  656  312  472  240  979   88  727   29  985  321  439  910  358  156  949  959  980  713  602  959  409   17  856  725  911  404  589  332  479  781  643  879  600  352  992  334  107   92  178  831  843  409  176  564  334  545  384    4  453  679  281  541  308  933  224  
878   54  301  373   68  219  724  821  303  494  638  262  861  273  143  529  482  418  737  665  310  549  801  446   88  356  514  955  891  657  357  314  214  894   40  854  448  181    0  716  195  766  979  224  470  838  633   22  633  361  297  592  228  892  536  892  423  861  697  243  160  606  219  659  998  477  322  774  460  500  335   90  635  587  380  655  854  991  602  754  737  957  993  218  259  991   12  411  337  379    2  225   10  588  648  622  688  805  850  669  649  444  150  195  815  751  913  309  387  223  887  576  364  110  497  
454  576  721   52   84  952  415  146  220  659  353  608  439  201  405  629  242  220  300  206  504  215   84  891  659   10  191  629  838  250  849  996  511  546  978  997  413  439  716    0  407  528  980   69  188   13  749  228  539  604  502  603  500  339  580  311  626   79  401  306  618  288   22  872  666  458  599  222  839  140  262  314   91  952  534  497  514  812  480  537  373  151  375  218  126  755  143  628  717  110  976  687  178  290  488  633  493  534  328  561  354  650  510  951  826  208   81  700  728  893  974  338  656  457   19  
873  709  179  631  713  226   63  437  552  279  616  143  268  778  835  385  153  521  732  562  738  715  784  662  839  719    3  282  460  473  313  438   29  262  462  272  832  253  195  407    0  221  918  508  319   44   85   61  602  156  566   69  406  288   54  377   15   80   88  458  394  936  249  281  536  241  987  411  319  807  608  965  978  529  183  646  426    4  135  866  105  592  849  229  424  423  165   95  286  866  583   75  522  611  843  255  892   56  837  969   41  550  884  239  567  256  363  801  732   43  243  734  585  697  504  
891  782  809  811    2  517  437  715  854  781  382  578  971  560  738  491  249  688  202  853   41  727  892   85  404  827  590  236  332  223  986   71  579   36  623   46  674  287  766  528  221    0  938  871  343  815  504  183  345  219  541  558  412  294  109  134  317  245  636  371   67  316  277  775  676  541  665   74   58  259  962  909  592  145   42  688  874   83  655  155  592  164  138  943  518  921  483  597  390  729  313  201  918  795   85  522  435  230  249   34  653  339  376  613  332  389  115  975  807    7  229  393  410  784  125  
252  418  180  521  778  181  475  577   50   62  420  395  148  594  444  913  701    0  886  501  872   19  731  948  431  962  639  746  907  576  139  870  906  978  968  312  658  851  979  980  918  938    0  912  364  642  611    7  931  509  535  997  131   84   33  456  909  503    9  673  384  623  275  448  174  444  536  458  327  702   54   34  514  113  547  923  471  441  131  218  881  342  438  777   61  821  410  417  137  380  779  307  214  428  489  109  114  481  735   35  199  533   30  642  213  351  553  806  929  475  761  724  128  885  122  
422  793   39  569  611  965  728  371  166  720  801   96  438  268  896  866  274  498  671   95  410  307  428   27  146  617  723  728  816  524  947  460  790  416  677  968  319  713  224   69  508  871  912    0  985  390  622  970  564   55  371  670  984  743  348  627  427  354  793  580   60   68  343  193  699  487   17  103  240  833  147  951  514  222  281  697  136  943   11  657  152   85  611  156  741  334  958  124  697  873  621  152  856  707  354  825  100   43  470  172   26  219  141  441  628  326  267  508  191   72  311  453  612  907  179  
334  715  380  565  993  556  963  736  961  596  588  236    4  340  413  670    1  998  349  555  786  440  665   24  888   75  489  394  674  147  978  184  956  148  749  844  786  503  470  188  319  343  364  985    0  332  122  568  440  669  640  293  353  997  517   53  217  582  167  687  564  132  427  328  720  925  459  715  215  212  513  185  475  965  876  329  441  973  513  818  502   68  973  949  362  592  168  692  968  998  569  179  480  517  764  830  800  120  584  918  706  651  468  720  295   81  163  971  745  166  285  755  352  506  548  
531   84  513  511  454  771   81  593  634  798  109  323  150  781  883  783  819  977  194  911   54  646  113  106  949  679  501  672  665  531  489   70  507  262  866  928   59  616  838   13   44  815  642  390  332    0  571  865  324   39  547   25  189  992  838  542  663  136  939  710  795  169  784  946  665  644  832  276    5  676  112  492  233  742  358  911  591  710  551  559  622  257  442  290  515  754  408  357  802  282  875  627  140  359  193  273  522   74  964  851  440  923  585  333  354  324  998   61  294  301  964  234   84  398  205  
688  977   42  369  547  772  584  510  830  966  230  920  688  386   43  354  354  706  650  351   19  748  818  862  899  349  821  358  528  533  252  729  770  379  356  167  914  994  633  749   85  504  611  622  122  571    0  861  462  337  197  971  229   83  524  680  842  321  297  594  600  891  936  623  263  718  433  440  745  937   55  883  445   22  145  654  291  936  410  875  357  634  522   12   74  433  755  578  647  645  767  244  207   67  648   97  110  647  984  801  780  975  590   75  107  895  333   81  787  352  896  735  611  920  668  
903  539  412  398  548  981  588  440  439  938  265  987  867  810  123  566  290  522  594  188  193  322   56  957   65   67  741  913  754  647  340  635  756   39   78  329  890  580   22  228   61  183    7  970  568  865  861    0  647   82  253  331  270  222  399  456  386  570   36  326  560  235  488  425   96   41  583  388  572  109  256  641  858  933  629  383  282  770  430  280  358  763  238  110  976  465  403   87   19  315  923  875  808  553  596  460  532  392  709  885  683   54  596  716  960  785  544  520  965  385  900  995  783  225  167  
635  644  907  586  592  843  708  138   69  464  106   18  265   25  475  396  531  409  889  525  498  917  369  287  422  974  629  173  622  988  360  161  837  701   30  989  988   74  633  539  602  345  931  564  440  324  462  647    0   66  681  834  272  232  492  141  833  292  168  132  707  200  693  564  938  256  399   44  623  135  366  565  295  957   33  889  258  310  299  927  386  786  610  570  103  596  462  516  103  556  692  576  386  690  685  394  721  549  620  129  725  414  468  370  933  694  957  866   83  937  392  828  993  868  938  
512  975  196  429  517  387  891  168  809  981  557  171  168  369  676  469  424  666  543  178   88  851  996  712  846  580  801  104  823  646  497  751  775  696  208  290  401  597  361  604  156  219  509   55  669   39  337   82   66    0  916  547  652  248  612  685  659  334  381  123  407  888  263  121  814  474  612   30  782  314  950  337  546  398  484  674  695  487  392  902  730  546  564  820  291  224  925  255   50  535  637  581  190  967  351  996  961  323  457  915  574  421  880   56  636   35  926  535  757  665  681  916  366  657  753  
524  237  670  723  456  361  251  695  955  793  101   98  283  198  958  923  257   56  655  306    5  344   61  989  912  145  475  667  833  295  126  528  415   88   56  838  294  561  297  502  566  541  535  371  640  547  197  253  681  916    0  323  620  519  239  540  245  637  330  905  101  383  811  379  461  214  454  944  665  510  661  253  730  800  950   85  154  906  237  588  502  470  492  391  481  323   63   57  351   37   36   43  623  987  250   64  166  713  430  164  667  972  987  795  499  730  484   89  158  208  477  840  622  540  725  
433  566  282  227  783  269  681  459  380  887   52   78  857  174  992   35  242  459  128  611  625  598  542  947  923  248  149  120  632  940  734  570  137   15   47  385  956  140  592  603   69  558  997  670  293   25  971  331  834  547  323    0  764  552  339  903  849  735  666  542  892  641  419  192  618  591  341  450  578  495  507   18  326  687  658  189  220  992  683   45  314   89  813  979  541  873  125  442  747  362  838  407  110  590   54  247  198  847   71  560  262  178  911  319  650  326  193  426  307  330  741  657  918  984  570  
810  398  996  573  800   63  530  570  779  639    7  864  785  982  832  146  591  935  845  883  205  233  469  345  831  743  445  640  360  738  892  432  481  646  473  634  739  339  228  500  406  412  131  984  353  189  229  270  272  652  620  764    0  683  260  643  853  150  565  651  619    2  757  554  452  866   68   64  383  212  250  287  811  702  744  929  599  419  429  838  323  783  575  672  397  206  424  476  284  499  564  940  928  889  782  968  620  148  940  254  553  751  439  378  635  596  838  133  267  769  306  160  262  465  616  
587  612  858  636   95  258  378   16  424  186  641  950  912  789  294  576   99  899  990  796  675  576  903   44  456  338  724  253  430  122  492  169  340  212  391  711  807  426  892  339  288  294   84  743  997  992   83  222  232  248  519  552  683    0  979  552  798  182  946  544  766  719  931  976  929  904  343  486  689  845  665  150  874  872  236  231  408  742  943   22  787  154   54  331  927  248  681    8  833  481  139  312   69    9  145  479  681  375  315   35  427  383  810  845  523   28   46  980  796  429  454  321  845  445  910  
217  851  944  798   26  539  511    3  625  667  355   54  412    8  797  411  913  751  904  124  162  931  597  977  560  441  269  404  850  561  135  897  332  280   10  180  413  582  536  580   54  109   33  348  517  838  524  399  492  612  239  339  260  979    0  616  693  229  498  378   61  660  342  874  924  677   45   40  133  155  805  425   25  196  203  774  284  474  691  292  124  236  252  904  280   92  447  288  973  340  704  260  979  616  420  323  361  306  402  386  722  392  838  653  968  430  401  677  605   54  109   63  491  614   26  
138  386  589  662  140  477  908  576  710  818  992  322  529    4  143  838  330  681  546   86   23  684  316  919  234  899  811  329  586  645  365  155  100  541  373  856  159  283  892  311  377  134  456  627   53  542  680  456  141  685  540  903  643  552  616    0  377  362  900  927  603  740  632  981  690  967  409  996  380  158   84  882  520  602  629  859  380    1  231  885  241  351  517  313  687  992  603  589    4  858  492  326  466  595  814  273  264  325  152  359  674  576  726  660  470  175  775  951  141  596  884  575  491  516  423  
339  275   44  217  475  830  495  772   93  931  565   75  255  202  755  166  357  501  200   64  770   54  235  426  543  856   98  318   97  857  676  642   29  712  841  223  925   87  423  626   15  317  909  427  217  663  842  386  833  659  245  849  853  798  693  377    0  628  316  487  705  425   27  104  272  664  690  258  412   35  968  332  957  946  368  393    1  447  781  708  870  178  194  355  859  292  347  447  322  324  258  645  544  254  716  746  630  215  303  946  727  303  869  261   62  670  237  258  132  588  267  964  831  822  188  
564  192  559  276  912  940   24  976  256  439  555  933  400  292  664  510  892   98  956  136  766  342  981   48  399  333    5  156  977  208   91  370  804  193  788  270  185  127  861   79   80  245  503  354  582  136  321  570  292  334  637  735  150  182  229  362  628    0  596  155   32  950  616  347  226  337    0  277   87  915  930  727   49  531  740   85  855  893  850  993  924    2  993  860  743  438  224  461  430  368  154  845  651  245  613  434  146  928  175  951  365  174  572  503  747  130  353  358  793   51  896  338  920  565  734  
580  814  960  354  242  988  770  519  598   10  933  364   26  282   82  227  240   20  368  213  742  539   72  558  734  109  652  142  212  704  352  905  387  147  130  255   76  396  697  401   88  636    9  793  167  939  297   36  168  381  330  666  565  946  498  900  316  596    0  583   55  219  567  868  281  738  153  429  342  336  964  998  110  889  304  900  693  445  508  206  573  757  388  414  502  402  376  680  848  826  863  636  936  641  558   77  631  818  399  721  732  611  715  272  607  357  239  388  391  409  699   80  661  254  744  
420  553  754  935  892  540   26  398  477  255  788   18  939  314  402  849  464  775  560  149  667  724   63   57  743  376  246  986  607  168  397  990  487  759  499  233  753  551  243  306  458  371  673  580  687  710  594  326  132  123  905  542  651  544  378  927  487  155  583    0  461  424   55  440  460  872  802  448  632  826  756  155  206  587  780  527  682   39  698  152  482  444  377  369  778  640  717  636  936  423  102  925  335  607  754  681  936  140  769  721  226  700  478  362   43  810  799  254  390  345  492   54  362  990  679  
348   69  345  894  487  163  541  221  525  584  561  901  782  477   29  736  358  529  501   84  976   21  918  673   25  393  185  881   39  683  343  913  757  976  965  188   34  656  160  618  394   67  384   60  564  795  600  560  707  407  101  892  619  766   61  603  705   32   55  461    0  488    2  794  335  285  419  466   87  301  115  984  716  157  502  401  974  472  800  353  375  388  616  362  642  917  570  630  898  444  372  886  165   95  820   48  262  184  432  276  615  650  158  221  909  928  184  119  355  252  631  618  591  916  452  
650  265  676   15  902  400   73  785  633  671  539  129  797  819  593  589  217  680  130  786  868  801  648   45   89  849  325  298  422   61  359  366  436   13  823  598  391  312  606  288  936  316  623   68  132  169  891  235  200  888  383  641    2  719  660  740  425  950  219  424  488    0  445  311  206  316  545  381   83  201  826  141  666  863  899  638  808  128  713  101  698  331  729  732  151  178  769  956  133  827  525  284  767  408   79  571  305  620  259  157  109  548  399  466  126  671  352  753  827   22  396   59  404  124  941  
442   57  494  911  972  169  381  902  319  864  335  461  672  988   51  757  152  128  119  864  483  594  865  774  581  635  896  761  650  259  617  965  159  603  362   82  519  472  219   22  249  277  275  343  427  784  936  488  693  263  811  419  757  931  342  632   27  616  567   55    2  445    0  179  604  698  193  298  299   37  755  515  732  609  431  589  882  317  470  769  819  951  544  417  662  524  398  489  972  260  604  105  912  456  674   95  235  593  115  699  206  958  177  143  165  392  637  963  890  247  914  746  970  440  875  
266  264  542  692  421  105  650  523  746  597   89  611  701  134  321  658  116  264  479  950  453  609  203  855  887  206   43  930  774  321   56  346  730   74  126  840  212  240  659  872  281  775  448  193  328  946  623  425  564  121  379  192  554  976  874  981  104  347  868  440  794  311  179    0  422  208  383  374  819  309  769  851  408  100  742  534  610  957  329   58   74   97  613  546  659  224  576  486  246  820  370  681  686  206  582  377   43  743  286   77  542  983  169  137  264  485  380  484  106  323  654  588  744  293  161  
188  879  545  546  926  769  168    1   51  568   55  295  340  700  105  542  568  540  408  401  975  935   69  390  653  718  385  358  707  101  423  654  391  580  136  181  219  979  998  666  536  676  174  699  720  665  263   96  938  814  461  618  452  929  924  690  272  226  281  460  335  206  604  422    0  145  203  102  404  242  652  865  349  465  415  589  316  651  645  287  421   83  779  608  236  176  991  582  958  415  993  629  111  657  806  893  944   74  361  600  786  842  847  793  815  939  889  277  624  811   62  449  278  935  222  
660  174  962  372  528  469  103  958   23  826  660  647  414  942  921  622  583  585  295  121  522  521  891  668  693  553  438  552  173  284  272   86  693  198  372  674  262   88  477  458  241  541  444  487  925  644  718   41  256  474  214  591  866  904  677  967  664  337  738  872  285  316  698  208  145    0  881  933  767  774  775  974  720  862  140  676  483  725  469  125  470  773  530  511  545  586  699  560  194  844  260  593  616   84  104  591  947  723  948  642   12  312  361  655  105   33   56  975   85  872  100  343   37  345   96  
111  304   17   42  132  699  404  920  513   83  433  547  256  560  830   33  599  936  595  562  304  760  556  466  447  297  565  520  298  581  376  470  181  267  663  226  232  727  322  599  987  665  536   17  459  832  433  583  399  612  454  341   68  343   45  409  690    0  153  802  419  545  193  383  203  881    0  490  832  982  898  946  861  946  403  591  338  786  525  854  835   10  620  404   60  299  150  530  354  326  152  464  465  684  846  259  452  530  571  108  545  932  496  681  380  688  989  358   66  379  664  667  970  793  936  
645  398  929  308  186  146  908   72  771  752  873  445  785  299  844  962  386  871  334  667  735  772  661  618  422  722  743  428   13  136  693  783   45  585  272  373   71   29  774  222  411   74  458  103  715  276  440  388   44   30  944  450   64  486   40  996  258  277  429  448  466  381  298  374  102  933  490    0  226  110  101  842  528  986   11  277  383  170  176   88  283   68  719  252  281  465  652  433  421  358  127  812  285  663  149  174  686  991  660  299  609  496  160  825  537  334  521   61  509  695  522  588  341  584  635  
412  154  108  212  445  517  144  453  883  529  848  269  579  328  374  475  532  124  917  464  515  133  865  555  116  826  259  676  163  781  988  488  394   61  658  264  654  985  460  839  319   58  327  240  215    5  745  572  623  782  665  578  383  689  133  380  412   87  342  632   87   83  299  819  404  767  832  226    0  633  422  810  661  200  124  864  367  885  662    8  465  249  958  131  888  241  726  321  295  345  665  325   49  133  566  469  280  716  907  114  715  382  678  644  772   52  767  157  344  523  144  380  493  738  904  
