100

  0  507  709  891   43  666  463  692  189   77  535  634  231  247   98  996  562   88  970  392  687  742  950  743   68  989  378  454   42  218  606  603    6  361  875  613  568  153  379  962  717   82  405  523   88   81  832   14  678  526  473   44  421  121  735  104  410  809  443  356  719  536  494  545  588  467  965  937  974  148  608  879  861  812  553  641  555  692  361  889  246  961   59  193    5  894  413  687  986  846  626  322  242  985  522  494   34  514  479  255  
507    0  879  191  813  355  779  265  470  344  338  741  462  638  230  417  655  990   97  734  227  383  442  667  336   32  841  436  318  534  263  930  118   59  394  575  638  402   56  631  872  864  110  498  834  490  313  628  244   72  314  463  539  831  906  514   57  560  789  422  854  126  716   70  407  409  143   12  463   71  190  727  569  883  699  745  114  175  646  120  611  324  742   93  932  205  214  859  294  747  555  304  673  961  952  912  696  490  395  375  
709  879    0  787  385  466  298  698  793  796  963  360  596  762  171  104  757  802   41  773  968  618  795  484  290  258   24  104   52  288  584  810  218  967  571   21  274  872  127   56  738  199  995  174  751  863  353  981  953  187  487  143  302  598  327  127  191  193  148  919  741  864  413  828  383  534  148  110  789  465  974  898  854  178  784  148  411   82  460   95  959  681  936  277  325  931  560  135  627  822  898  353  563  398  693  677  511  508  992  104  
891  191  787    0  705  199   68  968   47  558  730  109  525  471  823   37  595  102  932  217  647  320  414   93  209  302  551  214  990  561  775  990  721  998  360  901  494  538  765  797  753  985  555  714  910   87  952  981  768  486  993   42  314  764  700  477  818  594  113  567  874  484  459  645  645  735  920  527   83  866  597  774  950  387  935  564  890  381  798  215   26  247  520  252  143   86  585  543  608  551  938  204   95  578  796  156  576  967   67  610  
 43  813  385  705    0  186   27  154  572  745  345   41  342  799  596   93  997  345  572   54  120  282  794  210   23  580  677  178  858  361  167  503  502  125  642  328  791  742  748  416  608   58  693  637  364  973  685  508   23  928  889  334  471  774  454  720  907  529  437   25  118  602  396  527  614  847  575  751  352  144   40  200  753  365  231  188  132  703  153  839  992   80  669  918  150  955  462  107   31   59  242  793  607  161  376  237  956    5  986  285  
666  355  466  199  186    0  569  524  779  752  772  115  574  575  397  428   33  660  755  890   89  539  921  130  730  180  140  687  883  224  252  105  214  717  256  402  709  209  204  181  139  421  625  936  464  272  126  134  815  716  647  661  650  283   29  409  688  146  713  913  774  346  854  129  139  683  147   54  808  929   23   17  744  408  625  325  334  779  521  142  553  404  550  453  697  407   77  653   72  316  477  518  829  886  440  669  211   22  156  969  
463  779  298   68   27  569    0  633  359  546  499  372  859  615  733  949  943  716   62  977  641  616  117  448  654  489  618  395  736  584  303  445   44  488  643  594  784  712  853  660  427  624  217  539  891  251  988  243   75  562  390  455  581  644   24  625  857  391  252  759  511  256  332  589  278  506  426  829  882    9  137  778  916  440  411  809  610  601  719  400   83  524  993   52  976  708  346  700  764  764  216  797  330  894  584  876  817  662  726  718  
692  265  698  968  154  524  633    0  403  225  723   94  759  503  935  631  662  733  768  530  391  273  489  376  216   75  384  558  788  672  376  957  516  865  543  749  782  214   35  161   13  507  373  518  931  865  179  293  751  120  142  347  545  134  535  319  668  140  985  947  586  886  958  211   39  179  585  958  238  412  422  292  508  824  886   65  310  579  620  962  737  992  813  520  296  167  450  891  155  580  693  526  713  305  339  343  118  485  622  297  
189  470  793   47  572  779  359  403    0  623  198   39   57   10  241  883  680  785  648  803  564  469  128   93  610  745  558  884   38  364  654  470  754  518  464  488   26  765  528  911  138  559  602  662  379  567   22  588  469   50  934  596   18  785  692  705  602  811  985  103  712  599  912  327   51   44  959   53  967  142  802  529  590  613  368  583  114  650  886  599  676  655  705  822  413  642  758  368  529  975  450  664  297  231  591  215  706  450  753  633  
 77  344  796  558  745  752  546  225  623    0  526  418  150  475  414  223  920  437  866  728   42   22   57  213  418  194  448  859  327  108  865  401  357  785  573  681  837  848  726  169  866  524  170  636  151  929  705  570  803  989  445  127  856  949  237  388  955  669   66  639  750   58  810  999  850  591  669  790  229  548  990  368  499  464  171   34  596  697  306  650  822  117  286  452  855  317  902  451  725  928  920   13    5  885  946   36  422  765   86  399  
535  338  963  730  345  772  499  723  198  526    0  240  447  925  884  964  306  454  196  510  130  302  646   82  685  150  978  610  650  641  609   73  834  721  979  233  693  455  900  676  504  280  107  477  336  628  321  599    3  363  116  989  903  902  531  790  489  440  875  127  760  218  219  213  635  559  409  286  827  733  575  928  453  106  104  423  158  156  354  272  835  849  824  851   51    2  700  165  776  118  801  236  283  686  344  308  124  642  412  318  
634  741  360  109   41  115  372   94   39  418  240    0  795  646  170  695  571  107  176  556  315  427  309  508  231  671    1  348  766  588  828  671  993  452  876  311  480  564  269   27  862  709  860  779  944  104  321  853  119  647  674  345  778  178  386  934  904  754  498  526  602  774  643  334  933  936  725   67  722  154  793   31  386   62  457  298  227  719  565  979  770  349  696  291  588  103  135    9  842  833  117  679   30  211  789  500  325  373  933  677  
231  462  596  525  342  574  859  759   57  150  447  795    0  952   30  986  875  238  243  110  102  280  857  658  425  330  233  693  217  872  340  558  912  493  923  211  278  240  635  306  692  415  652  837  684   17   14  722  623   73  891   61  614  629  299  735  637  882  916  143  514  948  642  729  534  789  307  631  112  897  147  354  197  475  147  444  482  272  692  330  485  614  489  507  606  253  259  929  168  461  544  710  889  289  242  103  789  823   37  662  
247  638  762  471  799  575  615  503   10  475  925  646  952    0  493  573  801  712  284  331  651  723  773  524  274  309   22  321  344  193   39  634  189  967  596    9  131  405  114  219  844  215  728  180  824  314  936  517  538  129  435   37  582  427  429  172  864  207  966  168  320  813  260  265   32  666   87  933  864   27  870  800   95  196  406  576  918  864  454  184  863  746  433  922  153  641  152  614  314  924  265  625   10  599  643  440  196   36  267  661  
 98  230  171  823  596  397  733  935  241  414  884  170   30  493    0  147  272  315  426  724  829  936  126  240  966   94  151  508  951  170  266  187  385  222  149  317  746  838  637  789  163  559  475   67  119  755   52  384  205  829  532  249  991  477  209  947  515  807  391  911  138  911  156  971  273  190  184  264  386  181  150  531  289  423  699  114  409  160   40  621  556  978   73  704  890  790  978  107  727  143  794  388  601   19  747   24  409  305  599  418  
996  417  104   37   93  428  949  631  883  223  964  695  986  573  147    0  180  842    9  926   21   24  972  325  267    9   32  261  963  172  311  421  520  476  887  786  973  264  381  518  820  655  764  352  213   90  982  739  990  519   53  542  828  417  322  676   95  515  855   44  415  334  880  911  814  246   81  127  109  703  953   41  845  708  227  792  226  336  372  756    6  604  309  621  648  863  788  130  755  499  987   25  985  943  152  343   93  585  916  521  
562  655  757  595  997   33  943  662  680  920  306  571  875  801  272  180    0  331  357  649  108  608  255  606   47  556  519   53   84  152  344  168  349  908  302  873  698  848  929  221  997  896  724   99  390  886  660  736  740  390  763  189   73  265  719  257  915  394  633  346  402  503  295  516  939  568  243  812  654  830  302   80  495  200  319  521  130  241   55  918  884   54  230  692  564  974  851  602   86  572  418  749  796  623  420  362  300  529  119  729  
 88  990  802  102  345  660  716  733  785  437  454  107  238  712  315  842  331    0  944    1  521  272  716  833  214  820  935  860  552  845  605  555  890  165    8  207  923  152  838  345  883  360  200  475  270   35  991  941  917  138  894  501  305  136  983  526  552  638  671  514  628  652  903   62  895  149  312  619  602  615  310  287  342  839  985  398  160  614  794  639  820  984  464  231  396  697  543  349  425  972  643    2  849  505  292   59  683   20  462  598  
970   97   41  932  572  755   62  768  648  866  196  176  243  284  426    9  357  944    0  910  627  163   96  985  237  109    0  385  500  828  621  721  194  955    7  153  775  110  818  856  394  765  976  654   23  223   81  734  688  460  586  179  839  196  635  536  652  360  795  223  414   26  426   95  866  649  823  477  140   18  675  714  594  589  751  565  318  296  212  596  809  562  742  120   70  496    2  550  787  166   72  419   89  401  434  988  508  422  284  284  
392  734  773  217   54  890  977  530  803  728  510  556  110  331  724  926  649    1  910    0  752  131  756  581  918  980  204  219  483  393  472  317   25  914  782  912   50  619  537   14  579  325  625  945  405  221  898  411  359  848  980  543   82  624  334  422  636  969  945  864  186  889  793  537   56   88  253  919  454  309  538  737  786  953  993  851  802  468  284  306  789  998  119  534  248   36  178  234  898  757  635  954  497  756  534  214  329  427  607  137  
687  227  968  647  120   89  641  391  564   42  130  315  102  651  829   21  108  521  627  752    0  539  238  852  238   90  820  350  557   83   73  193  681  872  596  106  171  560  908  720  864   86  191  946  977   30  374  604  204  738  714  178  338  817  713  333  678  293  319  637  900  429  330  851    3  492  742  434  389  236  297  201  940  214  421  883  443  171  455  827  247  749  342  809  537  272  441  501  129  457  567  778  187  501  920  785  222  369  468  618  
742  383  618  320  282  539  616  273  469   22  302  427  280  723  936   24  608  272  163  131  539    0  525  347  562   87  713  464  461   90  434  134  564  231  768  319  913   79  195  642  796  246  175   20  445  609  155    6   20  653   26  223  631  257  477  188  238  704  768  957    8  928  170   97  161  410  618   26  491  818  326  341  302  240  203  439  614   53  712  516  261  397  973  606  927  754  627  306  395  407  723  263  882   82  699  230  683  975  764  109  
950  442  795  414  794  921  117  489  128   57  646  309  857  773  126  972  255  716   96  756  238  525    0  919   97  668  456  538  608  415   61  235  626  167  187  244  790  696  282  944  283  471   94  748   96  422  664  319  444  496  691  892  427  727  612  489   73  627   21  990  266  473   82   74  636  388  129  511  131  846  221   70  446   83  956  400  496  953  710  559  608  848  431  351  270  915  681  810  804  760  329  912  312  455  894  582  724  875  877  411  
743  667  484   93  210  130  448  376   93  213   82  508  658  524  240  325  606  833  985  581  852  347  919    0  633  973  223  539  440  288  201  518  355  974  642  252  989  421  140  621  361  706  940  355  929  498  192  750  505  426  254  791  282  413  318   81  445  301  670  292  345  880  556  385  961  933  291   21  618  312  819  230  291  709   45  310  452  677  458  934  189  228  219  463  353  752  987  688  361  631  866  173  918  354  701  498  139  404  272  425  
 68  336  290  209   23  730  654  216  610  418  685  231  425  274  966  267   47  214  237  918  238  562   97  633    0   67   82  402  604  357  698  602  990  841  612  414  670  840  970  851  845  515  693  602  453  537  533  278  432  445  283  403  898  255  846  775  534  602  566  305  550  405  215  197  972  642  590  548  241  977   81  515  679  542  848  120  299  519   31   17  342  963  875  502  282  493  767  741  876   20  282  881  871  638  459  526  218   83  599  639  
989   32  258  302  580  180  489   75  745  194  150  671  330  309   94    9  556  820  109  980   90   87  668  973   67    0  216  876  534  269  566  738  427  112  417  182  340  121  231  448  507  858  253  802  812   92  814  442  296  602  913  104  940  267  439  679   12  982  214  559  648  487  229  135  836  970  737  895  558  459  139  548  345  761  735  163  360  494  128  755  875  507  980  764  381  144  248  967  936  821  656  491  435  745  640  417   36  166  976  574  
378  841   24  551  677  140  618  384  558  448  978    1  233   22  151   32  519  935    0  204  820  713  456  223   82  216    0  265  398  331  778  593  844   24  755  877  121    9  296   61  253  746  423  824  611   13  308  961  571  224  525  744   57  171  849  284  933  768  858  809  988  860  763  982  615  918  847  988  897  763  403  742   74  530  951  739  302  492   88  415  582  335  154  598  102  454  241   54  840  880  325  717  838  599  785  120  947  209   27  993  
454  436  104  214  178  687  395  558  884  859  610  348  693  321  508  261   53  860  385  219  350  464  538  539  402  876  265    0  613  336  523  857  377   26  764  701   94  695  801  916  761  813  285  415  741  689  497  840  486  910   91  223  483  451  894  242  689  369  817  259  174  181  845  165  131   56  315  854  925   94  302  425  150  862  492   85  845  154  876  980  349  313  666  797  899  973   81  948  832  287  811  490  287  196  726  140  972  383  269  793  
 42  318   52  990  858  883  736  788   38  327  650  766  217  344  951  963   84  552  500  483  557  461  608  440  604  534  398  613    0  966  958  663  267  830  945  535  540  952  850  467   48  828  533   93  451  298  575  641  694  640  547  156   40  104  383  507  565  880  728  327  453  521  407  425  830   41  621   63  312  471  942  655  173  216  420  683  641  335  911  474  987  683  398  958  718   72  113  524   34  487  510  120  226  763  341  508  209  265  644  198  
218  534  288  561  361  224  584  672  364  108  641  588  872  193  170  172  152  845  828  393   83   90  415  288  357  269  331  336  966    0  613  852  583  923  580  588  774  167  641  426  460  175  514  135  808  724  984  817  356  267  432  175  909  109  848  187  660  928  532  115  306  671  110  254    6  586  944  437  396  839  934  138  228  179  297  602  713  485  953  736  746  922  793  827  342  139  428  953  310  263  145  937  415  350  237  509    3  297  241    0  
606  263  584  775  167  252  303  376  654  865  609  828  340   39  266  311  344  605  621  472   73  434   61  201  698  566  778  523  958  613    0  280  144  884  560  714  247  497  438  672   57  775  306  378  602  500  551  976   32  550  303  221   83  560  585   78  944  242  260  547  661  801  276  662  392  290  471   51  706  242  869  326  129  568  301  919  348  219  516  586  965  906  223  518  920  607  530   23  481  556  464   96  680   63  836  758   31  394  550  216  
603  930  810  990  503  105  445  957  470  401   73  671  558  634  187  421  168  555  721  317  193  134  235  518  602  738  593  857  663  852  280    0  532  698  790  951  800  945  376  614  739  848  475  443  750  444  424   64    0  877  494  664  637  382  401   72  419  450  152  279  488  892  842  972  578  625  202  226  169  610  682  509  363  636  889  606  501    2  767  645  159  259  909  402  640  340  302  640   62  764  166  790  487  275  413  873  387  499  226  745  
  6  118  218  721  502  214   44  516  754  357  834  993  912  189  385  520  349  890  194   25  681  564  626  355  990  427  844  377  267  583  144  532    0  969  323  605   22  256  857  720  143  775  448   34  512   64   32  259  451  570  921    0  828  774  463   67  331  874  173  473  272   17  835  217  561  993  266  328  293  939  975  874  498  782   99  809  496  702  436  538  553  604  878  991  122  978  552  678   65  337  462  320  493  188  208  840  412  267  768  157  
361   59  967  998  125  717  488  865  518  785  721  452  493  967  222  476  908  165  955  914  872  231  167  974  841  112   24   26  830  923  884  698  969    0  325  649  347  137  115  590  270  563  396  415  881  937  798  490  608  868   19  482  174  943  590  764  300  736  251  540  225  441  285  931  424  569  574  187  492  111  805  868  636  968  334  873  690  376  609  133   89  784  829   44  713  562  664  276  428   87  321  206  604  404  306  161   76  451  410  994  
875  394  571  360  642  256  643  543  464  573  979  876  923  596  149  887  302    8    7  782  596  768  187  642  612  417  755  764  945  580  560  790  323  325    0  444  996  285  897  909  803   88  764  961  723   30  130  133  740  700  290  863  370  662  584  624   68  222   23  692   82  554  878  302  474  827  612  824  563  191   58  600  643  591  796  830  600  968  960  570  469  506  917  630  612  233  813  665  172  704  455  197  161  195  186  310  984  777  626  244  
613  575   21  901  328  402  594  749  488  681  233  311  211    9  317  786  873  207  153  912  106  319  244  252  414  182  877  701  535  588  714  951  605  649  444    0   76   67  429  279  590  106   45   74  992  271  105  868  186  674  703  894  289  115  484  780  144  780  123  286  504  980  927   28  948  835    4   14  597  705  734  232  204   47  794  344    6  282  216  783  357  558  288  583  471  181  137  332  763   72  993  632  763   95  477  979   91  492  261  126  
568  638  274  494  791  709  784  782   26  837  693  480  278  131  746  973  698  923  775   50  171  913  790  989  670  340  121   94  540  774  247  800   22  347  996   76    0  505    2  153  805   32  826   91  108  502  617  314   22  387  174  627  771  988  789  236  129  678  120  273  490  132   50  812  212  886  893  841  230  383  349  778  179  354  324  385  128  863  869  953  983  918  936  473  189  155  343   81  624  488  172  349  243  444  894   83  580  855  255  805  
153  402  872  538  742  209  712  214  765  848  455  564  240  405  838  264  848  152  110  619  560   79  696  421  840  121    9  695  952  167  497  945  256  137  285   67  505    0  913  519    1  351  393  297  541  486  281  920  586   93  906  132  335  452  755  487  730  909   76  386  756  973  802  258  715   71   41   64  397  403  225  341  145  190  575  722  304  124  831  446  464  810  473  713  535    5  723  542  988  114   75   55  895  460  937  927  239  576  445  910  
379   56  127  765  748  204  853   35  528  726  900  269  635  114  637  381  929  838  818  537  908  195  282  140  970  231  296  801  850  641  438  376  857  115  897  429    2  913    0  147  464  146  229  413  358  134  150  209  492  857  224  755  686  951  318  491  301  644  745  642  243  890   91   63  313  730  611  946   71  361  993  737  320  148  144   56  562  270  612  418  243  753  321  613  784   22  179  284  789  672  664  708   69  433  177  250  434  978  152  380  
962  631   56  797  416  181  660  161  911  169  676   27  306  219  789  518  221  345  856   14  720  642  944  621  851  448   61  916  467  426  672  614  720  590  909  279  153  519  147    0  503  220  710  464  897  567  458  391  281  952   83  994  831  845  626  951  725  171  455  239  269  276  754  742   72  550  298  754  857  909  416  728  675  528  840  799  717  129  362  118  936  483  973  571  547  894  771  476  443  415  547  838  865  943  506  959  390  600  921  827  
717  872  738  753  608  139  427   13  138  866  504  862  692  844  163  820  997  883  394  579  864  796  283  361  845  507  253  761   48  460   57  739  143  270  803  590  805    1  464  503    0  866  300  267  149  722  928  921  332   39  686  160  335  671  687  646  973  200  691  175  824  269  715  642   70  239  974  881  835  550  746  717  704  917  824  907  285  390  905  854  696  122   45  505  469  522  882   69  614  971  500  869  403  330  688  719  305  860  677   26  
 82  864  199  985   58  421  624  507  559  524  280  709  415  215  559  655  896  360  765  325   86  246  471  706  515  858  746  813  828  175  775  848  775  563   88  106   32  351  146  220  866    0  801  528  833  830  833  107  560  316  917  452  304  147  916  732   35  258  497  913  757  318   86  202  303  310  955  707  387  738  640  125  123   15  705  581   59   23  904  845  820  605  822  931    4  935  714  705  140   39  142  418  372  991   11  616  517  147  623  291  
405  110  995  555  693  625  217  373  602  170  107  860  652  728  475  764  724  200  976  625  191  175   94  940  693  253  423  285  533  514  306  475  448  396  764   45  826  393  229  710  300  801    0  558  334  383  486  399  509  910  699  703  344  685  952  943  616  935  447  262  935   75  915   73  440  869  108   26  878  961  178  202  775  772  608    4  404  233  166   79  848  210  781  281  715  655  956  359  885   93  468  941  186  672  967  297  842  891  362  709  
523  498  174  714  637  936  539  518  662  636  477  779  837  180   67  352   99  475  654  945  946   20  748  355  602  802  824  415   93  135  378  443   34  415  961   74   91  297  413  464  267  528  558    0  924  456  321   18  357    6  663  190  673  380  106  946  910  337  803  908  509  709  189   15  580  803  747  615  407   31  569  260  522  997  180  725  395  919   17  540  660  669  406  123  242  512  417  335  935  965  683  690  297  141  710  207   32  825  787  797  
 88  834  751  910  364  464  891  931  379  151  336  944  684  824  119  213  390  270   23  405  977  445   96  929  453  812  611  741  451  808  602  750  512  881  723  992  108  541  358  897  149  833  334  924    0  767  611  258  860  397  547  156   34  330   26  895  513  735  452  560  462  958   19  597  332  843  906  836  249  915   80  323  891  144  790  620   69  576  217  857  239  911  674  449  774  537  124  125   12  257   49  908  485  559  706  253  906  652  319  758  
 81  490  863   87  973  272  251  865  567  929  628  104   17  314  755   90  886   35  223  221   30  609  422  498  537   92   13  689  298  724  500  444   64  937   30  271  502  486  134  567  722  830  383  456  767    0  434  898  904  232  120  128  332  712  482  451  662  448  670  831  206   84   71  304  743   45  952  541  457  194  203  794  713  771  416   71   27  190  552  422  284  460  937  403   90  689  979  994   64  670  145   96  766  509  450  767   71  384  739  737  
832  313  353  952  685  126  988  179   22  705  321  321   14  936   52  982  660  991   81  898  374  155  664  192  533  814  308  497  575  984  551  424   32  798  130  105  617  281  150  458  928  833  486  321  611  434    0  464  727  123  671  645  366  711  624  629  920  607  759  480  863  286  259  847  849  383  302  218  336   57  895  806  114  306  504  769  483  881  133  323  892  364  674  254  957  551  613  387  350  223  532  683  580  443  259  785    3  541  581    4  
 14  628  981  981  508  134  243  293  588  570  599  853  722  517  384  739  736  941  734  411  604    6  319  750  278  442  961  840  641  817  976   64  259  490  133  868  314  920  209  391  921  107  399   18  258  898  464    0  858   98  426  342  590  540   40  786  982  981  775  773  429   82  331  529  356  384  243  895  886  444  715  432  990  541  204  931  692  617  139  523  813  807  203  703  684  599  527  963  261  336  700  765  965  672   33  157  143  680  634  789  
678  244  953  768   23  815   75  751  469  803    3  119  623  538  205  990  740  917  688  359  204   20  444  505  432  296  571  486  694  356   32    0  451  608  740  186   22  586  492  281  332  560  509  357  860  904  727  858    0  975  119  305  188  679  665    1  434  540  677  887  803  648   92  960   18  759  978  643  888  383  916  802   34  344  273  145  662  912  104  837  347  151  542  955  811  418  878  480  196  513  764  524  664  132  513  294  492  685  730  353  
526   72  187  486  928  716  562  120   50  989  363  647   73  129  829  519  390  138  460  848  738  653  496  426  445  602  224  910  640  267  550  877  570  868  700  674  387   93  857  952   39  316  910    6  397  232  123   98  975    0  999  979  498  266  456  550  481  112   21  555  758   86  523   99  113  792  219  554  524  846  441  998  158  841  321  985  806  877  397  541  815  243  299  746   48  109   10  702  192  536  159  654  222  436  927  978  493  198  339   30  
473  314  487  993  889  647  390  142  934  445  116  674  891  435  532   53  763  894  586  980  714   26  691  254  283  913  525   91  547  432  303  494  921   19  290  703  174  906  224   83  686  917  699  663  547  120  671  426  119  999    0  967  916  109  208   16  792  777  502  241  296  587  670  948  463  637  589  628  576  493  679  559  680  392  181  550   55  123  932  752  267  455  124  556  890  443  400  658  156   22  391  550  522  436  549  795  243  288  353  556  
 44  463  143   42  334  661  455  347  596  127  989  345   61   37  249  542  189  501  179  543  178  223  892  791  403  104  744  223  156  175  221  664    0  482  863  894  627  132  755  994  160  452  703  190  156  128  645  342  305  979  967    0  774  561  790  137  563  938  991  802  683  147  473  403  158   61  227   42  879  333  770   81  970  594  872  869  931  480  163   98  425  481  382  578  802  145  309  192  881  371  839  158  819  471    1   16  809  762  623  730  
421  539  302  314  471  650  581  545   18  856  903  778  614  582  991  828   73  305  839   82  338  631  427  282  898  940   57  483   40  909   83  637  828  174  370  289  771  335  686  831  335  304  344  673   34  332  366  590  188  498  916  774    0   12  581  324  569  976   17  950  170  453  830  486  145  645  624  868  908  377  772  806  807  814  923  902  510  360  294  362  887  545  645  427  269  617  385  127  184  286  222   20  651  173   67  770  118  641  466  380  
121  831  598  764  774  283  644  134  785  949  902  178  629  427  477  417  265  136  196  624  817  257  727  413  255  267  171  451  104  109  560  382  774  943  662  115  988  452  951  845  671  147  685  380  330  712  711  540  679  266  109  561   12    0  839  676  258  272  930  957  690  128  963  957  348  242  782  861  359  452  996  843  881  318  639  635  567  910  519  259  964  959  728  159  899  103  648  779  907  158  388  886  959  856  350  559  489  352  583  848  
735  906  327  700  454   29   24  535  692  237  531  386  299  429  209  322  719  983  635  334  713  477  612  318  846  439  849  894  383  848  585  401  463  590  584  484  789  755  318  626  687  916  952  106   26  482  624   40  665  456  208  790  581  839    0  560  923  334  539  714  132  595  805  884  949   49  597  616  331  683  735  969  698  866  426  174  376  308  159  256   82  818  607  459  481  197   69  935  547  845   16  817  372  317  191  892   12   77  821  454  
104  514  127  477  720  409  625  319  705  388  790  934  735  172  947  676  257  526  536  422  333  188  489   81  775  679  284  242  507  187   78   72   67  764  624  780  236  487  491  951  646  732  943  946  895  451  629  786    1  550   16  137  324  676  560    0  809  825  839  814  622  182  950  107   14  321  551  860  431  712  614  318  280  542  174  605  387  863   96  886   18  252  995  448  890  800  699   51  192  713  408  756  725  979  330    2  428  772   29  156  
410   57  191  818  907  688  857  668  602  955  489  904  637  864  515   95  915  552  652  636  678  238   73  445  534   12  933  689  565  660  944  419  331  300   68  144  129  730  301  725  973   35  616  910  513  662  920  982  434  481  792  563  569  258  923  809    0  439  395    8    4  834   80  944  819  332  748  123  866  605  866  492  243  742  888  468  988  975  341  507  319  337  746  316  425  878  747  884  942    8  124  302  953  596  946  565  935  506  284  938  
809  560  193  594  529  146  391  140  811  669  440  754  882  207  807  515  394  638  360  969  293  704  627  301  602  982  768  369  880  928  242  450  874  736  222  780  678  909  644  171  200  258  935  337  735  448  607  981  540  112  777  938  976  272  334  825  439    0  396  791  410  968  855  883  683  277  182  458  104  225  421  139  799  934  826  590   62  814  437  397  406    2  419  888  478  726  951  259   59  825  741  535  994  995  736  951  154  899  124  663  
443  789  148  113  437  713  252  985  985   66  875  498  916  966  391  855  633  671  795  945  319  768   21  670  566  214  858  817  728  532  260  152  173  251   23  123  120   76  745  455  691  497  447  803  452  670  759  775  677   21  502  991   17  930  539  839  395  396    0  712  791  998  414  219   25  612   21  999  725  530  398  954  363  584  106  852   90  394  825  542  949  568  109  541  981  565  610  465  715  347  873  541  601  501  971  304  353  114  147  420  
356  422  919  567   25  913  759  947  103  639  127  526  143  168  911   44  346  514  223  864  637  957  990  292  305  559  809  259  327  115  547  279  473  540  692  286  273  386  642  239  175  913  262  908  560  831  480  773  887  555  241  802  950  957  714  814    8  791  712    0  450  303  112  275  434   95  954  947    3  302  831  621  943  669  414  496  425  318  735  684  598  568  247  991  898  701  610  824  308  222  629  213  724  232   83   82   17  251  397  303  
719  854  741  874  118  774  511  586  712  750  760  602  514  320  138  415  402  628  414  186  900    8  266  345  550  648  988  174  453  306  661  488  272  225   82  504  490  756  243  269  824  757  935  509  462  206  863  429  803  758  296  683  170  690  132  622    4  410  791  450    0  337  543  949   32  916  360  178  604   53  643  474  549  631  617  767  202  115  109  146  621  260  172  189  694  771  286  428   44  488  757  882  409  609  676  630  365  803   93  897  
536  126  864  484  602  346  256  886  599   58  218  774  948  813  911  334  503  652   26  889  429  928  473  880  405  487  860  181  521  671  801  892   17  441  554  980  132  973  890  276  269  318   75  709  958   84  286   82  648   86  587  147  453  128  595  182  834  968  998  303  337    0  962  297  176  935  536  908  927  650  220  249  366  392  652  749  104   46  862  610  882  705  620  544  789  137  373  160   45   21  786  998  456  560  674  452  993    4   10  938  
494  716  413  459  396  854  332  958  912  810  219  643  642  260  156  880  295  903  426  793  330  170   82  556  215  229  763  845  407  110  276  842  835  285  878  927   50  802   91  754  715   86  915  189   19   71  259  331   92  523  670  473  830  963  805  950   80  855  414  112  543  962    0    2  870  597  727  324  352  152   18   43  668  279  492  761  578  388  631  126   71  667  342  524  660  163  831  790  548  339  689  805  571  489  182  515  194   61  241  784  
545   70  828  645  527  129  589  211  327  999  213  334  729  265  971  911  516   62   95  537  851   97   74  385  197  135  982  165  425  254  662  972  217  931  302   28  812  258   63  742  642  202   73   15  597  304  847  529  960   99  948  403  486  957  884  107  944  883  219  275  949  297    2    0  903  317  554  713  294  483  552  385  665  423  589  781  863  340  460  185  148  791  488  375  807  451  378  467  553  291  596  347  209  758  282  992   55  151  936  674  
588  407  383  645  614  139  278   39   51  850  635  933  534   32  273  814  939  895  866   56    3  161  636  961  972  836  615  131  830    6  392  578  561  424  474  948  212  715  313   72   70  303  440  580  332  743  849  356   18  113  463  158  145  348  949   14  819  683   25  434   32  176  870  903    0  768  192  529  932  828   89  435  664  195  503  249  428  947  232  335  794  354  878  285  604  791  403  905  296  772   21  599   74  911  383  747  574  641  443  937  
467  409  534  735  847  683  506  179   44  591  559  936  789  666  190  246  568  149  649   88  492  410  388  933  642  970  918   56   41  586  290  625  993  569  827  835  886   71  730  550  239  310  869  803  843   45  383  384  759  792  637   61  645  242   49  321  332  277  612   95  916  935  597  317  768    0  623  284  741  739  917  629  969   12  863  931  744  535   30  783  418  797  172  152  435  786  422  865  422  446  519  820  866  775  884  885  123  923  958  303  
965  143  148  920  575  147  426  585  959  669  409  725  307   87  184   81  243  312  823  253  742  618  129  291  590  737  847  315  621  944  471  202  266  574  612    4  893   41  611  298  974  955  108  747  906  952  302  243  978  219  589  227  624  782  597  551  748  182   21  954  360  536  727  554  192  623    0  240  251  643  803  461  109  627  504  938  917  614  521  915  141   63  692    5  564  437  635  304   22  156  309  413  263  471  535  138   24  561  133  167  
937   12  110  527  751   54  829  958   53  790  286   67  631  933  264  127  812  619  477  919  434   26  511   21  548  895  988  854   63  437   51  226  328  187  824   14  841   64  946  754  881  707   26  615  836  541  218  895  643  554  628   42  868  861  616  860  123  458  999  947  178  908  324  713  529  284  240    0  109  624  590  565  760  741  831   62  552  888  430  831  257  556   68  149  803  699  571  635  125  293  111   87  140  825  319  788  270  838  925  307  
974  463  789   83  352  808  882  238  967  229  827  722  112  864  386  109  654  602  140  454  389  491  131  618  241  558  897  925  312  396  706  169  293  492  563  597  230  397   71  857  835  387  878  407  249  457  336  886  888  524  576  879  908  359  331  431  866  104  725    3  604  927  352  294  932  741  251  109    0  570  729  567  628  258  977  124  420  238  712  817  648  800  442  992  593  600  840  133  704  563  153  849  330  416    1  265  591  919  339  123  
148   71  465  866  144  929    9  412  142  548  733  154  897   27  181  703  830  615   18  309  236  818  846  312  977  459  763   94  471  839  242  610  939  111  191  705  383  403  361  909  550  738  961   31  915  194   57  444  383  846  493  333  377  452  683  712  605  225  530  302   53  650  152  483  828  739  643  624  570    0  554  168  265  136  936  276  302  358  115  656  230  617  341  645  923  468   61  701   82  196  377  138  655  598  367  108   12   45  452  824  
608  190  974  597   40   23  137  422  802  990  575  793  147  870  150  953  302  310  675  538  297  326  221  819   81  139  403  302  942  934  869  682  975  805   58  734  349  225  993  416  746  640  178  569   80  203  895  715  916  441  679  770  772  996  735  614  866  421  398  831  643  220   18  552   89  917  803  590  729  554    0   94  463   33  285  126  530  378  159  578  407   50  597   50  534  250  747   69  910  669  585  400  352  180  911   45  758  294  207  210  
879  727  898  774  200   17  778  292  529  368  928   31  354  800  531   41   80  287  714  737  201  341   70  230  515  548  742  425  655  138  326  509  874  868  600  232  778  341  737  728  717  125  202  260  323  794  806  432  802  998  559   81  806  843  969  318  492  139  954  621  474  249   43  385  435  629  461  565  567  168   94    0  436  839   59  617  739  214  791  835  106  893  633  792  401  653  756   43  682  695  345   81  232   72  509  377  917   65  255  733  
861  569  854  950  753  744  916  508  590  499  453  386  197   95  289  845  495  342  594  786  940  302  446  291  679  345   74  150  173  228  129  363  498  636  643  204  179  145  320  675  704  123  775  522  891  713  114  990   34  158  680  970  807  881  698  280  243  799  363  943  549  366  668  665  664  969  109  760  628  265  463  436    0  430   73  440  702  668  316  917  761  501  887  170  421  887  571   75  303  795  606  718  783  851  340  250  579  232  389  832  
812  883  178  387  365  408  440  824  613  464  106   62  475  196  423  708  200  839  589  953  214  240   83  709  542  761  530  862  216  179  568  636  782  968  591   47  354  190  148  528  917   15  772  997  144  771  306  541  344  841  392  594  814  318  866  542  742  934  584  669  631  392  279  423  195   12  627  741  258  136   33  839  430    0  177  870   69  951   30  433  798  212   86  741  290  554  153  772  427  200  620  397  769  411  397  826  533  357  728  141  
553  699  784  935  231  625  411  886  368  171  104  457  147  406  699  227  319  985  751  993  421  203  956   45  848  735  951  492  420  297  301  889   99  334  796  794  324  575  144  840  824  705  608  180  790  416  504  204  273  321  181  872  923  639  426  174  888  826  106  414  617  652  492  589  503  863  504  831  977  936  285   59   73  177    0  745  866  895  415  798  630  867  327  923  827  502  427  571   32  159  630  951  909  793  762  386  462  939  387  589  
641  745  148  564  188  325  809   65  583   34  423  298  444  576  114  792  521  398  565  851  883  439  400  310  120  163  739   85  683  602  919  606  809  873  830  344  385  722   56  799  907  581    4  725  620   71  769  931  145  985  550  869  902  635  174  605  468  590  852  496  767  749  761  781  249  931  938   62  124  276  126  617  440  870  745    0    6  778   94  190  694  412  561  640  721  641  716  323  381  534  136  923  387  887  775  676  501  739  121  756  
555  114  411  890  132  334  610  310  114  596  158  227  482  918  409  226  130  160  318  802  443  614  496  452  299  360  302  845  641  713  348  501  496  690  600    6  128  304  562  717  285   59  404  395   69   27  483  692  662  806   55  931  510  567  376  387  988   62   90  425  202  104  578  863  428  744  917  552  420  302  530  739  702   69  866    6    0  310  451  266  584  245  764  764  435  775  745  638  253  759  725  697  516  785  255  652  394  424  135  977  
692  175   82  381  703  779  601  579  650  697  156  719  272  864  160  336  241  614  296  468  171   53  953  677  519  494  492  154  335  485  219    2  702  376  968  282  863  124  270  129  390   23  233  919  576  190  881  617  912  877  123  480  360  910  308  863  975  814  394  318  115   46  388  340  947  535  614  888  238  358  378  214  668  951  895  778  310    0  763  778  573  187  452  588    3  444  476  535  685   13  708  857  623  655   26  660   57  455  375  917  
361  646  460  798  153  521  719  620  886  306  354  565  692  454   40  372   55  794  212  284  455  712  710  458   31  128   88  876  911  953  516  767  436  609  960  216  869  831  612  362  905  904  166   17  217  552  133  139  104  397  932  163  294  519  159   96  341  437  825  735  109  862  631  460  232   30  521  430  712  115  159  791  316   30  415   94  451  763    0  565  773  756  762  440  328  261  624  701  418  167  310  197  723  515  773   34  443  271  943  156  
