125

  0   75  175  279  140  194  827  207  400  239  715    4  299  739  753  231  201  305  470  549   92  763  913  380  989  412  624  987  436   95  610  370  600  478   69  883  128  426  401  604   60  656  749   96   34  441  549  324  339  444  407   31  943  797  169  779  706  244  233  720  628  821  346  280  852  625  543  671  124  212  586  927  222  104  451  411  937   89   52   47  410  835  246  364  823  842  393  312  984  385  823  277  329  805  774  659  729  174  420  956  857  459  409  645  323  856  649  930  881  698  516  254  322  848  757  947  344  839  170  765  429   62  991  233  238  
 75    0  957  576  228  796  173  799   36   92  832  970  223   45  178  721  383  225  354  626  543  103  976   96  789  662  601  611  579  372  696  962  287  878  579  724  816  800  978  318  670  904  851  306  424  966  853  531  515  678  105  276  636  775  721  324  484  591   86  457   67  173  660  650  379  301    7  440  427  304  773  649  409  369  794  499  367  840  631   49  356   80  419   38  266  935  511    1  598  363  889   78  354   13  116  296  836  683  868   86   48  490  355  471  207  103  444  399  168  948  228  311  314  204  508  748  229  685  425  101   26   58  611  145   41  
175  957    0  553   83  405  510  306  511  395  494  924  143  383  154  766   24  179  921  412  326  906  649  784  889  267   71  273  877  753  444   75  419    9  473  911  295  356  892  926  759  846  297  972  827  480  594  112  720   58  476  659   90  484   99  474  424   12  588   89  973  129  307  435  905  426  391  375  508  691  986  791  326  635  133  101  139  488  162  959  812  574  316  719   48  826  273  891   31  160  773  630  736  426  606  117  208  837  194  660  644  806  365  881  143  125    6  400  340  420  397  670  764  681  854  313  400   80  780  412  164  407  268  204  164  
279  576  553    0  524   88  385  311  918  210  650  177  552  350  912  598  681   63  985  493  740  659  690  379   66  612  190  414  172   66  137  743  328  648  481  595  248  295  225  667  779  713  138   21  682  279  138  722  329  799  701  179  750  671  719  447   91   14  710  455  452   19  251  359  441  469  109  463  570  158  253  496  476  131   58  168  210  935  627  520  709  307  575  902  105  280  483  493  771  202  566  875  131  540  739  104  912  644   41  713  192  671  765   33  466  328   54  576  645  835  540   56  687   97  267  988   92   73   83  596  737   88  449  669  519  
140  228   83  524    0  289   43  665  707  199  456  213  261  770  749  196  114  270  279  817  503  522  112  358   25  228  845  388  449  528  829  769  424  250  725  497  185  876  745  856  836  369  361  753  653  231  687  205  849  756  783  863  325  886  430  938  898  943  385  154  594  108   44  395  749  387  445   55  265    1  912   55  885   42  806  749  708  257  901  713  588  577  413   54  130  701  208  570  976  808  236  897  602  391  113   72  824  966  921  852  405  110   33  228  256  875  348  533  801   72  684  499  145   44  836  659  882  814  461   33  695   86  596  439  608  
194  796  405   88  289    0  944  787  999  241  316  886  106  509  728  991  179  457  644  875  130  429  902  204  817  862  112  924  696  921  963  756  319  137  740   52  874   76  455  677  740  148  128   47  706   59  450    8  541  286  601  126   51  964  662  296  520  741  377  411  548  835  699  569  980  160  169  189  907   58  480  648  513  233  970  231  291  300  300  259  424  481  754  816  628  944   99  338  224   98  810  633  124    2  951  745  643   73  800  377  801  714  536  444   29  349  791  376  109  891  367  277  195  368  344  962  257  379  925  380   43  191  660  741  366  
827  173  510  385   43  944    0  351  132  266  115  162  938  754  127  400  561  678  228  359  648  667  350  751  100  765  164  245  116  487  416  753   51  735  311  734  801  722  854   82    3  110  649  905  673  576   74  144  415  959   74  641  261  570  900   42  964  360  409  338  943  364  938  499  193  483   64  141  160  267   25  396  749  785  232  888  569  209  438  434  223  573  880  622  970   74  804  204  394  734  999  206  514  313  239  135  428  384  340   78  760  666  529  835  764  820  379  153  281  117  713  732  281  936  459  669  837  629  295  644  825   88  409  680  365  
207  799  306  311  665  787  351    0  377  715  873  611  963   39  576  689  416  731  748  306  708  522  107  559  477  512  800   39   89  205  772  717  118  299  752  260  462  459  988  301  539  920   33  592   59  960   53  122  229   86  545   32  931  893  498  584  904  508  781  644  650  389  339  404  227  747   90  879  612  470  373  845  408  192  513  574   76  353  262  698  318   92  519   68  632  898  450   41  901  378  732  811  323  981  298  691  219  393  494  865  422  155  402  534  731  641  646  738  294  901  956  745  790    5   93   52  179  502  614  279  660  445  176  275  318  
400   36  511  918  707  999  132  377    0  642  908  536  972  597  469  363  829  308   15  397  522  600  494  394  282  425  860  881  298  903  319  554  153  550  125   15  538  116  665  227  698  920  359  206  476  528  651   49  943  569   54  736  958  906  380  409  409  838  483  156  139  470  275  332  437  706  215  395  226  844  831  625  948  924   40  743  438   82  420  233  763  337  393  534  305  333   69  490  596  751  905  932  454  638   32  353  324  631  595  556  456  200   57  444  738  936  432  957   54  130  333   65  921  701  408   28  610  713  984  928  668  426   59  503   31  
239   92  395  210  199  241  266  715  642    0  973   49  449  318  959  768   24  770   65  985  404  747   70  913  484   38  981  272  642   45  301  518  316  692  345  110  375  292  412  851   19  374  551   76  142  529  212   90   63  761  974  191  306  764  959  471  683  381  436  362  315  422  572  704  283   85  902  694  216  379   63  442  132  332   86  234  774  709  119  881  331   13  791  107  777  104  561  125  216  656  144   12  521  269  968  431  850  423  742  143  844  944  420   77  398  505  215  257  798  739  539  259  629  584  562  678  613  757  544  127  284  299   42  413  500  
715  832  494  650  456  316  115  873  908  973    0  478  366  809  115  677  633  672   47   82  650  235  515  722  770  823  744  997   44   80  680  786  875  949  309  718  450  902   21  585  743   57   35  954  603  644   31  919   94  366  151  115  227  623  220  367  503  165  614  737  472  856  816  344  369  760  542  916   62  391  224  552  630  772  998  297  721  522  265   31  957  498  961   18  237   37  941  925   13  480  128  913  138  261  259  920  432  375  455  621   77  464   13   53  542  213  646  407  126  691  745  233  474  345  408  726   63  454  764  712  862   99  579  896  854  
  4  970  924  177  213  886  162  611  536   49  478    0   18  309  138  598  146  680  337  966  611  593   91  727  825  919  821  375  395  613  616   73  804  337  244  343  620  741  724   49  626  582  415   95  574  809  298  134  667  506  806  273  408  896  294  796  836  999   84  154  142  338  832  146  187   41  665  424   86  599  293   70   61   42  719  631  324  190  389   32  427   18  880  511  216  141  785  304  765  124  331  198  843  838  469   30  440   67  804  300  378  953  467  703  127  758  397  172  392  336  202  113  641  288  783  902  703  191  191  522  209   23   85  687  807  
299  223  143  552  261  106  938  963  972  449  366   18    0  756  802  376  137  337  228  159  980  183   39  413  263  673  865  837  125  801  613  993  431  800  465  782  219  548  932   24   27  202  461  383  395  459  337  751  288  405  295   52  280  184  543  714  121  391   41  533  365  961  228  483  943  146  598  341  211  448  468  373  618  553  561  906  529   23   78  272  199  381  584  250  753  148  615  135  684  286  281  872  592  816  352  379  225  185  524  494  278  983  175  473  491  969  333  411  236  834  323  608  156  194  327  620  397  547  245  778  319  649  184  516   53  
739   45  383  350  770  509  754   39  597  318  809  309  756    0  484  231  148  667  885  357  687  880  255  154  612  431  199  702  903  333  576  445  727  825  468  586  700  415   87  426  901  760  908  821  289  867  186  205  590  869  187  518  582  899  649  387  535  526  836  877  286  944  173  627  649  214  619  538  121  844  885  291  684  462  530  905  685  595  796  182  786  143  189  835  243  593  757  624  713  351  564  647  496  149  452   54  668  390  792  104  164  808  370    8  928  194  912  585  612  511  247  553  788  151  877  933    0  584  765  199  357  714   75  924  755  
753  178  154  912  749  728  127  576  469  959  115  138  802  484    0  446  458  215  944  308   27  360  425   77  400  209  932  454  885  681  680   70  702  180   80  380  957  328   10  885  764  296  392  610  524  323  206  839  944  666  909  239  163  508  487  806  733  581  699  981  672  782  172  529  893    8  464  520  295  891  351  531  728  769  815   64  786  658  612  525  277  706  581  816  836  814  406  421  476   73  260  789  859  301  804  521  937  724  951   70  273  316  291  313  455  863  434  997  293  416  780   26  855  195  657  443  219  680  541  463  458  854  863  371  826  
231  721  766  598  196  991  400  689  363  768  677  598  376  231  446    0  633  870  859  809  450  657  572  855  179  716  860  827  211  834  635  321   85  810  532  115  751  850  305  352  653  685  117  741  630  176  181  546  314  422  953  931  721   25   99  171  305  570  451  981  995  122  381  421  650  517  812  966  687  297  359   42  551  911  474  498  786  738  206  452  382  258  729  444  698  128  142  811  784   57  829  913  902  739  772  159   78  573  774    1  451  647  851    9  412  189  340   83  102  858   41  145  697  636  927  354  228  720  306  478  472  936  224  333   33  
201  383   24  681  114  179  561  416  829   24  633  146  137  148  458  633    0  321   14  557  882  102  593  763  694  785  104  436  109  821    4  860  287  817  752  485  749  351  194   37  470  427   84  877  501  608  985  412  746   31   17  924  482  749  381  759  304  763  577  592  851   53  933  641  714  286  958  683  163  160  600  220  606  822  130  483  655  377   30  848   42   40  299  465  258  953  594  775  336  168  354  650  825   75  429  662  292  391  952  524  449  559  595  663  871  494  832  667  129  110  936  869  402  401  771  430    6  480   75  894  690  711  225  532   56  
305  225  179   63  270  457  678  731  308  770  672  680  337  667  215  870  321    0  720  161  778  662  185  161  980  641  288  443  226  616  633  104  408  650  149   85  192  960  136  351  226  541  957  855  381  605   27  501  708  618  529   64  349  171  964  579  186  707  458  744  679   73  481  769  441  589  991  872  766  950  115  139  561  772  749  699  746  745  279  299  986  706  731  114  391  407  274  534  291  217  387  330  272  923  569   68  298  121  510  582  490  919   45   45  813   64   92  356  317  260  139  497    1  654   42  828  460  207  425  379  749  269  219  385  687  
470  354  921  985  279  644  228  748   15   65   47  337  228  885  944  859   14  720    0   45  299  945  651   32  789  210  609  762  436  571  778  266  607  421  593   54   64  940  950  955  376  872  442  761  823  768  428   61  620  307  410  413  379  306  143  610  680  637  903  724  515  502  589  353   93  138  433  789  527  917  210  303   11  318  327  556   27  376  621  619  647  604  104  144  999  841  554   51  955  936  243  404   18  397  252  340  342  154  612  460  485  332   79  981  261  463  457  670  706  411  778   66   79  360  480  285  649  690  144  454  393   38  182  543  898  
549  626  412  493  817  875  359  306  397  985   82  966  159  357  308  809  557  161   45    0  616  144  772  368  713    1  627  551  270  265  432  877  167  474  247  378  589  967  646  205  932  237  288  434  753  963  633   14  485  786  752   35  732  190  225  721  921  539  348  590  383  373   12  910  850  338  183   79  744  517  888  279  461  773  178  754  997  186  961  725  487  462  989   13  630  622  365  210  935  716  839  982  431  679  757  886  384  516  370  400  852  151  291  226  682  183  143  703  531  213  176  419  673  818  858  938  606  409  358  244   41  800  910  645  821  
 92  543  326  740  503  130  648  708  522  404  650  611  980  687   27  450  882  778  299  616    0  437  761  131  817   55  395  487  133  111  728  595  302  835  741  561  219  929  822  739  294  933   48  516  194  963   14  107   60  944  108  889  785  427  752   92  256  416   90  528   87  540   47  158  997  409  399  454  763  197  725  405  776  156   94  841    8  893  562  674  778   98  632  378  261   17  705  136  667    0   79  306  840  963  419    9    3  478  967  533  570  197  864  167  574  141  644  744  596  936   13  554  603  577  928  294  395  367  331  194  745  908  292  537  612  
763  103  906  659  522  429  667  522  600  747  235  593  183  880  360  657  102  662  945  144  437    0   30  303  573  779  694  671  844  134  231  476  760  977  998  322  443  898  656  222  928  779  832  171  390  677  453  212  408   50  375  936  173  562  564   39  786  338  821  850  828  481  190  552  209   18    2  523  727   83  270  473   97  564  159  300  255  986  996  397  764  864  956  359  632  459  917  764  555  664  262  741  402   95  731   75  693  770  184  788  251  418  581  421  782  152  282  563  502  929  481  593  100  784    3   16  853  351  478  390   31  180  680  123  974  
913  976  649  690  112  902  350  107  494   70  515   91   39  255  425  572  593  185  651  772  761   30    0  607  383   87  179  802  827  775  446  151  228  140  180  874  365  143  626  517   83  190  352  425  311  569  917  987  628  501  324  615  923  840  570  296  296  642   42  762  341  982  762  503  776  315  996  348  603  531  632  270  899  776  396  894  937  508  766  871  225  798  476  518  693   50  973  432   61  156  680  541  305  148  400   79  346  963  563  537  267  401  686  634  958  179  316  425  495  518  110  238  938  454  271  395   94  176  835  435  226  787  548  654  403  
380   96  784  379  358  204  751  559  394  913  722  727  413  154   77  855  763  161   32  368  131  303  607    0  435  510  522   21  267  113  242  928  609  439  487  998  191  638  599  835  281  290    8  913  159  231  863  154  283  679  810  873  675  948  577  127  627  129  726  949  307  692  991  645  935  345   39  616  808   25  558  749  204  291   14  458  937   88  132  964  945  394  725  502  788  627  828  315  660  333  200  506  532  343  690  404  942  845   17  779  104  306  297  407  709  789  246   92  259  391  984  533  169  258  582  781  234  337  326  805  902  168  375  513  689  
989  789  889   66   25  817  100  477  282  484  770  825  263  612  400  179  694  980  789  713  817  573  383  435    0  768  596  387  293  491  944  833  464  657  861  927  697  174  144   93  537  431  275  849  244  270   33   24  837  441  270  883  321  402  894  844  266  591  470  794  437   59  246  325  262  768  657  240  872  808  218  338  985  239  334  811  551  382  500  181  459  320  679  724  692  849  436  457  767  731  607  625  692  929  509   21  857  443  979  566  786  123  898  505  257  688  148  411  335  630  745  905  855  226  986  311  514  561  367  622  858  170  350  746  378  
412  662  267  612  228  862  765  512  425   38  823  919  673  431  209  716  785  641  210    1   55  779   87  510  768    0  997  712  124  743  573  254  765  597  224  925  243  705  703  790  405  904  760  379  338  849  653  879  308  972  964  165  748  882  346  615  546   58  979  759  303  747  362  540  580  444  338  474  755   31  139  989  732  184  351  599    9  573  564  857  224   38  541  447  112  564  845  997  328   74  554  417  561  915  753  137  576  822   53  260  517  174  698   66  596  582  622  355  231  815  538  925  921  448  999   57  813  355  315  791  396  829  717  968  481  
624  601   71  190  845  112  164  800  860  981  744  821  865  199  932  860  104  288  609  627  395  694  179  522  596  997    0   70  722  874   27  572  994  303  703  199  474  744  677  687  137  771   35  439  340  521  437  151  681  902  706  265  906  924  865   93  351  463  642  772   63   41  607  188  486  631   23  529  887  141  219  578   36  127  838  404  254  809  728  210  331  244  952  968  317  761  646  922   33   10   54    2  977  637  316  223  554  442  933   55  756  824  734  190  871  403  197  404  428  689  509  693   82   83   19  675  497    0   16  986  353  473  502  587  297  
987  611  273  414  388  924  245   39  881  272  997  375  837  702  454  827  436  443  762  551  487  671  802   21  387  712   70    0  890  529  480  818  459  563  882  805  791  560  553   52  785  778  245  593  492  627  304  285  280  496  695  844  441  163   89  204  878  732  376  670  687  428  281  498  484  278   41  497  183  110  562  976  200  905  596  305  593   61  737  918  191  264  357  429  834  619  844   19  670  944  356  850  347  812  411  305  493  789  976  290  709  946  309  379   73  200  943  299  258  884  616  147   68  276  873  761  159  264  575   22  589  232  317  573  550  
436  579  877  172  449  696  116   89  298  642   44  395  125  903  885  211  109  226  436  270  133  844  827  267  293  124  722  890    0  586  822  574  114  365  131  605  220  769   77  291  878   94  820  557  892  853  803  284   40  539  449  225   37  591  385  945  807  945  958  131  767   56  309  488  774  855   87  672  476  454  230  853  713  352  509  991  468  311  160  989  424   95  611  742  158   51  684  839  287  500  563  785  380  474  197  451  436  172  381   51  278  961  372  873   34  388  481  719  548  104   12  689  829  351  800  305  193  610  394  968  890  190  965  496  235  
 95  372  753   66  528  921  487  205  903   45   80  613  801  333  681  834  821  616  571  265  111  134  775  113  491  743  874  529  586    0  141  257  520  546  864  316   86  156  364  815  127  491  557  213  949  755  138  241  490  940  744  314  423  369  259   33  465  692  561  920  489  706  238   92  564  244  729  368  413  810  333  417  188  193  198  708  817  298  730  700  798  805  740    2  223  629   64  219  201  756  259  687  460  507  318  640   87  818  922   97   50  762  106  883  818  906  625  802  262   11  795  595  437  490  431  376  119  129  515  327  323  293  752  678  489  
610  696  444  137  829  963  416  772  319  301  680  616  613  576  680  635    4  633  778  432  728  231  446  242  944  573   27  480  822  141    0   60  213  460  711  719  463  375  758  824   45  782  674  332  493  983  408  497  983  506  823  325  169  234  193  575  741  983  196  176  644  775  624  703  106  373  168  340  574  886  383  247  180  600  807  107  790  670  791  403  177  749  408  516  428  157  443  127  193  307  578   47  703  272  711  208  249   92  517   55  597  847  820  579  289  472  712   77  117  594   11  138  919  770  893  157  671  142  600  667  198  618  294  532  757  
370  962   75  743  769  756  753  717  554  518  786   73  993  445   70  321  860  104  266  877  595  476  151  928  833  254  572  818  574  257   60    0  841  378  633  474   27  657  760  479  315  507  408  896   34  377  934  215   89  647  193  898  786  852  169  478  553  545  688  494  764   30  963  701  744  688   35  673  579  531  169   41   61  572  659  916   35  119   51  618  153  692  563  149  931  961  225  903   77  310  677  658  285   45  510  255  466  897  140  346   28  611  385  526  988  575  874  601  936  643  649  297  528  887  328  511  860  628  368  180  773  242  513  885  604  
600  287  419  328  424  319   51  118  153  316  875  804  431  727  702   85  287  408  607  167  302  760  228  609  464  765  994  459  114  520  213  841    0  245  457  367  772  188  906  503  208  524  476  862  450  690  678  594  928  172  839  983  899  495  994  536  646  951  971  409   23  812  873  470  598  558  343  740  639   86  844   44  265  527  720  790  416  449  622  559  329  957  715   27  564  362  711   93  646  198  866  908  317  344  225  773  949  780  365   69  907  560  740  994  833  359  910  241  843  539  126  332  819  610   13  326  615  755  497  550  226  447  122  676  671  
478  878    9  648  250  137  735  299  550  692  949  337  800  825  180  810  817  650  421  474  835  977  140  439  657  597  303  563  365  546  460  378  245    0  910   35  805  319  826  361  423  340  853  208  199  203  131  430  827  572  859  255  737  917  969  985  585  303  983  607   56  387   30   37  128  757  474  586   73  257  870    1  719  304  462   39  904  745  801  298  374   60  896  934  888  667  414  527  608  301  320  845  676  804  202  798   97  377  478  596  723  518  263  359  473  292  874  694  892  290  576  152  519  989  744  494  698  318  508   30  849  933  766  416  907  
 69  579  473  481  725  740  311  752  125  345  309  244  465  468   80  532  752  149  593  247  741  998  180  487  861  224  703  882  131  864  711  633  457  910    0  437  833  940  953  548  633  715  880  213  305  820  303  632  310  697   15  988  258  392  912  546  452  127  437  876  502  262  664   75  783  446  588  338  197  391  327  149  138  956  364  249  340  618  803  941  261  297  223  331  280  566  204  108  531    6   18  836  104  733  730  455  851  961  301  779  858  240   13  117  726  665  374  689  379  790  302  375  674  216  835  186  369  889  682  748  624  270  140  971  296  
883  724  911  595  497   52  734  260   15  110  718  343  782  586  380  115  485   85   54  378  561  322  874  998  927  925  199  805  605  316  719  474  367   35  437    0  718  629  298  793  236  977  409  476  714  245  236  293  501  618  982  540  351  943  125  338  575  979  568  480  950  935  879  809  670  854  787  637  306  794  764  555  162  422  328  827  647  863  848   37    4  383  445  202  751  571  520  681  747  652  873  694  560    0   94  612  274  668  188  740   64  300  309  617   79  558  560  795   47  561  270  961  558   51  409  773  597  785  929   23  953  542  778  919  982  
128  816  295  248  185  874  801  462  538  375  450  620  219  700  957  751  749  192   64  589  219  443  365  191  697  243  474  791  220   86  463   27  772  805  833  718    0  394  901  467  968  967  165  427  747  302  222  647  153  680  149  598  251  540  393  757  393  769  658  561  616  957  126  227   94  731  880   46   62  975  861  937  642  377   23  616  814  284  656  908  756  565   75  527  887  848  125  224  521   99  731  945  513  125  653  921  387  703  820  887  365  566  224  689   79  269  893  732  129  589  481  931  430  661  929  691  204  519  366  396   34  983  971   98  588  
426  800  356  295  876   76  722  459  116  292  902  741  548  415  328  850  351  960  940  967  929  898  143  638  174  705  744  560  769  156  375  657  188  319  940  629  394    0  111  161  437  425   11  777  597  727  458  261  686  344  151  591  549  665  550  996  693  801  550  615  476  304  536  680  789  353  792  717   56  456  311  190  919  890  326  839  770  842  825  958  280   42  962  930  844  190  792  478  891  285   31  505  485  564  831   30  160  589  387  853   66  219  534  253  720  967  513  961  892  885  597    3  795   33  664  242  866  456  516   68  629  651  279  867  236  
401  978  892  225  745  455  854  988  665  412   21  724  932   87   10  305  194  136  950  646  822  656  626  599  144  703  677  553   77  364  758  760  906  826  953  298  901  111    0  955  724  674  306  548  332  877  469  306  739  280  251  493  174   29  433  506  189  138  633   55  366  256  397  940   34  168  952  398  303  936  918  131  378  889  719  308  710  464  931   32  406  991  576   12  689   16  595  784   87  213  704  376  552   51  158  572  945  121  158    8  929  189  299  553  984  892   28  803  278  907  603  390  690  576  593  437  849  120  374  538  314  394  848  979  715  
604  318  926  667  856  677   82  301  227  851  585   49   24  426  885  352   37  351  955  205  739  222  517  835   93  790  687   52  291  815  824  479  503  361  548  793  467  161  955    0  715  785  997  897  507  470  358  735  659  922  353  354  778  274  331  143  388  429  284  797  720  608  645  455  596  365  938  944   56  386  870  123   48  366  494  295  261  494  737  261  620  107  696  562   47   10  318  108  146  387  280  391  987  385  489  217  236    4   69   79  950  180  389  998  400  521  841  260  956  487  802  721  826  104  288  159  191  710  387  464  743  917  907   30  165  
 60  670  759  779  836  740    3  539  698   19  743  626   27  901  764  653  470  226  376  932  294  928   83  281  537  405  137  785  878  127   45  315  208  423  633  236  968  437  724  715    0  633  881  977  391  267  414   86  444  269  220  654  320  154  814  176  355  761  113  442  416   62   72   12  182  396  957  776  234  173  360  919  971  377  192  258  241  124  981  899  951  797  154    7  267  538  676  608  455  585  714  395  580   69  798  930  163  316  405    7  878  680  681  156   30  783  219  973  758   58  389  552  285  340  360  120  726  920  459  661  264  756  768  325  961  
656  904  846  713  369  148  110  920  920  374   57  582  202  760  296  685  427  541  872  237  933  779  190  290  431  904  771  778   94  491  782  507  524  340  715  977  967  425  674  785  633    0  735  144  966  745  580  660  106  266  535  442  125  958  244  856  688  778  548  615   44   11  247  657  760  385  624   97  550   70   77  325   44  191  401  492  981  661  578  555  934  148  157   84  895  311  571  262   11  445  868  653   96  118  873   53  964  365  979  333  493  887  932   32  685  309  290  377  425  142  280  232  691  472  966   43  878  764  253  343  486  989  559   26  385  
749  851  297  138  361  128  649   33  359  551   35  415  461  908  392  117   84  957  442  288   48  832  352    8  275  760   35  245  820  557  674  408  476  853  880  409  165   11  306  997  881  735    0  444  579  179  666  884  200  343  534  597  470  827  894  119   60  943  169  387   86  995  262  755  458  174  986  142  910  535  875   56  206  548  370  839  187  911  729  159  986  904   69  631  344  392  548  910  223    6  829  703  436  608  488  219  119   22  354   91  481  175   81  543    6  395  691  731  685   95  962   84  102  227  719   54  518   33  891  887  212  822  803  493  136  
 96  306  972   21  753   47  905  592  206   76  954   95  383  821  610  741  877  855  761  434  516  171  425  913  849  379  439  593  557  213  332  896  862  208  213  476  427  777  548  897  977  144  444    0  725  621  632  736  105   89  782  234  164  631   27  899  965  709  196  637   65  142  685   57  630  583  820  804  145  113  399  470  336  429  536  120  867  490  331  297  233  230  192  768  513  461  351   26  549  674  215  775  762  794  982  761  636  676  890   28  379  812  819  469   87  988  294   59  718  749  286  919  424   52  269  211  604  334  978  759  917  186  522   17  268  
 34  424  827  682  653  706  673   59  476  142  603  574  395  289  524  630  501  381  823  753  194  390  311  159  244  338  340  492  892  949  493   34  450  199  305  714  747  597  332  507  391  966  579  725    0  520  827  165  786  433   11  419  537   98  951  436  467  990  390  205  345  917    1  723   21  474  194   29  601  422   50  846  248  331  446  779  331  624  371   31  166  188  932  382  781  522  728  516  773  273  528  539  635  860   86  120   72   58  863   18  757  306  384  902  845  359  226   13  260  449  331  944  920  526  405  894  378  641  710  402  740  499  715  421  799  
441  966  480  279  231   59  576  960  528  529  644  809  459  867  323  176  608  605  768  963  963  677  569  231  270  849  521  627  853  755  983  377  690  203  820  245  302  727  877  470  267  745  179  621  520    0  732  603  123  432  866  129  498  317  628  746  594  270  601   13  963  758  480  269  707  656  765  141  700  763  378   80   37  347  153    0   21  493  663  672  376  596  174   41   88  542   67  536  608  145  461  788  590  223  908   35  481  606  198  816  128  541  906  715  164  789   17  584  503  792  938  796  297  474  307  762  988  688  751  315  179  376  952   98  691  
549  853  594  138  687  450   74   53  651  212   31  298  337  186  206  181  985   27  428  633   14  453  917  863   33  653  437  304  803  138  408  934  678  131  303  236  222  458  469  358  414  580  666  632  827  732    0  139  758  931  538  843  123  257  863  193  458  591  949  751  136  804  698  677  306  729  303  118  955  681  454  970  238  897  275  947  446  725  817  922   26   41  918  587  414  358  266  575  826  968  889  848  608  777  925  289  137  680  493  543  197  384  774  329  739   10  256  215  241  634  984  160  302   62  593  847  153  803  578  707  100  132  857  736   86  
324  531  112  722  205    8  144  122   49   90  919  134  751  205  839  546  412  501   61   14  107  212  987  154   24  879  151  285  284  241  497  215  594  430  632  293  647  261  306  735   86  660  884  736  165  603  139    0  396  143  325   62  420   13  195  771  708  170  476  589  674  764  111  333  213  842  927  607  537  901  198  751  412   98  235   54  276  318  929  952  570  754   68   55  247   69  310  711  788  548   76   64  654  796  816  218  788  894  271  899  735  283  264   91  594  969  588  859   67   27  625  886  356  314  697  197  444  601  306  413  321   66  454  859  316  
339  515  720  329  849  541  415  229  943   63   94  667  288  590  944  314  746  708  620  485   60  408  628  283  837  308  681  280   40  490  983   89  928  827  310  501  153  686  739  659  444  106  200  105  786  123  758  396    0  768  866  446  519  410  737  601  456  830  166  172   65   75  839  271  228  606  440  469  567  442  895  839  791  705  662   47  213  243  829  918  390  912   17  210  153  494  186  829  509  615  670  571  475  720  984  112  817  665  326  267  683  760  618   96  400  883  882   51  445  270  337  911  411  575  966  790  829   18  696  706  592  964  159  183  742  
444  678   58  799  756  286  959   86  569  761  366  506  405  869  666  422   31  618  307  786  944   50  501  679  441  972  902  496  539  940  506  647  172  572  697  618  680  344  280  922  269  266  343   89  433  432  931  143  768    0  338  141  239  376  201   29  162  121  212  731  426  776  546  270  851  267  802  357  191    7  527  269  400  790  721  276   79  370  986  666  835  384  975  883  429  971  707   50   94  515  388  998  821  236  460  966  493  742  760  334  605   96  663  638  542  560  724  751  831  719   85  103  148   50  749  608  120  472  983  481  839  907  482  631  442  
407  105  476  701  783  601   74  545   54  974  151  806  295  187  909  953   17  529  410  752  108  375  324  810  270  964  706  695  449  744  823  193  839  859   15  982  149  151  251  353  220  535  534  782   11  866  538  325  866  338    0  994  532  695  851  384  599  155  222  401  940  466  507  949  659  253  928  881  274   36  257  136  832   13  651  117  714  933  880  212  939  285  397  445  293  350  382   54  636  262  329  965  860  474  580  610  667  509  335  601   47  152  195  812  914  179  817  216  671  917   74  643   25  439  532  804  357   80  471  916  640  902  521  768  914  
 31  276  659  179  863  126  641   32  736  191  115  273   52  518  239  931  924   64  413   35  889  936  615  873  883  165  265  844  225  314  325  898  983  255  988  540  598  591  493  354  654  442  597  234  419  129  843   62  446  141  994    0  559   14  822  845  893  268   98  354  612  148  681  173  840  478  230   62   58  763  855  772  608  180  947  894  249   31  540  408  968  390  616  990   68  187  701   19  141  347  155  499  992  472  410  293    3  610  717  790  668  314  577  950  896  634  767  231  151  779  768  169  541  350  490  627  246  219  194  687  523  364  833  242  337  
943  636   90  750  325   51  261  931  958  306  227  408  280  582  163  721  482  349  379  732  785  173  923  675  321  748  906  441   37  423  169  786  899  737  258  351  251  549  174  778  320  125  470  164  537  498  123  420  519  239  532  559    0  293  371  236   75  692  797   89  228  193  512  828  365  494  422  319  174  234  229   64  712  119  709  745  184  875  952  939    6  275  692  470   46  548  523  598  350  324  938  928  851  754  487  324  242  193  646  341  225  756  671  698  228  115  701  502  598  526  973  767   71   19  695  220  615   90  242  134  643  533  571  894  758  
797  775  484  671  886  964  570  893  906  764  623  896  184  899  508   25  749  171  306  190  427  562  840  948  402  882  924  163  591  369  234  852  495  917  392  943  540  665   29  274  154  958  827  631   98  317  257   13  410  376  695   14  293    0  674  308  436  942  726  299  228  319  808  170  725  185  995   31  655  325  547  586  844  971  450  299  629  354  843  334  464  933  874  190  938  715  463  199  770  952  433  808  485  641  280  974  135  580   24  454  289    9  814  206  556  212  781  444   61  606  782  641  430  280  840    2  937  528  255   52  647  626  695  629  912  
169  721   99  719  430  662  900  498  380  959  220  294  543  649  487   99  381  964  143  225  752  564  570  577  894  346  865   89  385  259  193  169  994  969  912  125  393  550  433  331  814  244  894   27  951  628  863  195  737  201  851  822  371  674    0  174  995  124  270  656   64  551  249  505  809  260  326  199  261  981  256  736  266  819  263   17  903  614  855  200  533  147  309  425  627  169    4  238  644  611  787  982  132  758  798  321  719  237   79  445  353  314  195  522  502  149   42  746  824  142  781  245  491  654   91  487  647  410  148  638   54  644  943  918  630  
779  324  474  447  938  296   42  584  409  471  367  796  714  387  806  171  759  579  610  721   92   39  296  127  844  615   93  204  945   33  575  478  536  985  546  338  757  996  506  143  176  856  119  899  436  746  193  771  601   29  384  845  236  308  174    0  682  746  304  515  404  274   96  494  479  826  274  462  685  976  450  945  324  726  547  231  729  840  156  193  446  411  864  516  577   33  801  751  257  571  853  706  693  608  648  852  479  786  944  624  460  586  742  770  361  722  920   35  653   27  774  704  282  509  894  784  775  447  682  187  162  815  787  334  484  
706  484  424   91  898  520  964  904  409  683  503  836  121  535  733  305  304  186  680  921  256  786  296  627  266  546  351  878  807  465  741  553  646  585  452  575  393  693  189  388  355  688   60  965  467  594  458  708  456  162  599  893   75  436  995  682    0  989  250  186  318   84   56  886  597  923  468  212  328   98  150  580  171  681  304  995  372  592  158  221  938  950  407  397  234  116  445  278  562  703   72  423  492  102  988  145    4  280  157  153  962  149  296  587  430  188  742  210  119  762  355  721  282  618  346  483  256  633  665  245  631  367  328  859  817  
244  591   12   14  943  741  360  508  838  381  165  999  391  526  581  570  763  707  637  539  416  338  642  129  591   58  463  732  945  692  983  545  951  303  127  979  769  801  138  429  761  778  943  709  990  270  591  170  830  121  155  268  692  942  124  746  989    0   35  460  502  411  273  125  750  186  246  364   45   59  825  961  261  846   14  429  407  452  470    9  955  343   24  446  929  480  611  147  841  902  937  656  680  178  338  628  617  404  294  963   37  244  798  949   55  952  121  559  757  648  341  386   66   83  913  445  710   50  990  112   28  634  333  491  216  
233   86  588  710  385  377  409  781  483  436  614   84   41  836  699  451  577  458  903  348   90  821   42  726  470  979  642  376  958  561  196  688  971  983  437  568  658  550  633  284  113  548  169  196  390  601  949  476  166  212  222   98  797  726  270  304  250   35    0  325  935   76  228  697  663   38  684  794  321  634  955  229  420  242  246  195  256  757  382  592  964   44  838  540  387  793  474  477  549  902  201  466  120  315  331  854  596  164  472  947  512  651  820  882  289   32  272  860  500  677  483  396  514  632  856  338  591  956  606   91  793  579  449  276  991  
720  457   89  455  154  411  338  644  156  362  737  154  533  877  981  981  592  744  724  590  528  850  762  949  794  759  772  670  131  920  176  494  409  607  876  480  561  615   55  797  442  615  387  637  205   13  751  589  172  731  401  354   89  299  656  515  186  460  325    0  260  719  921  945  638   92  732  917  109  386  716  716  280  835  328  769  672  128  529  506  288  715    3  131  342   98  415  302  461  424  767  694  222  743  988  573  889   12  315  866  474  300  682  948  811  679  459  852  850  761  149  646   44  422  510  376  325  688  296  799  831  718  696  581  529  
628   67  973  452  594  548  943  650  139  315  472  142  365  286  672  995  851  679  515  383   87  828  341  307  437  303   63  687  767  489  644  764   23   56  502  950  616  476  366  720  416   44   86   65  345  963  136  674   65  426  940  612  228  228   64  404  318  502  935  260    0  946  204  627  805  460  940  716  951  129  427  782   50  622  247  918  118  570  905  633  694  782  505  162  500  583  831  723  950   24  801  540  655  581  926   71  405  526  818  134   62  770  256  430  172  169  537  593  779  401  193  572  163  660  427  445  875  261   87   85  592  749  905  905  468  
821  173  129   19  108  835  364  389  470  422  856  338  961  944  782  122   53   73  502  373  540  481  982  692   59  747   41  428   56  706  775   30  812  387  262  935  957  304  256  608   62   11  995  142  917  758  804  764   75  776  466  148  193  319  551  274   84  411   76  719  946    0  628  258   98  667    3  330  263   23  281  741  949  942  700  284  188  212  656  780  824  327  718  327  839  347  223  754  279  788  404  905  319  769  816  390  398  392  866  595  509  288  985  307  643  694   36   55  243  773  526  825  457  738  799  750  860  801  973  932  600  728  773  806  531  
346  660  307  251   44  699  938  339  275  572  816  832  228  173  172  381  933  481  589   12   47  190  762  991  246  362  607  281  309  238  624  963  873   30  664  879  126  536  397  645   72  247  262  685    1  480  698  111  839  546  507  681  512  808  249   96   56  273  228  921  204  628    0  962  385  826  906  733  273  722  951  583  358  722  777  452  217  737  427  298  488  719   21  670  976  548  660  486  651  733  217  758  314  648  281  943  343  321  768  952  225  515  559  751  903  542  478   60  151  171  179  425  336  633  459   40  149  239  227  964  208  920    6  501  325  
