30

   0    23    12   789   272   255   280   625   611   605  1163  1181   736   732   738   566   537   537  1504   999  1014   815   823   578   178   793  1495  1531   787   388  
  23     0    31   811   284   267   291   646   633   627  1182  1200   756   752   758   588   558   559  1524  1002  1018   835   843   600   189   789  1517  1553   807   411  
  12    31     0   780   275   259   284   619   606   600  1161  1179   725   722   727   561   532   532  1500  1006  1021   804   812   569   168   802  1489  1525   784   382  
 789   811   780     0   759   765   771   373   408   392   827   854   155   156   156   408   414   417  1005  1356  1358   142   153   232   683  1341   836   873   572   444  
 272   284   275   759     0    18    15   479   453   455   933   949   760   757   762   417   393   392  1294   760   772   830   840   528   395   620  1337  1371   572   317  
 255   267   259   765    18     0    26   491   466   467   951   966   763   760   765   429   404   404  1311   770   783   833   844   534   383   622  1352  1386   589   322  
 280   291   284   771    15    26     0   487   460   463   934   949   773   770   776   425   402   401  1296   747   759   843   853   540   407   605  1343  1376   575   330  
 625   646   619   373   479   491   487     0    37    25   599   623   461   459   463    62    90    90   896   985   986   497   509   210   605   995   873   909   245   246  
 611   633   606   408   453   466   460    37     0    19   592   615   492   491   495    47    77    75   901   949   950   531   543   237   602   961   892   927   227   242  
 605   627   600   392   455   467   463    25    19     0   607   630   474   472   477    40    69    68   911   965   966   513   525   218   591   972   895   930   244   231  
1163  1182  1161   827   933   951   934   599   592   607     0    27   971   971   973   637   665   663   382   970   957   968   978   786  1186  1171   595   613   379   830  
1181  1200  1179   854   949   966   949   623   615   630    27     0   998   998   999   660   687   685   378   964   951   995  1005   811  1207  1173   607   624   400   852  
 736   756   725   155   760   763   773   461   492   474   971   998     0     4     3   478   475   478  1159  1419  1423    81    88   267   603  1367   984  1021   686   448  
 732   752   722   156   757   760   770   459   491   472   971   998     4     0     6   476   473   476  1161  1417  1421    84    91   264   600  1364   986  1023   685   445  
 738   758   727   156   762   765   776   463   495   477   973   999     3     6     0   480   477   480  1160  1422  1426    79    86   269   605  1370   984  1021   689   451  
 566   588   561   408   417   429   425    62    47    40   637   660   478   476   480     0    30    29   947   950   952   522   534   215   556   945   934   969   268   195  
 537   558   532   414   393   404   402    90    77    69   665   687   475   473   477    30     0     4   977   948   951   523   535   209   526   932   963   998   293   167  
 537   559   532   417   392   404   401    90    75    68   663   685   478   476   480    29     4     0   975   945   948   526   538   212   528   930   963   998   290   168  
1504  1524  1500  1005  1294  1311  1296   896   901   911   382   378  1159  1161  1160   947   977   975     0  1327  1312  1131  1139  1043  1501  1549   368   363   723  1141  
 999  1002  1006  1356   760   770   747   985   949   965   970   964  1419  1417  1422   950   948   945  1327     0    24  1470  1482  1154  1151   348  1556  1578   851   995  
1014  1018  1021  1358   772   783   759   986   950   966   957   951  1423  1421  1426   952   951   948  1312    24     0  1473  1485  1157  1164   372  1544  1566   847  1002  
 815   835   804   142   830   833   843   497   531   513   968   995    81    84    79   522   523   526  1131  1470  1473     0    13   320   683  1431   935   971   709   515  
 823   843   812   153   840   844   853   509   543   525   978  1005    88    91    86   534   535   538  1139  1482  1485    13     0   331   690  1443   939   976   721   526  
 578   600   569   232   528   534   540   210   237   218   786   811   267   264   269   215   209   212  1043  1154  1157   320   331     0   500  1116   953   990   452   213  
 178   189   168   683   395   383   407   605   602   591  1186  1207   603   600   605   556   526   528  1501  1151  1164   683   690   500     0   965  1449  1486   808   361  
 793   789   802  1341   620   622   605   995   961   972  1171  1173  1367  1364  1370   945   932   930  1549   348   372  1431  1443  1116   965     0  1720  1747   945   920  
1495  1517  1489   836  1337  1352  1343   873   892   895   595   607   984   986   984   934   963   963   368  1556  1544   935   939   953  1449  1720     0    38   792  1109  
1531  1553  1525   873  1371  1386  1376   909   927   930   613   624  1021  1023  1021   969   998   998   363  1578  1566   971   976   990  1486  1747    38     0   823  1145  
 787   807   784   572   572   589   575   245   227   244   379   400   686   685   689   268   293   290   723   851   847   709   721   452   808   945   792   823     0   455  
 388   411   382   444   317   322   330   246   242   231   830   852   448   445   451   195   167   168  1141   995  1002   515   526   213   361   920  1109  1145   455     0  

   0   931   139   779   444   830   807   172   946   895   848   463   386   233   273   202   475   438   329   622   859   354   777   470     0   582   105   422   733   428  
 845     0   757   646   423   681   744   349     0   812   137   539   874   370   242   948     0   630   875   918   108   915   662     0     0   325   498   165   319   408  
 781   691     0   451     0   662   153   484   513   882   804   554   358   273   151   944   216   666   617   922   394   170   310   993     0   669   730     0   399     0  
 398   222   882     0   470   684   770   265   938   122   875   739   408   982   212   345   577   697   166   776   202   729   411   629   474   173   120   345   379   981  
 324   332     0   336     0     0   545   879   983   181   981   754   122   469   136   821   905   640   657   607   754   910   932   705   980     0     0   751   330     0  
 644   621   248   511     0     0   413   579   628   746   106   211   765   665   709   992   306   836   232     0   530   577   961   437   336   164   501     0   785   328  
 686   129   613   350   502   571     0   795   365   280   663   219   177   200   559   215   784   422     0   130   907   562   440   149   438   355   962   783   281   696  
 244   236   470   413   675   967   593     0   411   836   690   978   780   140     0   477   147   340   577   508   488   804     0   638   695   486   652   357   316   424  
 632     0   325   840   872   361   335   309     0   380   280   319     0   687   350   609   844   162     0     0   242   442   381   603   695   377   721   620   262   891  
 875   937   103   102   890   500   674   408   348     0   399     0     0   720   813   578   599   908   808   352   146   677   886   938   256     0   271   712   651   367  
 127   732   284   292   960   164   217   433   891   535     0   219   167   461     0   433   705   187   795   539   813   539   273   131   424   511   636   864     0   750  
 228   782   426   725   857   552   235   830   166     0   213     0   462   373   524   749   598     0   700   507   163   437   383   918   479   448   215     0     0   376  
 627   955   818   512   646   264   695   957     0     0   327   141     0   883   349   398     0     0   578   107   356   241   726     0   426   524   322   662   614   849  
 681   687   780   483   964   523   776   475   314   742   731   369   832     0   675   402   319   770   172   790     0   880   844   307   949   314   809   107   579   700  
 453   832   879   125   277   718   766     0   337   564     0   426   604   735     0   643   107   205   162   177   697   388   861   991   905   439   929   404   606   129  
 165   211   653   899   116   840   346   236   574   137   148   893   880   399   914     0   241   831   981     0   338   601   708     0   811   899   436   521   848   772  
 390     0   961   140   161   152   413   356   908   994   761   247     0   783   718   481     0   887   647   506   517   462   557   498   525   941   924   539   591   731  
 823   512   769   945   232   439   104   401   763   202   533     0     0   529   368   648   927     0   227     0   633   616   411   713   230   991   122     0   192   169  
 527   347   169   560   604   663     0   228     0   701   433   580   769   278   483   728   851   970     0   630   562     0     0   471   722   493   509   628   967   858  
 823   504   566   172   928     0   716   942     0   904   546   919   298   212   489     0   881     0   250     0   226     0   479   162     0   145   184   786   753   746  
 271   462   360   342   666   420   411   366   525   581   812   648   295     0   340   798   374   793   606   816     0   481     0   868   854   201   411   235   284     0  
 708   102   248   859   515   862   857   597   789   328   842   680   628   531   969   978   303   763     0     0   571     0   516   235   785     0   775   778   821   114  
 311   924   640   553   134   290   372     0   322   201   598   397   776   539   519   840   418   270     0   511     0   784     0   334   160   779   665   409   149   571  
 295     0   864   512   591   609   974   895   226   615   827   296     0   557   915     0   168   866   981   479   671   919   868     0   603   809     0   267   868   828  
   0     0     0   937   316   846   417   185   136   419   516   887   984   373   919   541   904   836   409     0   168   340   804   797     0   215   819   180   489   917  
 415   214   539   127     0   427   229   387   523     0   716   454   714   600   367   315   633   717   232   353   662     1   133   539   405     0   338   244     0     0  
 654   444   891   685     0   615   935   960   832   150   782   641   623   504   192   611   851   960   931   416   195   472   670     0   525   735     0   363   297   335  
 894   473     0   982   425     0   707   136   447   846   898     0   876   350   137   300   870     0   601   758   778   777   252   390   445   912   845     0   104   628  
 371   656   730   875   196   577   448   717   234   912     0     0   885   117   943   270   240   418   280   488   796   116   283   597   675     0   281   464     0   803  
 631   225     0   156     0   650   228   100   710   324   764   632   312   581   475   977   100   383   716   296     0   132   819   611   948     0   494   780   513     0  
