30

   0    23    12   789   272   255   280   625   611   605  1163  1181   736   732   738   566   537   537  1504   999  1014   815   823   578   178   793  1495  1531   787   388  
  23     0    31   811   284   267   291   646   633   627  1182  1200   756   752   758   588   558   559  1524  1002  1018   835   843   600   189   789  1517  1553   807   411  
  12    31     0   780   275   259   284   619   606   600  1161  1179   725   722   727   561   532   532  1500  1006  1021   804   812   569   168   802  1489  1525   784   382  
 789   811   780     0   759   765   771   373   408   392   827   854   155   156   156   408   414   417  1005  1356  1358   142   153   232   683  1341   836   873   572   444  
 272   284   275   759     0    18    15   479   453   455   933   949   760   757   762   417   393   392  1294   760   772   830   840   528   395   620  1337  1371   572   317  
 255   267   259   765    18     0    26   491   466   467   951   966   763   760   765   429   404   404  1311   770   783   833   844   534   383   622  1352  1386   589   322  
 280   291   284   771    15    26     0   487   460   463   934   949   773   770   776   425   402   401  1296   747   759   843   853   540   407   605  1343  1376   575   330  
 625   646   619   373   479   491   487     0    37    25   599   623   461   459   463    62    90    90   896   985   986   497   509   210   605   995   873   909   245   246  
 611   633   606   408   453   466   460    37     0    19   592   615   492   491   495    47    77    75   901   949   950   531   543   237   602   961   892   927   227   242  
 605   627   600   392   455   467   463    25    19     0   607   630   474   472   477    40    69    68   911   965   966   513   525   218   591   972   895   930   244   231  
1163  1182  1161   827   933   951   934   599   592   607     0    27   971   971   973   637   665   663   382   970   957   968   978   786  1186  1171   595   613   379   830  
1181  1200  1179   854   949   966   949   623   615   630    27     0   998   998   999   660   687   685   378   964   951   995  1005   811  1207  1173   607   624   400   852  
 736   756   725   155   760   763   773   461   492   474   971   998     0     4     3   478   475   478  1159  1419  1423    81    88   267   603  1367   984  1021   686   448  
 732   752   722   156   757   760   770   459   491   472   971   998     4     0     6   476   473   476  1161  1417  1421    84    91   264   600  1364   986  1023   685   445  
 738   758   727   156   762   765   776   463   495   477   973   999     3     6     0   480   477   480  1160  1422  1426    79    86   269   605  1370   984  1021   689   451  
 566   588   561   408   417   429   425    62    47    40   637   660   478   476   480     0    30    29   947   950   952   522   534   215   556   945   934   969   268   195  
 537   558   532   414   393   404   402    90    77    69   665   687   475   473   477    30     0     4   977   948   951   523   535   209   526   932   963   998   293   167  
 537   559   532   417   392   404   401    90    75    68   663   685   478   476   480    29     4     0   975   945   948   526   538   212   528   930   963   998   290   168  
1504  1524  1500  1005  1294  1311  1296   896   901   911   382   378  1159  1161  1160   947   977   975     0  1327  1312  1131  1139  1043  1501  1549   368   363   723  1141  
 999  1002  1006  1356   760   770   747   985   949   965   970   964  1419  1417  1422   950   948   945  1327     0    24  1470  1482  1154  1151   348  1556  1578   851   995  
1014  1018  1021  1358   772   783   759   986   950   966   957   951  1423  1421  1426   952   951   948  1312    24     0  1473  1485  1157  1164   372  1544  1566   847  1002  
 815   835   804   142   830   833   843   497   531   513   968   995    81    84    79   522   523   526  1131  1470  1473     0    13   320   683  1431   935   971   709   515  
 823   843   812   153   840   844   853   509   543   525   978  1005    88    91    86   534   535   538  1139  1482  1485    13     0   331   690  1443   939   976   721   526  
 578   600   569   232   528   534   540   210   237   218   786   811   267   264   269   215   209   212  1043  1154  1157   320   331     0   500  1116   953   990   452   213  
 178   189   168   683   395   383   407   605   602   591  1186  1207   603   600   605   556   526   528  1501  1151  1164   683   690   500     0   965  1449  1486   808   361  
 793   789   802  1341   620   622   605   995   961   972  1171  1173  1367  1364  1370   945   932   930  1549   348   372  1431  1443  1116   965     0  1720  1747   945   920  
1495  1517  1489   836  1337  1352  1343   873   892   895   595   607   984   986   984   934   963   963   368  1556  1544   935   939   953  1449  1720     0    38   792  1109  
1531  1553  1525   873  1371  1386  1376   909   927   930   613   624  1021  1023  1021   969   998   998   363  1578  1566   971   976   990  1486  1747    38     0   823  1145  
 787   807   784   572   572   589   575   245   227   244   379   400   686   685   689   268   293   290   723   851   847   709   721   452   808   945   792   823     0   455  
 388   411   382   444   317   322   330   246   242   231   830   852   448   445   451   195   167   168  1141   995  1002   515   526   213   361   920  1109  1145   455     0  

   0     0   243   308   402   633   989   993   197     2   317     0   632   680   295   829   211   570   311   662   400   562     0   143     0   841   901   514   808   687  
   0     0   176   232   442   638   960   278   643   718   449   756   844   115   688   545   628   305   774   579   719   783   341   541   475   879   607   815   867   577  
 854   638     0   438     0   763   256   782     0   908   715   236     0   447   234   549   848   334   871   610   301   204     0   326     0   916     4     0   462   884  
 466   323   825     0   741   778   691   258   288   796   498   937   139   889   761   113   253     0   652   968   502     0   634   392   982   504   965   991   736   672  
 782   209     0   418     0   738   383   343   454   580   848   818   670     0   711   304   781   717   428   831   714   143   181   281   533   454   331   262   186   660  
 133   644   920   551   830     0   441   381   741   302   155   485   856   416   928   873   128   242   957   548     0   339   770   180   246   256   129   685   196   772  
 494   523   593   179   478   228     0   707     0   113   975   832     0   878   140   982   488   117   603   292   514   720   405   404   263   481   140   282   856     0  
 142   712   485   442   151   866   170     0   592   778     0   220   896   656   461   316   940   538   466   980   390   743   252     0   595   291   858   561   310   923  
 368   687     0   161   702   324     0   731     0   766     0   887   274   163   525     0   820   690   714   215   793   785   317   340   479   143   552   254   739   109  
   2   323   514   581   724   614   823   497   957     0   392     0   553   742   155     0   371   115   381   108   917   287   688   221   375   175   703   611   704   944  
 157   439   320   183   179   465   461     0     0   118     0   705   293   708   469   756   859   652   372   907   883   252     0   540   864   472   857   920   755   844  
   0   395   537   255   214   833   547   492   200     0   566     0   294   682   486     0     0   885   951   972   835   766   550     0   179   935   752   880     0   948  
 357   925     0   299   110   900     0   198   665   462   653   816     0   268   593   192     0   589   686   945     0     0   859   450   931   374   400   305   612   186  
 443   346   121   805     0   796   822   234   647   787   542   992   947     0   455   186   273   434   865   969   940   452   989   191   133   526   687   182   153     0  
 206   797   143   182   745   920   893   452   478   235   119   200   864   182     0     0   233   956   493   759   111   118   131   735   749     0   457   480   315   104  
 512   623   940   231   167   252   537   722     0     0   662     0   721   305     0     0   883   478   318   890   758   773   363   237     0   841   370     0   781   127  
 889   481   530   651   257   546   655   420   848   504   852     0     0   535   396   197     0   205     0   925     0   475   246   641   378   780     0   684   689   721  
 489   616   440     0   530   938   306   268   638   291   809   395   603   147   154   610   696     0   643   262   679     0   599   258     0   503   348   534   385   352  
 851   486   251   285   761   152   133   471   135   572   916   679   329   557   475   987     0   599     0   681   376   341   780   482   474   835     0   274   511   570  
 329   162   523   177   666   388   163   149   947   136   245   608   521   366   978   366   400   874   505     0   399   794   504   427   728   894   640   828   876   470  
 674   442   357   920   855     0   932   534   971   231   973   113     0   833   867   831     0   125   648   280     0   186     0   672   863   904   749   818   794   893  
 170   354   371     0   267   911   459   551   490   101   641   758     0   749   844   700   462     0   623   922   837     0   949   394   714   731   519   617   936   515  
   0   500     0   986   658   950   433   501   315   645     0   423   405   579   229   699   525   664   480   481     5   532     0   752   197   625   630   766   132   253  
 377   862   334   611   734   297   330     0   982   243   892     0   145   627   681   513   977   406   669   341   587   829   376     0   703   108   506   869   661   902  
   0   692     0   282   298   993   168   448   431   467   189   684   459   251   519     0   514     0   173   629   685   687   257   840     0   283   212   102   512     0  
 340   279   418   803   134   368   510   208   302   390   475   600   303   736     0   430   692   263   123   280   159   196   693   907   803     0   614   542   638   448  
 208   347     0   935   575   143   248   565   572   206   400   558   464   340   242   865     0   790     0   530   106   808   149   589   928   444     0   271     0   400  
 258   827     0   138   543   390   152   672   920   974   286   424   413   520   424     0   424   725   695   972   336   333   773   933   215   130   756     0   474   320  
 563   479   334   270   480   283   865   542   180   863   758     0   316   948   457   904   517   940   281   180   883   172   442   934   120   536     0   582     0   392  
 450   362   985   905   945   450     0   576   189   830   562   232   629     0   742   103   517   426   249   643   243   806   579   907     0   378   777   405   321     0  
