30

   0    23    12   789   272   255   280   625   611   605  1163  1181   736   732   738   566   537   537  1504   999  1014   815   823   578   178   793  1495  1531   787   388  
  23     0    31   811   284   267   291   646   633   627  1182  1200   756   752   758   588   558   559  1524  1002  1018   835   843   600   189   789  1517  1553   807   411  
  12    31     0   780   275   259   284   619   606   600  1161  1179   725   722   727   561   532   532  1500  1006  1021   804   812   569   168   802  1489  1525   784   382  
 789   811   780     0   759   765   771   373   408   392   827   854   155   156   156   408   414   417  1005  1356  1358   142   153   232   683  1341   836   873   572   444  
 272   284   275   759     0    18    15   479   453   455   933   949   760   757   762   417   393   392  1294   760   772   830   840   528   395   620  1337  1371   572   317  
 255   267   259   765    18     0    26   491   466   467   951   966   763   760   765   429   404   404  1311   770   783   833   844   534   383   622  1352  1386   589   322  
 280   291   284   771    15    26     0   487   460   463   934   949   773   770   776   425   402   401  1296   747   759   843   853   540   407   605  1343  1376   575   330  
 625   646   619   373   479   491   487     0    37    25   599   623   461   459   463    62    90    90   896   985   986   497   509   210   605   995   873   909   245   246  
 611   633   606   408   453   466   460    37     0    19   592   615   492   491   495    47    77    75   901   949   950   531   543   237   602   961   892   927   227   242  
 605   627   600   392   455   467   463    25    19     0   607   630   474   472   477    40    69    68   911   965   966   513   525   218   591   972   895   930   244   231  
1163  1182  1161   827   933   951   934   599   592   607     0    27   971   971   973   637   665   663   382   970   957   968   978   786  1186  1171   595   613   379   830  
1181  1200  1179   854   949   966   949   623   615   630    27     0   998   998   999   660   687   685   378   964   951   995  1005   811  1207  1173   607   624   400   852  
 736   756   725   155   760   763   773   461   492   474   971   998     0     4     3   478   475   478  1159  1419  1423    81    88   267   603  1367   984  1021   686   448  
 732   752   722   156   757   760   770   459   491   472   971   998     4     0     6   476   473   476  1161  1417  1421    84    91   264   600  1364   986  1023   685   445  
 738   758   727   156   762   765   776   463   495   477   973   999     3     6     0   480   477   480  1160  1422  1426    79    86   269   605  1370   984  1021   689   451  
 566   588   561   408   417   429   425    62    47    40   637   660   478   476   480     0    30    29   947   950   952   522   534   215   556   945   934   969   268   195  
 537   558   532   414   393   404   402    90    77    69   665   687   475   473   477    30     0     4   977   948   951   523   535   209   526   932   963   998   293   167  
 537   559   532   417   392   404   401    90    75    68   663   685   478   476   480    29     4     0   975   945   948   526   538   212   528   930   963   998   290   168  
1504  1524  1500  1005  1294  1311  1296   896   901   911   382   378  1159  1161  1160   947   977   975     0  1327  1312  1131  1139  1043  1501  1549   368   363   723  1141  
 999  1002  1006  1356   760   770   747   985   949   965   970   964  1419  1417  1422   950   948   945  1327     0    24  1470  1482  1154  1151   348  1556  1578   851   995  
1014  1018  1021  1358   772   783   759   986   950   966   957   951  1423  1421  1426   952   951   948  1312    24     0  1473  1485  1157  1164   372  1544  1566   847  1002  
 815   835   804   142   830   833   843   497   531   513   968   995    81    84    79   522   523   526  1131  1470  1473     0    13   320   683  1431   935   971   709   515  
 823   843   812   153   840   844   853   509   543   525   978  1005    88    91    86   534   535   538  1139  1482  1485    13     0   331   690  1443   939   976   721   526  
 578   600   569   232   528   534   540   210   237   218   786   811   267   264   269   215   209   212  1043  1154  1157   320   331     0   500  1116   953   990   452   213  
 178   189   168   683   395   383   407   605   602   591  1186  1207   603   600   605   556   526   528  1501  1151  1164   683   690   500     0   965  1449  1486   808   361  
 793   789   802  1341   620   622   605   995   961   972  1171  1173  1367  1364  1370   945   932   930  1549   348   372  1431  1443  1116   965     0  1720  1747   945   920  
1495  1517  1489   836  1337  1352  1343   873   892   895   595   607   984   986   984   934   963   963   368  1556  1544   935   939   953  1449  1720     0    38   792  1109  
1531  1553  1525   873  1371  1386  1376   909   927   930   613   624  1021  1023  1021   969   998   998   363  1578  1566   971   976   990  1486  1747    38     0   823  1145  
 787   807   784   572   572   589   575   245   227   244   379   400   686   685   689   268   293   290   723   851   847   709   721   452   808   945   792   823     0   455  
 388   411   382   444   317   322   330   246   242   231   830   852   448   445   451   195   167   168  1141   995  1002   515   526   213   361   920  1109  1145   455     0  

   0   100   104   105   108   122   105     0   106   105   114   110   102   132   103   103   120   109   112   122     0   114   109   102   108   108   109   108   122   117  
 121     0   128   119   113   104   111   114   115   120   117   119   115   117   120   118   111   107   100   120   118   112   108   113   123   114   102   111   120   117  
 112   107     0   120   112   105   102   111   111   108   115   103   116   122   138   102   105   122   105   121   109   119   112   109   120   117   103   120   120   118  
 108   115   120     0   107   116     5   114   109   109   119   107   112   109   108   115   101   117   102   103   110   111   117   118   103   112   117   108   121   110  
 120   107   113   114    16   118   114   103   120   103   119   106   108   106   105   116   113   110     0   112   113   119   109   122   100   103   126   110   120   107  
 102   102   102   121   120     0   109   111   114     0   107   105   106   113   116   110   115   110   101   109   101   115   110   110   119     0   112   100     0   105  
 115   117   120     0   117   119     0   107   122   107   100     0   100   118   120   105   104   102   119   116   112   122   114   103   106   120   100   105   122   123  
   0   108   102   116   109   116   113     0   110   105   107   109   114   110   109   110   105   109   111     0   108   107   106   101   117   116   114   112   118   119  
 122   106   115   118   117   116   103   113     0   116   139   103   100   110   115   118     0   100   100   112   106   116   107     0   112   110   115   102   100   116  
 112   119   114   109   113     0   114   108   115     0   109   100     8   117   103   113   100   112   112   117   108   118   103   106   107   120   109   117   101   108  
 101   105   102   120   101   119   111   118   112   100     0   116   102   120   119     0   112   119   108   109   107   112   116   112     0   116   118   113   111   105  
 115   101   101   119   110   118     0   108   134   117   117     0   108   106   109   100   110   103   101   118   119   122   100   119   103   115   108   105   105   116  
 109   109   115   117   111   119   105   104   112     0   109   121     0   119     0   100   104   119   120   118   105   113   107   117   105   105   114   116   117   104  
 119   109   121   106   122   116   121   103   108   105   121   111   115     0   102   114   105   120   103   111   122   115   117   119   115   101   111   112     0   108  
 112   111   100   109   121   107   100   106   102   116   112   110     0   107     0   114   123   112   122     0   110   103   115   105   110   102   110   118   105   124  
 112   117   103   109   109   101   100   105   102   119     0   121   112   108   119     0   120   106   114   124   112   111   112   101   100   119   114   113   110   103  
 112   106   116   109   118   104   120   118     0   103   101   101   116   111   116   113     0   101   115   122   111   115   114   113   108   111   122   101   114   109  
 120   106   113   106   114   104   106   103   104   101   109   100   101   104   117   105   102     0   108   111   103   106   118   100   116   106   122   101   106   118  
 107   116   117   105     0   115   113   122   100   118   101   113   109   114   102   109   113   122     0   100   105   101   101   105   103   103   119   114   107   115  
 120   111   121   102   102   114   121     0   112   105   122   117   110   112     0   115   105   102   101     0   108   118   125   119   116   113   113   109   106   110  
   0   121   116   108   124   121   114   102   118   108   115   107   110   122   102   112   127   104   108   112     0   120   114   114   105   108   120   113   112   108  
 120   110   115   114   110   110   113   120   104   109   114   110   104   101   118   107   108   116   109   136   107     0   110   114   122   114   109   117   108   105  
 114   120   100   101   106   107   106   115   112   104   103   116   105   105   137   115   110   121   120   100   105   105     0   117   105   103   130   105   121   107  
 118   115   118   121   122   118   119   106     0   118   113   121   113   113   117   116   109   120   122   121   108   101   103     0   101   111   100   111   116   110  
 109   115   106   122   115   100   114   110   118   111     0   109   103   123   108   114   104   104   120   118   114   111   104   121     0   100   120     0   113   118  
 118   119   108   114   120     0   122   103   122   122   119   121   109   105   118   114   114   120   115   107   109   106   116   116   102     0   121   118   112   120  
 119   115   102   106   120   122   105   110   115   101   115   101   101   116   100   101   115   103   108   113   115   122   106   109   102   111     0   112   120   104  
 108   103   108   115   111   114   117   119   110   105   112   116   118   114   111   116   100   105   119   102   101   117   120   111     0   100   108     0   112   109  
 102   107   104   112   134     0   112   103   104   104   111   118   104     0   101   117   106   107   106   114   109   122   122   105   107   113   110   116     0   112  
 107   100   103   112   120   105   114   117   112   118   112   116   115   108   114   110   122   117   104   100   102   114   104   104   100   109   120   114   120     0  
