30

   0    23    12   789   272   255   280   625   611   605  1163  1181   736   732   738   566   537   537  1504   999  1014   815   823   578   178   793  1495  1531   787   388  
  23     0    31   811   284   267   291   646   633   627  1182  1200   756   752   758   588   558   559  1524  1002  1018   835   843   600   189   789  1517  1553   807   411  
  12    31     0   780   275   259   284   619   606   600  1161  1179   725   722   727   561   532   532  1500  1006  1021   804   812   569   168   802  1489  1525   784   382  
 789   811   780     0   759   765   771   373   408   392   827   854   155   156   156   408   414   417  1005  1356  1358   142   153   232   683  1341   836   873   572   444  
 272   284   275   759     0    18    15   479   453   455   933   949   760   757   762   417   393   392  1294   760   772   830   840   528   395   620  1337  1371   572   317  
 255   267   259   765    18     0    26   491   466   467   951   966   763   760   765   429   404   404  1311   770   783   833   844   534   383   622  1352  1386   589   322  
 280   291   284   771    15    26     0   487   460   463   934   949   773   770   776   425   402   401  1296   747   759   843   853   540   407   605  1343  1376   575   330  
 625   646   619   373   479   491   487     0    37    25   599   623   461   459   463    62    90    90   896   985   986   497   509   210   605   995   873   909   245   246  
 611   633   606   408   453   466   460    37     0    19   592   615   492   491   495    47    77    75   901   949   950   531   543   237   602   961   892   927   227   242  
 605   627   600   392   455   467   463    25    19     0   607   630   474   472   477    40    69    68   911   965   966   513   525   218   591   972   895   930   244   231  
1163  1182  1161   827   933   951   934   599   592   607     0    27   971   971   973   637   665   663   382   970   957   968   978   786  1186  1171   595   613   379   830  
1181  1200  1179   854   949   966   949   623   615   630    27     0   998   998   999   660   687   685   378   964   951   995  1005   811  1207  1173   607   624   400   852  
 736   756   725   155   760   763   773   461   492   474   971   998     0     4     3   478   475   478  1159  1419  1423    81    88   267   603  1367   984  1021   686   448  
 732   752   722   156   757   760   770   459   491   472   971   998     4     0     6   476   473   476  1161  1417  1421    84    91   264   600  1364   986  1023   685   445  
 738   758   727   156   762   765   776   463   495   477   973   999     3     6     0   480   477   480  1160  1422  1426    79    86   269   605  1370   984  1021   689   451  
 566   588   561   408   417   429   425    62    47    40   637   660   478   476   480     0    30    29   947   950   952   522   534   215   556   945   934   969   268   195  
 537   558   532   414   393   404   402    90    77    69   665   687   475   473   477    30     0     4   977   948   951   523   535   209   526   932   963   998   293   167  
 537   559   532   417   392   404   401    90    75    68   663   685   478   476   480    29     4     0   975   945   948   526   538   212   528   930   963   998   290   168  
1504  1524  1500  1005  1294  1311  1296   896   901   911   382   378  1159  1161  1160   947   977   975     0  1327  1312  1131  1139  1043  1501  1549   368   363   723  1141  
 999  1002  1006  1356   760   770   747   985   949   965   970   964  1419  1417  1422   950   948   945  1327     0    24  1470  1482  1154  1151   348  1556  1578   851   995  
1014  1018  1021  1358   772   783   759   986   950   966   957   951  1423  1421  1426   952   951   948  1312    24     0  1473  1485  1157  1164   372  1544  1566   847  1002  
 815   835   804   142   830   833   843   497   531   513   968   995    81    84    79   522   523   526  1131  1470  1473     0    13   320   683  1431   935   971   709   515  
 823   843   812   153   840   844   853   509   543   525   978  1005    88    91    86   534   535   538  1139  1482  1485    13     0   331   690  1443   939   976   721   526  
 578   600   569   232   528   534   540   210   237   218   786   811   267   264   269   215   209   212  1043  1154  1157   320   331     0   500  1116   953   990   452   213  
 178   189   168   683   395   383   407   605   602   591  1186  1207   603   600   605   556   526   528  1501  1151  1164   683   690   500     0   965  1449  1486   808   361  
 793   789   802  1341   620   622   605   995   961   972  1171  1173  1367  1364  1370   945   932   930  1549   348   372  1431  1443  1116   965     0  1720  1747   945   920  
1495  1517  1489   836  1337  1352  1343   873   892   895   595   607   984   986   984   934   963   963   368  1556  1544   935   939   953  1449  1720     0    38   792  1109  
1531  1553  1525   873  1371  1386  1376   909   927   930   613   624  1021  1023  1021   969   998   998   363  1578  1566   971   976   990  1486  1747    38     0   823  1145  
 787   807   784   572   572   589   575   245   227   244   379   400   686   685   689   268   293   290   723   851   847   709   721   452   808   945   792   823     0   455  
 388   411   382   444   317   322   330   246   242   231   830   852   448   445   451   195   167   168  1141   995  1002   515   526   213   361   920  1109  1145   455     0  

   0   150   706   249   448   201   225   189     0   395   500   765     0   653     2   136   110   277   216   614   604   724   458   558   723   395   389   359   286   180  
 311     2   150   748   238   515   538   527   454   574   185   437   390     0   493   384     0   291   291   157   318   683   372   494   163   376   567   575     0   229  
 626   488     0   329   456     0   394   577   310   326   308   160   674   433   512   507   154   589   734   464   733   191     0   601   116   346   448   121   281   569  
 639   573   447    21   231   100   491   769   556   592   360     0   592   512   665   709    20   504     0   118     0   469   431   512   672   591   158   623   758   349  
 599   754   143   592     0   278   580   361   765   614   737   460   571   136   716   703     0   216   277   121     0   291   735   479   716   544   539   257   169   531  
 238   251     0   723   655     0   611   298     0   633   440   549   317   758   516   342   181   223   721   139   432   705   486   609   408   508   199   212    18   368  
 584   221   633   543   423   366     0   579   753   707   571   316   281   603   594     0   236   661   467   282   293   343   204   397   720   647   326   567   115   409  
 537   733   168   134   546   323   480     0   458   512   465   394   378   623   268   158     0   637   742   234   714   241     0   688     1   189   385   675   568   239  
   1   746   653   339   747     0   553   223     0   736   225   432   435   306    24   483   339   410   638   560   508   243   698   621   197   337   247   496     0   672  
 425   631   227   478   136   187   392   317   481     8   672     0   445   750   686   127   276   223   186   207     0   447     0     0   263   310   189   503   401   452  
 473   421   578   705   138   204   121   422   270   143     2   716   739   748   475   617   629   193     0   399   737   734   670   159   742   718   495   729   163   596  
 405   394   736     0   617   240   181   387   716     0   600     0   255   416     0   544   134   622   171   451   365     0   499   360   772   183   408   234   478     0  
   0   701   211   524   417   122   759   406   221   250   168   592     0   428   150   386   394   623   441   134   692   513   637   562   484   200   148     0     0   576  
 212     0   309   375   532   724   407   472   577   725   451   395   110     0   576   319     0   394   122   706   217   183   722   494   273   424   355   769   496   540  
   0   584   305   442   279   696   415   523     0   689   689     0   270   244     0   387   459   744   368   657   637   544     0   204   417   241   120   202   144   424  
 282   219   528   481   659   437     0   324   551   558   180   222   283   340   318     0   343   568   664   181   632   328   655     0   294   141   446   399   519   570  
 165     0   763     0     0   106   646     0   525   502   524   207   408     0   296   369     0   677   156   232   189   479   106   124   339   148   552   510   323   455  
 425   475   199   179   718   519   531   691   418   630   282   165   673   518   347   329   303     0   656   287   328     0     0   445     0   487   391   475   125   182  
 168   608   127     0   613   262   169   271   267   661     0   353   244   642   700   752   470   647     0   124   726   728   671   545   428   649   570   736     0   151  
 603   146   361   694   462   559   133   595   697   626   686   513   465   629   466   155   267   439   769     0     0   538   258   537   191   630   238    30   255   328  
 407   404   307     0     0   133   683   340   498     0   411   395   481   207   555   770   673   728   657     0     0   259   375   563   312     0   696   221   431   137  
 540   421   759   231   429   373   554   563   737   111   372     0   709   373   349   190   670    19   346   654   226     0   374   174   402   360   382   736   615   312  
 469   565     0   565   513   331   260     0   559     0   653   333   532   420     0   292   312     0   448   459   250   516     0   673   213   594   360   444   492     0  
 673   146   619   481   168   574   489   405   566     0   304   591   445   364   651     0   565   622   650   252   326   217   176     0   232   256     0   234   556   152  
 550   565   185   432   656   512   445    15   224   354   243   196   568   717   328   761   557     0   516   757   323   482   672   264     0   758   185   733   474   505  
 100   543   694   353   440   571   342   542   211   618   597   468   284   440   253   363   252   684   755   381     0   141   320   622   331     0   181   467   195   598  
 347   350   136   678   665   630   209   439   726   430   589   472   452   640   424   558   251   697   260   426   336   683   444     0   291   161     0   740     0   215  
 258   487   436   562   623   212   142   472   224   722   636   511     0   190   634   453   381   137   253     0   403   121   544   340   417   721   617     0   738    12  
 656     0   404   297   376     0   700   733     0   410   347   469     0   752   174   227   718   443     0   127   655   707   257   390   595   551     0   703     0     0  
 580   173   442   698   736   423   210   401   645   565   188     0   178   381   472   321   762   424   421   135   175   322     0   507   326   474   598     0     0     0  
