30

   0    23    12   789   272   255   280   625   611   605  1163  1181   736   732   738   566   537   537  1504   999  1014   815   823   578   178   793  1495  1531   787   388  
  23     0    31   811   284   267   291   646   633   627  1182  1200   756   752   758   588   558   559  1524  1002  1018   835   843   600   189   789  1517  1553   807   411  
  12    31     0   780   275   259   284   619   606   600  1161  1179   725   722   727   561   532   532  1500  1006  1021   804   812   569   168   802  1489  1525   784   382  
 789   811   780     0   759   765   771   373   408   392   827   854   155   156   156   408   414   417  1005  1356  1358   142   153   232   683  1341   836   873   572   444  
 272   284   275   759     0    18    15   479   453   455   933   949   760   757   762   417   393   392  1294   760   772   830   840   528   395   620  1337  1371   572   317  
 255   267   259   765    18     0    26   491   466   467   951   966   763   760   765   429   404   404  1311   770   783   833   844   534   383   622  1352  1386   589   322  
 280   291   284   771    15    26     0   487   460   463   934   949   773   770   776   425   402   401  1296   747   759   843   853   540   407   605  1343  1376   575   330  
 625   646   619   373   479   491   487     0    37    25   599   623   461   459   463    62    90    90   896   985   986   497   509   210   605   995   873   909   245   246  
 611   633   606   408   453   466   460    37     0    19   592   615   492   491   495    47    77    75   901   949   950   531   543   237   602   961   892   927   227   242  
 605   627   600   392   455   467   463    25    19     0   607   630   474   472   477    40    69    68   911   965   966   513   525   218   591   972   895   930   244   231  
1163  1182  1161   827   933   951   934   599   592   607     0    27   971   971   973   637   665   663   382   970   957   968   978   786  1186  1171   595   613   379   830  
1181  1200  1179   854   949   966   949   623   615   630    27     0   998   998   999   660   687   685   378   964   951   995  1005   811  1207  1173   607   624   400   852  
 736   756   725   155   760   763   773   461   492   474   971   998     0     4     3   478   475   478  1159  1419  1423    81    88   267   603  1367   984  1021   686   448  
 732   752   722   156   757   760   770   459   491   472   971   998     4     0     6   476   473   476  1161  1417  1421    84    91   264   600  1364   986  1023   685   445  
 738   758   727   156   762   765   776   463   495   477   973   999     3     6     0   480   477   480  1160  1422  1426    79    86   269   605  1370   984  1021   689   451  
 566   588   561   408   417   429   425    62    47    40   637   660   478   476   480     0    30    29   947   950   952   522   534   215   556   945   934   969   268   195  
 537   558   532   414   393   404   402    90    77    69   665   687   475   473   477    30     0     4   977   948   951   523   535   209   526   932   963   998   293   167  
 537   559   532   417   392   404   401    90    75    68   663   685   478   476   480    29     4     0   975   945   948   526   538   212   528   930   963   998   290   168  
1504  1524  1500  1005  1294  1311  1296   896   901   911   382   378  1159  1161  1160   947   977   975     0  1327  1312  1131  1139  1043  1501  1549   368   363   723  1141  
 999  1002  1006  1356   760   770   747   985   949   965   970   964  1419  1417  1422   950   948   945  1327     0    24  1470  1482  1154  1151   348  1556  1578   851   995  
1014  1018  1021  1358   772   783   759   986   950   966   957   951  1423  1421  1426   952   951   948  1312    24     0  1473  1485  1157  1164   372  1544  1566   847  1002  
 815   835   804   142   830   833   843   497   531   513   968   995    81    84    79   522   523   526  1131  1470  1473     0    13   320   683  1431   935   971   709   515  
 823   843   812   153   840   844   853   509   543   525   978  1005    88    91    86   534   535   538  1139  1482  1485    13     0   331   690  1443   939   976   721   526  
 578   600   569   232   528   534   540   210   237   218   786   811   267   264   269   215   209   212  1043  1154  1157   320   331     0   500  1116   953   990   452   213  
 178   189   168   683   395   383   407   605   602   591  1186  1207   603   600   605   556   526   528  1501  1151  1164   683   690   500     0   965  1449  1486   808   361  
 793   789   802  1341   620   622   605   995   961   972  1171  1173  1367  1364  1370   945   932   930  1549   348   372  1431  1443  1116   965     0  1720  1747   945   920  
1495  1517  1489   836  1337  1352  1343   873   892   895   595   607   984   986   984   934   963   963   368  1556  1544   935   939   953  1449  1720     0    38   792  1109  
1531  1553  1525   873  1371  1386  1376   909   927   930   613   624  1021  1023  1021   969   998   998   363  1578  1566   971   976   990  1486  1747    38     0   823  1145  
 787   807   784   572   572   589   575   245   227   244   379   400   686   685   689   268   293   290   723   851   847   709   721   452   808   945   792   823     0   455  
 388   411   382   444   317   322   330   246   242   231   830   852   448   445   451   195   167   168  1141   995  1002   515   526   213   361   920  1109  1145   455     0  

   0   292   220   149     0   642   455   440   534     0   651     0   229   519    30   427   744   316   497   622   533   245   320   726   696   388   650   108   174   190  
 304     0     0   709   433   757   643   646   212     0   432     0   536   591   410   522   532    21   396   658   639   681   467   594   718   459   432     0   357   489  
 476     0     0   577   582   231   503   696   220   370   640   212   340   577   729   703   713   268   293   300   474   144   485   739   401   500   750   270   233   492  
 372   283   228     0   366   373     0     0   269   646   127   272   480   279   244    27   274     0   556   562   204   736   383   183   122   207   350   460   489   670  
   0   722   305   624     0   324   287     0   348   111   371   651   526   331   755   624   278   123   283   734   339   450   492   409   441   306   594   720   507   225  
 204   320   130   264   525     0   767   622   687     0   743   213   353   186   291     7   224   764   505   178   551   583   415   594   266   740   652   636   525   442  
 667   528   513     0   495   263     0   267   468   434   327   364     0   343   445   659   210   595     0   702   540   748   766     0   366   497   715   504   365   214  
 654   165   361     0     0   233   198     0   449   525   613   684   356   113   759   353   753   498   251   664   491   446   478   765   245   729   478   303   379   500  
 100   737   750   152   449   689   570   536     0   314   373   297   748   269   478   323   124   231   202   191   377   478   393   492   514   109   612   202   559   620  
   0     0   441   747   658     0   133   394   549     0   225   242   172   395   272   282   347     0   338   633   573   521   204   585   176   406   237   412   670   372  
 671   121   333   162   370   646   269   242   215   405     0   207   132   183   466   542   482   617     0   598   568     0   314   528   297   556   107   237   532   135  
   0     0   634   512   341   121   239   738   522   305   339     0   421     0   677   272   441   213   715   243   275   507   532   695   527   754   792   203   184   248  
 475   427   150   188   180   202     0   116   414   504   311   445     0   464   110   605   507   396     0   311   205   337   453   751     0   417   739   638   487   124  
 622   522   668   387   721   296   100   289   461   648   470     0   730     8   548   580   536   374   522     0   211    15   294   310   541   382     0   182     0   297  
   0   647   293   509   534   321   230   310   403   671   579   390   164   271     6   255   441   498   377   355   156   628   653   445   343   263   101   629   290   145  
 726   111   550     0   222     0   574   547   152   132   513   175   324   474   176    15   390   690   578     0   636     0   769   505   286   358   246   401   680   743  
 347   531   380   188   181   254   490   278   319   231   438   364   196   242   587   161     0     0   637   506     0   747   164   684   161   469   650     0   533   669  
 176     0   379     0   691   528   493   254   314     1   116   347   562   309   644   306    24     0   449   342   525   411   453   451   434   546   343   586   147   437  
 436   680   683   444   547   171     0   205   381   558     0   349     0   130   482   618   303   218     0   487     0   155   161   135   498   532   149     0     0     0  
 292   239   151   237   185   207   745   121   436   511   253   271   211     0   262     0   262   360   744     0   158   568   687   145   666   303   134   571   578   115  
 701   166   235   559   202   405   298   199   147   482   291   421   156   525   321   363     0   362     0   757     4     0   757   742   725   525     0   199     0   667  
 313   462   473   469   473   139   603   458   406   138     0   678   670     0   258     0   494   573   169   418    30     0   265   638   514   303   223    26    18   219  
 511   633   595   466   418   578   185   175   390   373   282   727   463   608   618   266   450   389   707   736   564   150     0   382   188   287   504   286   525     0  
 674   697   672   528   489   370     0   327   669   189   517   369   410   609   682   197   720   744   516   502   381   295   445     0   573     0   580   519   353   284  
 113   249   340   333   665   701   470   103   450   593   257   172     0   352   449   260   193   101   698   256   426   277   220   753     0   551   165   335   435   681  
 432   297   206   105   403   601   618   721   597   360   501   759   458   759   126   239   267   682   559   711   328   718   651     0   481     0   766   573   493   102  
 425   503   261   131   343   728   276   163   507   388   146   556   729     0   527   765   745   468   448   326     0   566   190   209   277   760     0   732     0   248  
 209     0   354   333   374   386   573   343   285   174   104   730   200   606   370   143     0   200     0   730   538     0   142   136   142   502   284     0   428   770  
 525   471   612   762   294   134   552   178   421   605   623   393   502     0   434   127   612   542     0   489     0     0   647   672   575   594     0   455    15     0  
 697   646   555   300   296   152   179   744   563   544   531   214   547   318   340   348   630   579     0   200   307   649     0   180   291   151   341   630     0     0  
